1 0.9282552083333333 0.2101851851851852 0.13411458333333334 0.16296296296296298
3 0.3364583333333333 0.20925925925925926 0.05 0.06851851851851852
3 0.383984375 0.3712962962962963 0.04348958333333333 0.07222222222222223
3 0.33541666666666664 0.37083333333333335 0.049479166666666664 0.06574074074074074
3 0.5696614583333334 0.17314814814814816 0.05026041666666667 0.05277777777777778
3 0.7936197916666666 0.3592592592592593 0.05963541666666666 0.09166666666666667
3 0.7173177083333333 0.5571759259259259 0.07109375 0.12638888888888888
3 0.6578125 0.5722222222222223 0.06822916666666666 0.1175925925925926
3 0.576953125 0.8090277777777778 0.061718749999999996 0.1087962962962963
3 0.6375 0.8296296296296297 0.06666666666666667 0.11851851851851852
3 0.787109375 0.7520833333333333 0.08880208333333334 0.11620370370370371
3 0.828125 0.6502314814814815 0.0703125 0.11342592592592593
3 0.66796875 0.27060185185185187 0.05677083333333333 0.07731481481481482
3 0.6127604166666667 0.2655092592592593 0.05364583333333333 0.07453703703703704
3 0.621484375 0.026157407407407407 0.037760416666666664 0.034722222222222224
3 0.669140625 0.12939814814814815 0.03984375 0.050462962962962966
3 0.766015625 0.10486111111111111 0.05078125 0.05787037037037037
