1 0.55546875 0.9143518518518519 0.0296875 0.05185185185185186
1 0.6092447916666667 0.9057870370370371 0.03411458333333333 0.055092592592592596
1 0.6819010416666667 0.8421296296296297 0.05286458333333333 0.07685185185185185
3 0.845703125 0.7138888888888889 0.04244791666666667 0.058333333333333334
3 0.3921875 0.3490740740740741 0.027083333333333334 0.03796296296296296
3 0.51875 0.12824074074074074 0.024479166666666666 0.03888888888888889
2 0.5138020833333333 0.021296296296296296 0.029166666666666667 0.04166666666666667
2 0.4764322916666667 0.06527777777777778 0.02786458333333333 0.03425925925925926
2 0.44869791666666664 0.15300925925925926 0.03177083333333333 0.04212962962962963
2 0.48971354166666664 0.29050925925925924 0.023177083333333334 0.03564814814814815
2 0.5328125 0.2326388888888889 0.034895833333333334 0.04583333333333334
2 0.356640625 0.4305555555555556 0.02578125 0.10462962962962963
2 0.49127604166666666 0.5516203703703704 0.05234375 0.059722222222222225
0 0.485546875 0.5997685185185185 0.039322916666666666 0.08009259259259259
0 0.46249999999999997 0.46828703703703706 0.04375 0.08842592592592594
0 0.41875 0.8090277777777778 0.0515625 0.08842592592592594
0 0.3944010416666667 0.6087962962962963 0.04453125 0.07314814814814816
0 0.38619791666666664 0.6729166666666667 0.043229166666666666 0.08472222222222223
0 0.326171875 0.6953703703703704 0.039322916666666666 0.07222222222222223
0 0.2934895833333333 0.6243055555555556 0.04635416666666667 0.0699074074074074
