3 0.5486979166666667 0.26689814814814816 0.03177083333333333 0.04027777777777778
3 0.10572916666666667 0.31342592592592594 0.0453125 0.03888888888888889
3 0.7328125 0.4689814814814815 0.03854166666666667 0.058333333333333334
3 0.5088541666666666 0.5731481481481482 0.05416666666666667 0.09074074074074075
3 0.409375 0.5400462962962963 0.040625 0.07453703703703704
3 0.44375 0.5750000000000001 0.04635416666666667 0.07777777777777778
3 0.40963541666666664 0.7388888888888889 0.050520833333333334 0.0962962962962963
3 0.37578125 0.6638888888888889 0.04583333333333333 0.08333333333333334
3 0.34283854166666666 0.7460648148148148 0.05234375 0.08935185185185185
3 0.07317708333333334 0.7555555555555555 0.07291666666666667 0.10648148148148148
3 0.2819010416666667 0.5493055555555556 0.04140625 0.07453703703703704
3 0.42018229166666665 0.3456018518518519 0.039322916666666666 0.050462962962962966
3 0.38671875 0.381712962962963 0.035416666666666666 0.05601851851851852
3 0.5463541666666667 0.3388888888888889 0.034895833333333334 0.04814814814814815
3 0.48190104166666664 0.3106481481481482 0.03619791666666666 0.049074074074074076
