1 0.5463541666666667 0.851388888888889 0.03229166666666666 0.049074074074074076
3 0.6701822916666667 0.06875 0.023177083333333334 0.030092592592592594
2 0.60546875 0.07199074074074074 0.03802083333333333 0.03194444444444445
3 0.5161458333333333 0.2574074074074074 0.027083333333333334 0.03796296296296296
3 0.819921875 0.7877314814814815 0.04401041666666666 0.06435185185185185
1 0.6260416666666666 0.8328703703703704 0.049479166666666664 0.08611111111111111
1 0.401171875 0.9141203703703704 0.05286458333333333 0.1726851851851852
2 0.564453125 0.48888888888888893 0.05546875 0.06296296296296297
0 0.21263020833333332 0.6513888888888889 0.04192708333333333 0.05277777777777778
0 0.36640625 0.6689814814814815 0.0296875 0.058333333333333334
0 0.35638020833333334 0.5493055555555556 0.028906249999999998 0.07361111111111111
0 0.38255208333333335 0.5921296296296297 0.019270833333333334 0.04722222222222222
0 0.4063802083333333 0.562962962962963 0.030989583333333334 0.062037037037037036
0 0.38763020833333334 0.487962962962963 0.03359375 0.06296296296296297
0 0.4596354166666667 0.5560185185185186 0.03177083333333333 0.062037037037037036
0 0.47604166666666664 0.5085648148148149 0.0296875 0.05601851851851852
0 0.54921875 0.39722222222222225 0.035416666666666666 0.07222222222222223
2 0.46640624999999997 0.3261574074074074 0.0359375 0.09305555555555556
2 0.6098958333333333 0.23032407407407407 0.021354166666666667 0.030092592592592594
2 0.6609375 0.17939814814814817 0.030208333333333334 0.046759259259259264
