3 0.7799479166666666 0.36574074074074076 0.04635416666666667 0.06944444444444445
3 0.849609375 0.687962962962963 0.08515625 0.11111111111111112
3 0.75546875 0.6787037037037037 0.08125 0.09537037037037037
3 0.6602864583333333 0.3421296296296296 0.04973958333333333 0.0712962962962963
3 0.60546875 0.41087962962962965 0.051041666666666666 0.059722222222222225
3 0.6489583333333333 0.44027777777777777 0.06302083333333333 0.07685185185185185
3 0.731640625 0.42476851851851855 0.06328125 0.07824074074074075
3 0.6796875 0.49930555555555556 0.06770833333333333 0.08472222222222223
3 0.588671875 0.5240740740740741 0.053385416666666664 0.07685185185185185
3 0.4889322916666667 0.45625000000000004 0.04765625 0.06064814814814815
3 0.2869791666666667 0.5722222222222223 0.04010416666666666 0.06759259259259259
3 0.8977864583333334 0.2423611111111111 0.06640625 0.09861111111111112
