3 0.4205729166666667 0.8125 0.0375 0.04722222222222222
3 0.36888020833333335 0.694212962962963 0.05286458333333333 0.09490740740740741
0 0.4725260416666667 0.950462962962963 0.08984375 0.1
0 0.5444010416666667 0.9087962962962963 0.05807291666666667 0.12037037037037038
0 0.5869791666666666 0.8828703703703704 0.0671875 0.11666666666666667
0 0.49388020833333335 0.78125 0.07682291666666667 0.13194444444444445
0 0.566015625 0.7766203703703703 0.07161458333333333 0.12268518518518519
0 0.49830729166666665 0.6673611111111112 0.08307291666666666 0.12361111111111112
0 0.6115885416666667 0.6803240740740741 0.07473958333333333 0.12731481481481483
2 0.5954427083333333 0.6449074074074075 0.12369791666666667 0.14351851851851852
0 0.6708333333333333 0.6548611111111111 0.06458333333333333 0.10324074074074074
0 0.7127604166666667 0.5951388888888889 0.08125 0.11712962962962964
0 0.78203125 0.5800925925925926 0.0546875 0.0962962962962963
0 0.8109375 0.5296296296296297 0.04895833333333333 0.0962962962962963
0 0.5432291666666667 0.5342592592592593 0.0671875 0.11018518518518519
0 0.6622395833333333 0.3261574074074074 0.057291666666666664 0.09027777777777778
0 0.7712239583333333 0.2939814814814815 0.055989583333333336 0.10925925925925926
0 0.18841145833333334 0.20162037037037037 0.04505208333333333 0.08009259259259259
0 0.21901041666666665 0.13912037037037037 0.046875 0.09305555555555556
0 0.2661458333333333 0.08935185185185185 0.052083333333333336 0.0962962962962963
0 0.30221354166666664 0.02199074074074074 0.04453125 0.043055555555555555
2 0.30859375 0.25439814814814815 0.0484375 0.13101851851851853
1 0.9520833333333333 0.8020833333333334 0.0953125 0.13842592592592592
