3 0.4850260416666667 0.8831018518518519 0.04973958333333333 0.08750000000000001
3 0.3966145833333333 0.6972222222222223 0.03333333333333333 0.04722222222222222
3 0.6463541666666667 0.4127314814814815 0.0375 0.051388888888888894
3 0.8270833333333333 0.3277777777777778 0.04010416666666666 0.06296296296296297
3 0.4186197916666667 0.7224537037037038 0.03359375 0.05601851851851852
3 0.4360677083333333 0.7740740740740741 0.03984375 0.058333333333333334
3 0.8587239583333334 0.9087962962962963 0.07734375 0.13055555555555556
3 0.7319010416666667 0.8766203703703704 0.07421875 0.12361111111111112
3 0.7432291666666666 0.6840277777777778 0.05416666666666667 0.06620370370370371
3 0.6854166666666667 0.6467592592592593 0.0484375 0.049074074074074076
3 0.7563802083333333 0.5532407407407408 0.05078125 0.0638888888888889
3 0.7157552083333333 0.5125000000000001 0.045572916666666664 0.05648148148148149
3 0.651953125 0.46944444444444444 0.03671875 0.05277777777777778
3 0.5873697916666667 0.5395833333333333 0.028906249999999998 0.050462962962962966
3 0.540625 0.6307870370370371 0.03854166666666667 0.06064814814814815
3 0.9563802083333334 0.4763888888888889 0.045572916666666664 0.06851851851851852
3 0.8291666666666666 0.649537037037037 0.043229166666666666 0.0638888888888889
3 0.5509114583333333 0.8960648148148148 0.06484375 0.08472222222222223
