3 0.63828125 0.35856481481481484 0.03854166666666667 0.055092592592592596
3 0.471484375 0.7807870370370371 0.04505208333333333 0.07453703703703704
3 0.5360677083333333 0.7395833333333334 0.04505208333333333 0.07453703703703704
3 0.6821614583333333 0.7185185185185186 0.053385416666666664 0.09166666666666667
3 0.677734375 0.6168981481481481 0.05234375 0.08101851851851852
3 0.760546875 0.6347222222222223 0.04765625 0.08240740740740742
3 0.6770833333333334 0.8543981481481482 0.04583333333333333 0.07453703703703704
3 0.7522135416666667 0.7837962962962963 0.04401041666666666 0.07592592592592592
3 0.5618489583333334 0.9689814814814816 0.05546875 0.06296296296296297
3 0.7013020833333333 0.9604166666666667 0.0671875 0.08009259259259259
3 0.925390625 0.3965277777777778 0.055989583333333336 0.05601851851851852
3 0.808984375 0.25324074074074077 0.03723958333333333 0.04722222222222222
3 0.5432291666666667 0.4759259259259259 0.034895833333333334 0.04259259259259259
