3 0.23684895833333333 0.28587962962962965 0.054427083333333334 0.07453703703703704
3 0.19049479166666666 0.44606481481481486 0.055989583333333336 0.04398148148148148
3 0.179296875 0.42685185185185187 0.04921875 0.0462962962962963
3 0.16979166666666667 0.4016203703703704 0.0421875 0.04027777777777778
3 0.04244791666666667 0.4326388888888889 0.07760416666666667 0.06620370370370371
3 0.28046875 0.39722222222222225 0.058854166666666666 0.08796296296296297
3 0.317578125 0.32037037037037036 0.047135416666666666 0.07314814814814816
3 0.6404947916666667 0.556712962962963 0.12942708333333333 0.19212962962962965
3 0.725 0.7037037037037037 0.08072916666666667 0.1175925925925926
3 0.715625 0.5831018518518519 0.07916666666666666 0.12638888888888888
3 0.6888020833333334 0.7722222222222223 0.07916666666666666 0.11018518518518519
3 0.7485677083333333 0.9518518518518518 0.08723958333333333 0.09722222222222222
3 0.957421875 0.5534722222222223 0.08515625 0.12638888888888888
3 0.8782552083333334 0.2337962962962963 0.05755208333333333 0.0712962962962963
3 0.8713541666666667 0.16226851851851853 0.04635416666666667 0.06435185185185185
3 0.9125 0.2976851851851852 0.071875 0.08240740740740742
2 0.8713541666666667 0.4668981481481482 0.11927083333333333 0.08009259259259259
