3 0.916796875 0.8743055555555556 0.05026041666666667 0.059722222222222225
3 0.6006510416666666 0.507175925925926 0.05546875 0.09861111111111112
3 0.257421875 0.21597222222222223 0.03567708333333333 0.047685185185185185
3 0.3307291666666667 0.06018518518518519 0.042708333333333334 0.0462962962962963
3 0.2696614583333333 0.5740740740740741 0.054427083333333334 0.07777777777777778
3 0.3416666666666667 0.4689814814814815 0.0515625 0.08148148148148149
3 0.112109375 0.600462962962963 0.03984375 0.04259259259259259
3 0.7962239583333334 0.9273148148148148 0.11848958333333333 0.1462962962962963
3 0.576953125 0.830787037037037 0.07630208333333333 0.13935185185185187
3 0.5209635416666667 0.5185185185185185 0.05859375 0.08518518518518518
3 0.566015625 0.2939814814814815 0.05026041666666667 0.08240740740740742
3 0.7115885416666666 0.38495370370370374 0.062239583333333334 0.0837962962962963
3 0.461328125 0.16273148148148148 0.03984375 0.06064814814814815
3 0.9515625 0.1763888888888889 0.08802083333333333 0.11388888888888889
3 0.6893229166666667 0.46319444444444446 0.06510416666666667 0.09953703703703703
