2 0.9311197916666667 0.30810185185185185 0.10338541666666666 0.11435185185185186
3 0.24322916666666666 0.2539351851851852 0.05677083333333333 0.06712962962962964
3 0.11028645833333334 0.6212962962962963 0.05234375 0.05555555555555556
3 0.2889322916666667 0.41921296296296295 0.05651041666666667 0.0699074074074074
3 0.23841145833333333 0.4131944444444445 0.05286458333333333 0.0763888888888889
3 0.49557291666666664 0.2164351851851852 0.053125 0.059722222222222225
3 0.5434895833333333 0.07962962962962963 0.03854166666666667 0.05185185185185186
3 0.30807291666666664 0.04282407407407408 0.03854166666666667 0.05324074074074074
3 0.3774739583333333 0.055092592592592596 0.039322916666666666 0.049074074074074076
3 0.533984375 0.3261574074074074 0.05026041666666667 0.05416666666666667
3 0.6005208333333333 0.3231481481481482 0.04635416666666667 0.0787037037037037
3 0.7141927083333334 0.3997685185185185 0.06015625 0.08009259259259259
3 0.8346354166666666 0.05694444444444444 0.053125 0.0712962962962963
1 0.837890625 0.26828703703703705 0.12630208333333334 0.16527777777777777
3 0.6880208333333333 0.16944444444444445 0.05572916666666666 0.05277777777777778
3 0.6421875 0.6081018518518518 0.071875 0.12268518518518519
3 0.58125 0.6303240740740741 0.08072916666666667 0.12268518518518519
3 0.48789062499999997 0.8993055555555556 0.05807291666666667 0.12916666666666668
3 0.5615885416666666 0.9060185185185186 0.07057291666666667 0.1574074074074074
3 0.7188802083333333 0.8078703703703703 0.09296875 0.13425925925925927
3 0.75625 0.6953703703703704 0.07916666666666666 0.12685185185185185
