3 0.5272135416666667 0.25601851851851853 0.028906249999999998 0.06296296296296297
3 0.473046875 0.22291666666666668 0.04244791666666667 0.03657407407407408
3 0.4393229166666667 0.2587962962962963 0.034895833333333334 0.04259259259259259
3 0.4497395833333333 0.35324074074074074 0.0453125 0.05277777777777778
3 0.48398437499999997 0.3689814814814815 0.05026041666666667 0.05925925925925926
3 0.2838541666666667 0.5326388888888889 0.049479166666666664 0.05416666666666667
3 0.298046875 0.5627314814814816 0.05651041666666667 0.05694444444444444
3 0.5484375 0.3599537037037037 0.04583333333333333 0.07175925925925926
3 0.379296875 0.5055555555555555 0.054427083333333334 0.08796296296296297
3 0.1640625 0.5467592592592593 0.0625 0.07222222222222223
3 0.7755208333333333 0.6833333333333333 0.15989583333333332 0.21296296296296297
3 0.8638020833333333 0.7296296296296296 0.08072916666666667 0.14351851851851852
3 0.8506510416666666 0.7935185185185185 0.08046875 0.13703703703703704
3 0.9029947916666666 0.8581018518518518 0.10078125 0.14953703703703705
3 0.41888020833333334 0.43726851851851856 0.04505208333333333 0.07731481481481482
3 0.443359375 0.48379629629629634 0.04869791666666667 0.08796296296296297
3 0.3423177083333333 0.39837962962962964 0.047135416666666666 0.06435185185185185
3 0.453515625 0.9675925925925927 0.09557291666666666 0.06574074074074074
3 0.46875 0.8851851851851852 0.059375 0.08703703703703704
