3 0.4845052083333333 0.8627314814814815 0.030989583333333334 0.04953703703703704
3 0.9289062499999999 0.8497685185185185 0.0359375 0.055092592592592596
3 0.8240885416666667 0.7131944444444445 0.02786458333333333 0.050462962962962966
2 0.04674479166666667 0.7395833333333334 0.047135416666666666 0.06435185185185185
1 0.6799479166666667 0.9437500000000001 0.059375 0.10324074074074074
1 0.6138020833333333 0.8592592592592593 0.0484375 0.08425925925925926
1 0.6186197916666667 0.6712962962962963 0.04244791666666667 0.06296296296296297
1 0.5376302083333333 0.5377314814814815 0.04973958333333333 0.050462962962962966
1 0.37005208333333334 0.5956018518518519 0.0484375 0.0699074074074074
1 0.220703125 0.5319444444444444 0.05286458333333333 0.06851851851851852
