3 0.4786458333333333 0.4027777777777778 0.04010416666666666 0.04814814814814815
3 0.9113281249999999 0.1988425925925926 0.09348958333333333 0.11898148148148148
3 0.6669270833333333 0.1726851851851852 0.10260416666666666 0.1574074074074074
3 0.352734375 0.5152777777777778 0.12786458333333334 0.17685185185185187
3 0.6927083333333334 0.5655092592592593 0.13072916666666667 0.18472222222222223
3 0.80703125 0.4655092592592593 0.14010416666666667 0.1625
3 0.40182291666666664 0.7736111111111111 0.09947916666666666 0.18981481481481483
3 0.5591145833333333 0.9099537037037038 0.1046875 0.18101851851851852
3 0.729296875 0.32430555555555557 0.09505208333333333 0.11990740740740741
3 0.029947916666666668 0.2423611111111111 0.05625 0.07546296296296297
3 0.3880208333333333 0.04722222222222222 0.04375 0.07037037037037037
