3 0.5630208333333333 0.27685185185185185 0.0609375 0.08981481481481482
3 0.4063802083333333 0.30439814814814814 0.06588541666666667 0.08009259259259259
3 0.612109375 0.2326388888888889 0.030989583333333334 0.04490740740740741
3 0.6522135416666667 0.23796296296296296 0.03723958333333333 0.03888888888888889
3 0.10625 0.41967592592592595 0.0734375 0.10972222222222222
3 0.203515625 0.31180555555555556 0.055989583333333336 0.06712962962962964
3 0.15130208333333334 0.3402777777777778 0.0328125 0.0462962962962963
3 0.45677083333333335 0.5791666666666667 0.09739583333333333 0.18055555555555555
3 0.771484375 0.6476851851851853 0.17786458333333333 0.2712962962962963
3 0.616796875 0.17314814814814816 0.08203125 0.09722222222222222
3 0.6455729166666666 0.09189814814814815 0.06822916666666666 0.07361111111111111
3 0.22083333333333333 0.16828703703703704 0.051041666666666666 0.05601851851851852
3 0.5138020833333333 0.24305555555555555 0.046875 0.08148148148148149
3 0.9450520833333333 0.49421296296296297 0.06822916666666666 0.07916666666666666
