3 0.7177083333333333 0.19652777777777777 0.0265625 0.031018518518518518
3 0.7092447916666667 0.14722222222222223 0.028906249999999998 0.03796296296296296
0 0.906640625 0.23495370370370372 0.04453125 0.07361111111111111
0 0.884375 0.1685185185185185 0.04375 0.08055555555555556
1 0.47682291666666665 0.7613425925925926 0.11354166666666667 0.21805555555555556
1 0.886328125 0.8618055555555556 0.10078125 0.17546296296296296
3 0.9328124999999999 0.9618055555555556 0.06458333333333333 0.07731481481481482
3 0.8653645833333333 0.42129629629629634 0.058854166666666666 0.04722222222222222
1 0.7686197916666666 0.38796296296296295 0.10234375 0.08611111111111111
1 0.37994791666666666 0.5856481481481481 0.05677083333333333 0.08518518518518518
1 0.4295572916666667 0.47685185185185186 0.05546875 0.07314814814814816
1 0.4419270833333333 0.3731481481481482 0.03229166666666666 0.03796296296296296
1 0.38645833333333335 0.4587962962962963 0.0375 0.04814814814814815
2 0.23684895833333333 0.6060185185185185 0.02578125 0.05185185185185186
3 0.29322916666666665 0.6370370370370371 0.030208333333333334 0.049074074074074076
3 0.30247395833333335 0.5972222222222222 0.020572916666666666 0.04814814814814815
3 0.16484375 0.6576388888888889 0.022395833333333334 0.02638888888888889
3 0.17161458333333332 0.688425925925926 0.027083333333333334 0.04259259259259259
3 0.19153645833333333 0.5423611111111112 0.023177083333333334 0.03194444444444445
3 0.5541666666666667 0.3988425925925926 0.034895833333333334 0.050462962962962966
