3 0.7963541666666667 0.882638888888889 0.10833333333333334 0.1763888888888889
3 0.8307291666666666 0.32199074074074074 0.10625 0.11712962962962964
3 0.8462239583333333 0.0525462962962963 0.07369791666666667 0.10416666666666667
3 0.7901041666666666 0.04722222222222222 0.07760416666666667 0.09351851851851853
3 0.7014322916666667 0.11597222222222223 0.07369791666666667 0.0837962962962963
3 0.6375 0.3541666666666667 0.04895833333333333 0.10092592592592593
3 0.582421875 0.2087962962962963 0.08463541666666667 0.06759259259259259
3 0.46328125 0.12407407407407407 0.06458333333333333 0.07407407407407407
3 0.31979166666666664 0.2127314814814815 0.08020833333333333 0.09861111111111112
3 0.4302083333333333 0.5041666666666667 0.09583333333333333 0.12407407407407407
3 0.35325520833333335 0.4703703703703704 0.08671875 0.11481481481481481
3 0.18346354166666667 0.6326388888888889 0.05026041666666667 0.06805555555555556
3 0.14127604166666666 0.26851851851851855 0.07369791666666667 0.09351851851851853
3 0.034375 0.49050925925925926 0.06822916666666666 0.11620370370370371
