3 0.49374999999999997 0.5467592592592593 0.035416666666666666 0.04351851851851852
2 0.7779947916666666 0.51875 0.06953125 0.0837962962962963
3 0.8544270833333333 0.6476851851851853 0.057291666666666664 0.062037037037037036
0 0.12447916666666667 0.6872685185185186 0.0734375 0.09305555555555556
1 0.020442708333333334 0.4678240740740741 0.040364583333333336 0.08935185185185185
1 0.303515625 0.23148148148148148 0.04973958333333333 0.0712962962962963
1 0.3983072916666667 0.819212962962963 0.055989583333333336 0.11157407407407408
3 0.9067708333333333 0.8925925925925926 0.06770833333333333 0.10648148148148148
3 0.90625 0.7618055555555556 0.06458333333333333 0.0976851851851852
3 0.712109375 0.8541666666666667 0.04244791666666667 0.06666666666666667
3 0.4393229166666667 0.9750000000000001 0.04010416666666666 0.05092592592592593
1 0.90703125 0.275 0.05677083333333333 0.07777777777777778
1 0.9111979166666666 0.1087962962962963 0.057291666666666664 0.07592592592592592
1 0.385546875 0.6467592592592593 0.039322916666666666 0.08055555555555556
1 0.9501302083333333 0.48726851851851855 0.05546875 0.07361111111111111
