1 0.943359375 0.20115740740740742 0.047135416666666666 0.0699074074074074
1 0.20546875 0.34467592592592594 0.05625 0.07453703703703704
1 0.7904947916666667 0.3289351851851852 0.05234375 0.07546296296296297
1 0.8328125 0.5229166666666667 0.04791666666666666 0.06435185185185185
1 0.777734375 0.17245370370370372 0.047135416666666666 0.06342592592592593
1 0.8430989583333334 0.23611111111111113 0.05182291666666666 0.0712962962962963
3 0.8157552083333334 0.9148148148148149 0.055989583333333336 0.10092592592592593
3 0.638671875 0.9215277777777778 0.038802083333333334 0.07453703703703704
3 0.803125 0.7895833333333334 0.04895833333333333 0.0837962962962963
3 0.9420572916666666 0.49583333333333335 0.04192708333333333 0.058333333333333334
3 0.6170572916666667 0.39375 0.028906249999999998 0.04490740740740741
2 0.6799479166666667 0.5738425925925926 0.0734375 0.06805555555555556
3 0.4140625 0.6476851851851853 0.03229166666666666 0.04814814814814815
3 0.7569010416666666 0.6837962962962963 0.04192708333333333 0.06296296296296297
