3 0.6110677083333333 0.9750000000000001 0.061718749999999996 0.05092592592592593
3 0.16341145833333334 0.545138888888889 0.037760416666666664 0.06342592592592593
3 0.5018229166666667 0.26157407407407407 0.034895833333333334 0.049074074074074076
3 0.5569010416666667 0.05439814814814815 0.028906249999999998 0.04027777777777778
3 0.7962239583333334 0.025462962962962965 0.04296875 0.049074074074074076
3 0.7286458333333333 0.2601851851851852 0.053125 0.049074074074074076
3 0.6302083333333334 0.17175925925925928 0.0640625 0.08888888888888889
3 0.5895833333333333 0.1738425925925926 0.040625 0.05416666666666667
3 0.4298177083333333 0.15972222222222224 0.03359375 0.049074074074074076
3 0.6444010416666667 0.4222222222222222 0.047135416666666666 0.0787037037037037
3 0.36328125 0.14537037037037037 0.03854166666666667 0.05185185185185186
3 0.5380208333333333 0.32222222222222224 0.058333333333333334 0.06481481481481481
3 0.8772135416666667 0.15324074074074073 0.05234375 0.07777777777777778
2 0.9458333333333333 0.42291666666666666 0.10833333333333334 0.11620370370370371
1 0.8782552083333334 0.3733796296296296 0.12578125 0.16898148148148148
3 0.5376302083333333 0.9712962962962963 0.06015625 0.058333333333333334
3 0.7635416666666667 0.9284722222222223 0.09375 0.11990740740740741
3 0.8037760416666666 0.8180555555555555 0.07265625 0.11851851851851852
3 0.7544270833333333 0.5081018518518519 0.0640625 0.09027777777777778
3 0.628125 0.7347222222222223 0.07395833333333333 0.12037037037037038
3 0.6880208333333333 0.7219907407407408 0.0734375 0.11990740740740741
3 0.344921875 0.513888888888889 0.05078125 0.06851851851851852
3 0.30416666666666664 0.35000000000000003 0.052083333333333336 0.0712962962962963
