3 0.7795572916666667 0.21203703703703705 0.04244791666666667 0.04259259259259259
3 0.8716145833333333 0.9296296296296297 0.10677083333333333 0.13796296296296298
3 0.8520833333333333 0.7895833333333334 0.08645833333333333 0.16805555555555557
3 0.7634114583333333 0.732175925925926 0.15182291666666667 0.2569444444444445
3 0.312109375 0.3138888888888889 0.05234375 0.0787037037037037
3 0.3872395833333333 0.3715277777777778 0.0515625 0.08009259259259259
3 0.41380208333333335 0.42615740740740743 0.05677083333333333 0.08935185185185185
3 0.34401041666666665 0.4365740740740741 0.05520833333333333 0.08148148148148149
3 0.2532552083333333 0.4939814814814815 0.05807291666666667 0.05925925925925926
3 0.10872395833333333 0.45069444444444445 0.06536458333333334 0.08657407407407408
3 0.46380208333333334 0.3108796296296296 0.05520833333333333 0.06898148148148149
3 0.42942708333333335 0.28449074074074077 0.041666666666666664 0.051388888888888894
3 0.4145833333333333 0.17314814814814816 0.034895833333333334 0.04537037037037037
3 0.505859375 0.1875 0.03619791666666666 0.05648148148148149
3 0.529296875 0.30648148148148147 0.04869791666666667 0.07037037037037037
3 0.483203125 0.41111111111111115 0.061718749999999996 0.07777777777777778
3 0.24244791666666665 0.4671296296296297 0.0546875 0.0462962962962963
3 0.230859375 0.44189814814814815 0.04244791666666667 0.03935185185185185
