3 0.8940104166666667 0.17476851851851852 0.034895833333333334 0.0699074074074074
3 0.7338541666666667 0.13125 0.0328125 0.04027777777777778
3 0.5740885416666667 0.3995370370370371 0.03359375 0.03796296296296296
3 0.9247395833333333 0.4398148148148148 0.06770833333333333 0.058333333333333334
3 0.30638020833333335 0.5979166666666667 0.023177083333333334 0.04490740740740741
3 0.2973958333333333 0.6391203703703704 0.0296875 0.05601851851851852
3 0.16184895833333332 0.6483796296296297 0.02578125 0.031018518518518518
1 0.453515625 0.3611111111111111 0.03463541666666667 0.04166666666666667
1 0.39283854166666665 0.4539351851851852 0.04401041666666666 0.08009259259259259
1 0.44088541666666664 0.4712962962962963 0.05364583333333333 0.08055555555555556
1 0.39361979166666666 0.5875 0.05546875 0.09074074074074075
1 0.271875 0.63125 0.043229166666666666 0.06342592592592593
2 0.23450520833333333 0.6013888888888889 0.028906249999999998 0.058333333333333334
0 0.9662760416666667 0.23055555555555557 0.06328125 0.09166666666666667
0 0.9291666666666667 0.16574074074074074 0.05625 0.11574074074074074
1 0.8169270833333333 0.40069444444444446 0.12447916666666667 0.09490740740740741
1 0.9497395833333333 0.9210648148148148 0.10104166666666667 0.1587962962962963
1 0.49830729166666665 0.795138888888889 0.12213541666666666 0.23287037037037037
