3 0.9822916666666667 0.3877314814814815 0.0359375 0.050462962962962966
3 0.8360677083333333 0.6488425925925926 0.03984375 0.055092592592592596
3 0.7559895833333333 0.5081018518518519 0.03229166666666666 0.050462962962962966
1 0.453125 0.5298611111111111 0.03802083333333333 0.03657407407407408
3 0.049088541666666666 0.24930555555555556 0.03619791666666666 0.05416666666666667
3 0.695703125 0.49074074074074076 0.07421875 0.08240740740740742
3 0.8311197916666666 0.46087962962962964 0.08828125 0.08472222222222223
3 0.9140625 0.4398148148148148 0.07083333333333333 0.06759259259259259
3 0.771875 0.6805555555555556 0.08697916666666666 0.10185185185185186
3 0.929296875 0.7472222222222222 0.09609375 0.125
3 0.4766927083333333 0.9703703703703704 0.04921875 0.06018518518518519
3 0.392578125 0.40069444444444446 0.05234375 0.04953703703703704
3 0.5334635416666667 0.3090277777777778 0.046614583333333334 0.04490740740740741
1 0.9494791666666667 0.2590277777777778 0.1015625 0.08287037037037037
