3 0.604296875 0.837962962962963 0.05286458333333333 0.08703703703703704
3 0.882421875 0.6333333333333333 0.14609375 0.21574074074074076
3 0.7795572916666667 0.5585648148148148 0.12786458333333334 0.12638888888888888
3 0.588671875 0.937962962962963 0.12578125 0.125
1 0.42486979166666666 0.20486111111111113 0.04765625 0.06620370370370371
1 0.5334635416666667 0.06435185185185185 0.045572916666666664 0.05462962962962963
3 0.029296875 0.6650462962962963 0.045572916666666664 0.08935185185185185
3 0.3067708333333333 0.6118055555555556 0.04635416666666667 0.09861111111111112
3 0.3470052083333333 0.7400462962962964 0.05755208333333333 0.11620370370370371
3 0.5678385416666667 0.7990740740740742 0.05546875 0.10185185185185186
3 0.6532552083333333 0.35208333333333336 0.04088541666666667 0.08657407407407408
3 0.358984375 0.3613425925925926 0.03723958333333333 0.06805555555555556
3 0.8514322916666667 0.9518518518518518 0.08932291666666667 0.09722222222222222
3 0.6744791666666666 0.22314814814814815 0.0640625 0.06851851851851852
3 0.6760416666666667 0.3851851851851852 0.04375 0.08333333333333334
