3 0.9673177083333333 0.48680555555555555 0.06536458333333334 0.11990740740740741
3 0.957421875 0.6018518518518519 0.08359375 0.10462962962962963
3 0.26705729166666664 0.34490740740740744 0.04348958333333333 0.08148148148148149
3 0.22786458333333334 0.41967592592592595 0.05677083333333333 0.07361111111111111
3 0.112890625 0.4416666666666667 0.04296875 0.05
3 0.1265625 0.4534722222222222 0.053125 0.050462962962962966
3 0.13463541666666667 0.48217592592592595 0.057291666666666664 0.06712962962962964
3 0.7321614583333333 0.9150462962962963 0.16484375 0.17083333333333334
3 0.7341145833333333 0.3421296296296296 0.052083333333333336 0.0787037037037037
2 0.7958333333333333 0.4365740740740741 0.1203125 0.07592592592592592
3 0.8270833333333333 0.28402777777777777 0.0609375 0.07361111111111111
3 0.803125 0.21712962962962964 0.04635416666666667 0.058333333333333334
3 0.7994791666666666 0.16875 0.04635416666666667 0.05416666666666667
3 0.9360677083333333 0.2868055555555556 0.07109375 0.08935185185185185
3 0.9319010416666667 0.3712962962962963 0.07473958333333333 0.07777777777777778
3 0.8826822916666667 0.5090277777777777 0.10390624999999999 0.10972222222222222
3 0.6385416666666667 0.5668981481481482 0.0734375 0.13564814814814816
3 0.6528645833333333 0.6657407407407407 0.08854166666666667 0.09537037037037037
3 0.5859375 0.5377314814814815 0.12916666666666665 0.18842592592592594
