3 0.7170572916666667 0.4513888888888889 0.04192708333333333 0.02962962962962963
3 0.651171875 0.6087962962962963 0.05078125 0.05555555555555556
3 0.607421875 0.43333333333333335 0.06901041666666667 0.10092592592592593
0 0.91640625 0.33287037037037037 0.1296875 0.1824074074074074
0 0.8069010416666667 0.47870370370370374 0.11223958333333334 0.18703703703703706
0 0.7670572916666667 0.6282407407407408 0.11744791666666667 0.19722222222222224
1 0.348046875 0.8523148148148149 0.09244791666666667 0.17777777777777778
1 0.4041666666666667 0.6993055555555556 0.10520833333333333 0.1513888888888889
0 0.7498697916666667 0.9520833333333334 0.11015625 0.09675925925925927
0 0.6876302083333333 0.8525462962962963 0.12630208333333334 0.23472222222222222
0 0.80625 0.8495370370370371 0.10572916666666667 0.2064814814814815
0 0.9239583333333333 0.8738425925925927 0.12447916666666667 0.2087962962962963
0 0.8904947916666667 0.6898148148148149 0.11796875 0.2351851851851852
0 0.9694010416666666 0.5974537037037038 0.061718749999999996 0.19490740740740742
