3 0.384765625 0.24120370370370373 0.06015625 0.08055555555555556
3 0.11979166666666667 0.2951388888888889 0.0625 0.10046296296296296
3 0.20807291666666666 0.19768518518518519 0.058854166666666666 0.06574074074074074
3 0.39283854166666665 0.5358796296296297 0.08723958333333333 0.14305555555555557
3 0.6244791666666667 0.6625 0.14947916666666666 0.22592592592592595
3 0.575390625 0.15 0.07473958333333333 0.10185185185185186
3 0.6157552083333333 0.07060185185185186 0.07682291666666667 0.08750000000000001
3 0.7819010416666666 0.5671296296296297 0.05546875 0.05277777777777778
3 0.483203125 0.19583333333333333 0.05546875 0.06759259259259259
3 0.51484375 0.2439814814814815 0.065625 0.09074074074074075
3 0.5583333333333333 0.22291666666666668 0.035416666666666666 0.04398148148148148
3 0.5951822916666667 0.23425925925925928 0.04192708333333333 0.04351851851851852
