1 0.45065104166666664 0.8416666666666667 0.02265625 0.04351851851851852
1 0.4954427083333333 0.8432870370370371 0.03723958333333333 0.0699074074074074
3 0.4087239583333333 0.275 0.02786458333333333 0.03425925925925926
1 0.5795572916666667 0.7923611111111112 0.055989583333333336 0.08009259259259259
3 0.7673177083333333 0.6844907407407408 0.047135416666666666 0.06157407407407408
2 0.36419270833333334 0.3543981481481482 0.03046875 0.10324074074074074
0 0.45455729166666664 0.4 0.04453125 0.07777777777777778
0 0.388671875 0.5324074074074074 0.03307291666666667 0.06296296296296297
0 0.37799479166666666 0.5990740740740741 0.038802083333333334 0.07037037037037037
0 0.3651041666666667 0.7314814814814815 0.03229166666666666 0.062037037037037036
0 0.290234375 0.5354166666666667 0.038802083333333334 0.06620370370370371
0 0.31927083333333334 0.6122685185185185 0.034895833333333334 0.06898148148148149
0 0.2602864583333333 0.607638888888889 0.04192708333333333 0.06157407407407408
0 0.098046875 0.7819444444444444 0.04140625 0.06851851851851852
0 0.05364583333333333 0.8502314814814815 0.03229166666666666 0.05416666666666667
2 0.47799479166666664 0.48333333333333334 0.05182291666666666 0.04259259259259259
2 0.5009114583333333 0.22453703703703703 0.02005208333333333 0.02962962962962963
2 0.549609375 0.1650462962962963 0.030989583333333334 0.03935185185185185
2 0.4803385416666667 0.07962962962962963 0.031510416666666666 0.03981481481481482
3 0.5473958333333333 0.05555555555555556 0.02395833333333333 0.04259259259259259
