3 0.651171875 0.705324074074074 0.06380208333333333 0.0976851851851852
3 0.5282552083333333 0.5326388888888889 0.045572916666666664 0.07731481481481482
3 0.6673177083333334 0.6134259259259259 0.061197916666666664 0.08888888888888889
3 0.5024739583333333 0.7960648148148148 0.04921875 0.07731481481481482
3 0.225 0.4810185185185185 0.034895833333333334 0.05925925925925926
3 0.2911458333333333 0.32175925925925924 0.036458333333333336 0.05277777777777778
3 0.38046875 0.04282407407407408 0.026041666666666668 0.04027777777777778
3 0.6716145833333333 0.1641203703703704 0.05677083333333333 0.06805555555555556
3 0.570703125 0.16203703703703703 0.07838541666666667 0.09814814814814815
3 0.858984375 0.38958333333333334 0.06953125 0.09027777777777778
3 0.7046875 0.763888888888889 0.06041666666666667 0.09537037037037037
3 0.3807291666666667 0.1275462962962963 0.04583333333333333 0.06712962962962964
3 0.42539062499999997 0.4099537037037037 0.037760416666666664 0.05416666666666667
3 0.47812499999999997 0.4481481481481482 0.02395833333333333 0.037037037037037035
3 0.9397135416666667 0.7412037037037037 0.05078125 0.09907407407407408
3 0.7126302083333333 0.4759259259259259 0.04296875 0.05462962962962963
3 0.7725260416666666 0.20972222222222223 0.061197916666666664 0.07222222222222223
