3 0.9640624999999999 0.549074074074074 0.06145833333333333 0.05277777777777778
1 0.9240885416666667 0.4287037037037037 0.08203125 0.08240740740740742
3 0.8876302083333333 0.5995370370370371 0.05546875 0.062037037037037036
3 0.8212239583333333 0.6122685185185185 0.07213541666666666 0.08287037037037037
3 0.8915364583333333 0.8840277777777779 0.06848958333333333 0.12361111111111112
3 0.8221354166666667 0.7939814814814815 0.034375 0.03796296296296296
3 0.507421875 0.6604166666666667 0.031510416666666666 0.034722222222222224
3 0.10872395833333333 0.337037037037037 0.03046875 0.05462962962962963
3 0.440625 0.5210648148148148 0.04375 0.051388888888888894
3 0.7734375 0.8162037037037038 0.0671875 0.09907407407407408
3 0.7131510416666667 0.643287037037037 0.05078125 0.055092592592592596
3 0.7579427083333333 0.6511574074074075 0.02578125 0.025462962962962965
