3 0.19869791666666667 0.3108796296296296 0.029166666666666667 0.046759259259259264
3 0.60859375 0.22175925925925927 0.035416666666666666 0.04166666666666667
3 0.6567708333333333 0.2326388888888889 0.0375 0.0375
3 0.5337239583333333 0.22615740740740742 0.05234375 0.06805555555555556
3 0.5713541666666666 0.2611111111111111 0.0625 0.0787037037037037
3 0.2625 0.15833333333333333 0.0515625 0.05648148148148149
3 0.158203125 0.3821759259259259 0.05963541666666666 0.0837962962962963
3 0.24635416666666665 0.2835648148148148 0.058854166666666666 0.07453703703703704
3 0.43059895833333334 0.2763888888888889 0.06536458333333334 0.09166666666666667
3 0.62578125 0.17314814814814816 0.07552083333333333 0.08888888888888889
3 0.6545572916666667 0.10138888888888889 0.07057291666666667 0.075
3 0.75078125 0.5895833333333333 0.1640625 0.21435185185185185
3 0.46575520833333334 0.5289351851851852 0.09817708333333333 0.13935185185185187
3 0.9053385416666666 0.4620370370370371 0.061197916666666664 0.07037037037037037
