3 0.959765625 0.587962962962963 0.054947916666666666 0.06944444444444445
3 0.13802083333333334 0.42939814814814814 0.0359375 0.04583333333333334
3 0.10221354166666667 0.47731481481481486 0.04192708333333333 0.05277777777777778
3 0.156640625 0.3564814814814815 0.03359375 0.044444444444444446
3 0.3509114583333333 0.45069444444444445 0.038802083333333334 0.05601851851851852
3 0.3912760416666667 0.4398148148148148 0.03411458333333333 0.05277777777777778
3 0.419921875 0.36388888888888893 0.03619791666666666 0.04814814814814815
3 0.4334635416666667 0.3175925925925926 0.03619791666666666 0.05185185185185186
3 0.4596354166666667 0.2726851851851852 0.02395833333333333 0.04722222222222222
3 0.5111979166666667 0.3541666666666667 0.035416666666666666 0.05648148148148149
3 0.4186197916666667 0.5356481481481482 0.046614583333333334 0.07222222222222223
3 0.31731770833333334 0.674074074074074 0.03619791666666666 0.06296296296296297
3 0.35377604166666665 0.7578703703703704 0.04453125 0.09074074074074075
3 0.434765625 0.862962962962963 0.04244791666666667 0.07777777777777778
3 0.4796875 0.7000000000000001 0.043229166666666666 0.06851851851851852
3 0.5059895833333333 0.7092592592592593 0.03802083333333333 0.06666666666666667
3 0.5325520833333334 0.6324074074074074 0.043229166666666666 0.06666666666666667
3 0.56875 0.5932870370370371 0.040625 0.07546296296296297
3 0.5317708333333333 0.5662037037037038 0.03802083333333333 0.07222222222222223
3 0.5072916666666667 0.4759259259259259 0.03802083333333333 0.06296296296296297
3 0.5416666666666666 0.49745370370370373 0.043229166666666666 0.07453703703703704
3 0.658984375 0.694212962962963 0.05078125 0.08009259259259259
3 0.8067708333333333 0.9185185185185185 0.059895833333333336 0.10648148148148148
3 0.8559895833333333 0.6717592592592593 0.09166666666666666 0.12962962962962962
3 0.9406249999999999 0.4810185185185185 0.04635416666666667 0.06666666666666667
3 0.67890625 0.3159722222222222 0.035416666666666666 0.04583333333333334
3 0.27734375 0.4620370370370371 0.0359375 0.053703703703703705
