3 0.4576822916666667 0.8097222222222222 0.028906249999999998 0.04351851851851852
1 0.5986979166666666 0.975462962962963 0.04375 0.05
1 0.6432291666666666 0.8622685185185186 0.05416666666666667 0.08472222222222223
1 0.5779947916666667 0.7935185185185185 0.04765625 0.07592592592592592
1 0.5795572916666667 0.6196759259259259 0.04192708333333333 0.0587962962962963
1 0.5037760416666667 0.50625 0.04765625 0.04953703703703704
1 0.342578125 0.5699074074074074 0.04244791666666667 0.06851851851851852
1 0.19388020833333333 0.5210648148148148 0.053385416666666664 0.06064814814814815
3 0.863671875 0.7516203703703704 0.030989583333333334 0.04953703703703704
3 0.772265625 0.6449074074074075 0.02578125 0.044444444444444446
3 0.9302083333333333 0.8421296296296297 0.034895833333333334 0.06296296296296297
