2 0.4513020833333333 0.10717592592592592 0.0265625 0.03564814814814815
3 0.3834635416666667 0.3074074074074074 0.02786458333333333 0.03888888888888889
0 0.07122395833333334 0.8451388888888889 0.047135416666666666 0.07361111111111111
0 0.23958333333333334 0.6527777777777778 0.040625 0.07222222222222223
0 0.3015625 0.6513888888888889 0.03802083333333333 0.06666666666666667
0 0.270703125 0.5745370370370371 0.039322916666666666 0.07777777777777778
0 0.36549479166666665 0.768287037037037 0.04973958333333333 0.09398148148148149
0 0.3653645833333333 0.6310185185185185 0.043229166666666666 0.08148148148148149
0 0.373828125 0.5682870370370371 0.03828125 0.07453703703703704
0 0.4393229166666667 0.4236111111111111 0.04114583333333333 0.0787037037037037
2 0.34283854166666666 0.3835648148148148 0.028906249999999998 0.09490740740740741
2 0.4692708333333333 0.5118055555555556 0.05625 0.06064814814814815
1 0.6098958333333333 0.8094907407407408 0.05364583333333333 0.07083333333333333
3 0.7921875 0.6814814814814815 0.0453125 0.06296296296296297
1 0.4770833333333333 0.8766203703703704 0.0265625 0.03287037037037037
1 0.525390625 0.8715277777777778 0.03671875 0.059722222222222225
2 0.48125 0.25115740740740744 0.0234375 0.03194444444444445
2 0.5244791666666666 0.18912037037037038 0.0359375 0.04398148148148148
3 0.5201822916666666 0.08240740740740742 0.02265625 0.04351851851851852
