1 0.08671875 0.30324074074074076 0.0328125 0.04722222222222222
1 0.033203125 0.3027777777777778 0.03411458333333333 0.05277777777777778
1 0.269921875 0.5342592592592593 0.055989583333333336 0.0712962962962963
1 0.41875 0.6243055555555556 0.04895833333333333 0.08101851851851852
1 0.5966145833333333 0.5824074074074075 0.04895833333333333 0.062037037037037036
1 0.6796875 0.7407407407407408 0.0484375 0.07314814814814816
1 0.667578125 0.9527777777777778 0.05807291666666667 0.08703703703703704
2 0.09700520833333333 0.7319444444444445 0.04192708333333333 0.06296296296296297
1 0.04010416666666666 0.7291666666666667 0.05677083333333333 0.0712962962962963
3 0.9118489583333333 0.8226851851851852 0.03671875 0.061111111111111116
1 0.8393229166666667 0.8856481481481482 0.05677083333333333 0.08611111111111111
