1 0.405078125 0.45462962962962966 0.03619791666666666 0.07222222222222223
1 0.5893229166666667 0.8048611111111111 0.021354166666666667 0.04120370370370371
1 0.6290364583333333 0.8319444444444445 0.028385416666666666 0.05648148148148149
1 0.703125 0.8599537037037037 0.059375 0.08935185185185185
3 0.9143229166666667 0.9168981481481482 0.0484375 0.07453703703703704
3 0.8766927083333333 0.07685185185185185 0.03619791666666666 0.04351851851851852
3 0.6690104166666666 0.24027777777777778 0.03229166666666666 0.03796296296296296
1 0.39674479166666665 0.9321759259259259 0.04765625 0.11712962962962964
1 0.47760416666666666 0.8715277777777778 0.0703125 0.2476851851851852
2 0.4419270833333333 0.8319444444444445 0.03854166666666667 0.049074074074074076
3 0.3696614583333333 0.7784722222222222 0.01953125 0.04120370370370371
3 0.3751302083333333 0.8405092592592593 0.02786458333333333 0.034722222222222224
0 0.292578125 0.5078703703703704 0.017447916666666667 0.037037037037037035
0 0.30611979166666664 0.5423611111111112 0.02109375 0.055092592592592596
0 0.292578125 0.5851851851851853 0.02005208333333333 0.03796296296296296
0 0.30182291666666666 0.6270833333333333 0.019270833333333334 0.04583333333333334
0 0.32734375 0.5784722222222223 0.01875 0.046759259259259264
0 0.3403645833333333 0.5039351851851852 0.02395833333333333 0.04212962962962963
0 0.357421875 0.5192129629629629 0.023177083333333334 0.04120370370370371
0 0.351171875 0.6064814814814815 0.02109375 0.04351851851851852
0 0.3416666666666667 0.6576388888888889 0.021354166666666667 0.05416666666666667
0 0.323828125 0.6918981481481482 0.028385416666666666 0.051388888888888894
0 0.357421875 0.7430555555555556 0.023177083333333334 0.05740740740740741
0 0.3815104166666667 0.7104166666666667 0.027604166666666666 0.04953703703703704
0 0.3735677083333333 0.6581018518518519 0.028385416666666666 0.059722222222222225
0 0.38372395833333334 0.6048611111111112 0.02578125 0.051388888888888894
0 0.41575520833333335 0.5849537037037037 0.028906249999999998 0.055092592592592596
0 0.42096354166666666 0.644212962962963 0.02265625 0.050462962962962966
0 0.418359375 0.700462962962963 0.028906249999999998 0.05462962962962963
0 0.44635416666666666 0.7016203703703704 0.03229166666666666 0.06435185185185185
0 0.45807291666666666 0.7516203703703704 0.0296875 0.05601851851851852
0 0.47799479166666664 0.5819444444444445 0.028385416666666666 0.05648148148148149
0 0.5434895833333333 0.6416666666666667 0.03958333333333333 0.06759259259259259
0 0.507421875 0.6604166666666667 0.02265625 0.04120370370370371
0 0.4828125 0.4701388888888889 0.035416666666666666 0.07361111111111111
0 0.5018229166666667 0.5256944444444445 0.025520833333333333 0.046759259259259264
0 0.5282552083333333 0.49722222222222223 0.03619791666666666 0.07222222222222223
0 0.5177083333333333 0.41782407407407407 0.0328125 0.0699074074074074
0 0.5786458333333333 0.51875 0.04114583333333333 0.0837962962962963
0 0.6015625 0.47222222222222227 0.034375 0.06666666666666667
0 0.686328125 0.39513888888888893 0.04505208333333333 0.0837962962962963
2 0.44895833333333335 0.6048611111111112 0.0359375 0.0587962962962963
2 0.691796875 0.49930555555555556 0.05755208333333333 0.0699074074074074
2 0.616015625 0.29050925925925924 0.04244791666666667 0.08842592592592594
2 0.7911458333333333 0.0664351851851852 0.043229166666666666 0.03657407407407408
2 0.7712239583333333 0.24189814814814817 0.02005208333333333 0.04120370370370371
2 0.8372395833333334 0.20578703703703705 0.0375 0.0587962962962963
