3 0.6958333333333333 0.5307870370370371 0.06510416666666667 0.09953703703703703
3 0.3470052083333333 0.5314814814814816 0.053906249999999996 0.08240740740740742
3 0.2798177083333333 0.632175925925926 0.05755208333333333 0.09583333333333334
3 0.5826822916666666 0.8974537037037037 0.07630208333333333 0.14027777777777778
3 0.5266927083333334 0.5835648148148148 0.06744791666666666 0.1328703703703704
3 0.7115885416666666 0.45 0.06380208333333333 0.08518518518518518
3 0.9403645833333333 0.24027777777777778 0.08125 0.11203703703703705
3 0.4654947916666667 0.22476851851851853 0.037760416666666664 0.06064814814814815
3 0.571484375 0.3611111111111111 0.05078125 0.06944444444444445
3 0.3404947916666667 0.12800925925925927 0.04505208333333333 0.050462962962962966
3 0.266015625 0.27708333333333335 0.03411458333333333 0.05694444444444444
3 0.9154947916666667 0.9356481481481482 0.04765625 0.06759259259259259
3 0.858984375 0.046064814814814815 0.06640625 0.055092592592592596
