3 0.5091145833333334 0.9148148148148149 0.11927083333333333 0.1712962962962963
3 0.8791666666666667 0.7678240740740742 0.13697916666666665 0.17175925925925928
3 0.6459635416666667 0.6993055555555556 0.09453125 0.1439814814814815
3 0.5416666666666666 0.6402777777777778 0.08020833333333333 0.13703703703703704
3 0.588671875 0.19560185185185186 0.07890625 0.10046296296296296
3 0.434375 0.25810185185185186 0.04583333333333333 0.08472222222222223
3 0.39283854166666665 0.13171296296296298 0.07369791666666667 0.05416666666666667
3 0.29440104166666664 0.08125 0.06588541666666667 0.07175925925925926
3 0.15690104166666666 0.17060185185185187 0.07890625 0.0976851851851852
3 0.2598958333333333 0.42106481481481484 0.084375 0.12268518518518519
3 0.18619791666666666 0.40370370370370373 0.07239583333333333 0.10925925925925926
3 0.026171875 0.5868055555555556 0.05182291666666666 0.09027777777777778
