3 0.9453125 0.30694444444444446 0.0390625 0.06018518518518519
3 0.33697916666666666 0.638888888888889 0.03958333333333333 0.06018518518518519
3 0.36497395833333335 0.6513888888888889 0.040364583333333336 0.06296296296296297
3 0.27122395833333335 0.51875 0.04401041666666666 0.06712962962962964
3 0.4212239583333333 0.5293981481481481 0.04244791666666667 0.06805555555555556
3 0.6330729166666667 0.7310185185185185 0.051041666666666666 0.08055555555555556
3 0.6794270833333333 0.5212962962962964 0.0671875 0.10462962962962963
3 0.771484375 0.7849537037037038 0.07005208333333333 0.12361111111111112
3 0.8052083333333333 0.6351851851851852 0.05677083333333333 0.09074074074074075
3 0.8501302083333333 0.775 0.06015625 0.09537037037037037
3 0.9779947916666667 0.5979166666666667 0.04401041666666666 0.07916666666666666
3 0.984765625 0.5666666666666667 0.03046875 0.05648148148148149
3 0.9740885416666667 0.5212962962962964 0.05182291666666666 0.062037037037037036
3 0.7654947916666667 0.3613425925925926 0.03984375 0.04953703703703704
3 0.3723958333333333 0.34375 0.024479166666666666 0.0587962962962963
3 0.7740885416666666 0.4291666666666667 0.04765625 0.05740740740740741
3 0.50234375 0.5935185185185186 0.0390625 0.06851851851851852
3 0.32122395833333334 0.29444444444444445 0.02786458333333333 0.03981481481481482
3 0.28932291666666665 0.3368055555555556 0.03958333333333333 0.04212962962962963
