3 0.3424479166666667 0.6747685185185185 0.05416666666666667 0.07546296296296297
3 0.48190104166666664 0.5888888888888889 0.046614583333333334 0.05740740740740741
3 0.48997395833333335 0.4064814814814815 0.028906249999999998 0.05277777777777778
3 0.518359375 0.4449074074074074 0.03411458333333333 0.044444444444444446
3 0.6125 0.4138888888888889 0.0328125 0.05185185185185186
3 0.7022135416666666 0.7050925925925926 0.05859375 0.09537037037037037
3 0.744140625 0.6923611111111111 0.047135416666666666 0.07916666666666666
3 0.7666666666666666 0.8182870370370371 0.06770833333333333 0.12638888888888888
3 0.8247395833333333 0.5925925925925926 0.057291666666666664 0.08148148148148149
3 0.59921875 0.9219907407407407 0.04895833333333333 0.08842592592592594
3 0.4653645833333333 0.8819444444444445 0.05364583333333333 0.09074074074074075
