3 0.30299479166666665 0.5081018518518519 0.05234375 0.06064814814814815
3 0.5529947916666667 0.23680555555555557 0.028385416666666666 0.06435185185185185
3 0.4635416666666667 0.23587962962962963 0.0375 0.04027777777777778
3 0.47747395833333334 0.33287037037037037 0.040364583333333336 0.05277777777777778
3 0.5079427083333333 0.35555555555555557 0.05026041666666667 0.05555555555555556
3 0.5764322916666667 0.34444444444444444 0.053906249999999996 0.05277777777777778
3 0.823046875 0.7152777777777778 0.17369791666666667 0.23611111111111113
3 0.9192708333333334 0.7574074074074074 0.11614583333333334 0.16296296296296298
3 0.9046875 0.8511574074074074 0.1015625 0.13564814814814816
3 0.947265625 0.8956018518518519 0.10546875 0.20416666666666666
3 0.39752604166666666 0.49212962962962964 0.055989583333333336 0.0787037037037037
3 0.4420572916666667 0.4185185185185185 0.04505208333333333 0.08148148148148149
3 0.46796875 0.4618055555555556 0.053125 0.08287037037037037
3 0.31940104166666666 0.5423611111111112 0.05807291666666667 0.047685185185185185
3 0.18684895833333334 0.5152777777777778 0.06328125 0.06574074074074074
3 0.36354166666666665 0.3803240740740741 0.04895833333333333 0.07175925925925926
