2 0.488671875 0.38078703703703703 0.039322916666666666 0.050462962962962966
1 0.506640625 0.30833333333333335 0.03411458333333333 0.04351851851851852
1 0.46119791666666665 0.28032407407407406 0.03229166666666666 0.046759259259259264
3 0.35130208333333335 0.49745370370370373 0.02395833333333333 0.03194444444444445
3 0.387109375 0.4798611111111111 0.02578125 0.02638888888888889
3 0.4147135416666667 0.5400462962962963 0.02578125 0.03657407407407408
1 0.6567708333333333 0.7543981481481482 0.07864583333333333 0.11898148148148148
1 0.671875 0.6386574074074074 0.052083333333333336 0.08287037037037037
2 0.5967447916666666 0.6219907407407408 0.05026041666666667 0.1087962962962963
2 0.42343749999999997 0.90625 0.043229166666666666 0.12268518518518519
1 0.3790364583333333 0.8226851851851852 0.05234375 0.0925925925925926
1 0.10585937499999999 0.6643518518518519 0.05286458333333333 0.08148148148148149
2 0.18606770833333333 0.5256944444444445 0.07161458333333333 0.04027777777777778
