3 0.5434895833333333 0.444212962962963 0.0515625 0.07083333333333333
3 0.69453125 0.7155092592592592 0.090625 0.12546296296296297
3 0.5260416666666666 0.8439814814814816 0.07760416666666667 0.13425925925925927
3 0.575 0.9050925925925927 0.0828125 0.11481481481481481
3 0.39817708333333335 0.7780092592592592 0.06302083333333333 0.10601851851851853
3 0.34453125 0.7032407407407407 0.071875 0.10092592592592593
3 0.056640625 0.42939814814814814 0.04505208333333333 0.05694444444444444
3 0.0953125 0.7282407407407407 0.0921875 0.13055555555555556
3 0.5875 0.17245370370370372 0.034895833333333334 0.046759259259259264
3 0.5489583333333333 0.18680555555555556 0.036458333333333336 0.051388888888888894
3 0.43059895833333334 0.29328703703703707 0.04505208333333333 0.06620370370370371
3 0.23372395833333334 0.3138888888888889 0.03203125 0.05555555555555556
3 0.19778645833333333 0.4016203703703704 0.03723958333333333 0.06064814814814815
2 0.32955729166666664 0.6365740740740741 0.10598958333333333 0.08888888888888889
3 0.36015625 0.47337962962962965 0.05520833333333333 0.06712962962962964
3 0.5307291666666667 0.3615740740740741 0.0609375 0.058333333333333334
3 0.6967447916666667 0.29444444444444445 0.04869791666666667 0.04537037037037037
3 0.7138020833333333 0.2520833333333333 0.05677083333333333 0.050462962962962966
3 0.9233072916666667 0.2636574074074074 0.055989583333333336 0.05787037037037037
3 0.7615885416666667 0.5164351851851852 0.08567708333333333 0.0837962962962963
3 0.7751302083333333 0.3914351851851852 0.08203125 0.12546296296296297
3 0.8626302083333334 0.43333333333333335 0.07682291666666667 0.09814814814814815
3 0.9537760416666666 0.4939814814814815 0.09244791666666667 0.14722222222222223
3 0.9513020833333333 0.6391203703703704 0.09739583333333333 0.16898148148148148
3 0.9294270833333333 0.7451388888888889 0.11041666666666666 0.16898148148148148
3 0.9701822916666667 0.8523148148148149 0.05078125 0.17962962962962964
3 0.8858072916666666 0.8891203703703704 0.15390625 0.1912037037037037
3 0.555859375 0.6039351851851852 0.07630208333333333 0.08009259259259259
3 0.467578125 0.8194444444444445 0.08411458333333333 0.15
3 0.4 0.42939814814814814 0.03333333333333333 0.08009259259259259
3 0.6440104166666667 0.8053240740740741 0.09270833333333334 0.13842592592592592
3 0.7069010416666667 0.10601851851851853 0.029947916666666668 0.05185185185185186
