0 0.9848958333333333 0.8840277777777779 0.030729166666666665 0.12638888888888888
3 0.68828125 0.4046296296296297 0.04635416666666667 0.05277777777777778
0 0.69375 0.5967592592592593 0.10625 0.2101851851851852
0 0.7430989583333333 0.7590277777777779 0.10598958333333333 0.1902777777777778
0 0.80859375 0.9125000000000001 0.1 0.17592592592592593
0 0.8096354166666666 0.6324074074074074 0.09427083333333333 0.20092592592592592
0 0.8970052083333333 0.6333333333333333 0.10755208333333333 0.20277777777777778
0 0.9140625 0.5078703703703704 0.10572916666666667 0.19722222222222224
0 0.9803385416666667 0.42430555555555555 0.03984375 0.17453703703703705
0 0.8001302083333334 0.42662037037037037 0.11796875 0.21805555555555556
0 0.851171875 0.2962962962962963 0.11953124999999999 0.21203703703703705
0 0.9610677083333333 0.17939814814814817 0.07838541666666667 0.18935185185185185
1 0.04583333333333333 0.6525462962962963 0.0734375 0.18564814814814815
1 0.38893229166666665 0.5939814814814816 0.08776041666666666 0.1925925925925926
1 0.45026041666666666 0.43865740740740744 0.10833333333333334 0.12268518518518519
2 0.5076822916666667 0.981712962962963 0.10598958333333333 0.0375
3 0.664453125 0.24884259259259262 0.06432291666666666 0.08472222222222223
2 0.9438802083333333 0.37592592592592594 0.11276041666666667 0.11018518518518519
