1 0.9545572916666667 0.24467592592592594 0.09140625 0.10694444444444445
3 0.9459635416666666 0.4449074074074074 0.07421875 0.08518518518518518
3 0.8595052083333333 0.48032407407407407 0.10130208333333333 0.10324074074074074
3 0.7763020833333333 0.5469907407407407 0.030208333333333334 0.03194444444444445
3 0.7109375 0.5388888888888889 0.07083333333333333 0.07314814814814816
3 0.890234375 0.71875 0.04505208333333333 0.059722222222222225
3 0.9790364583333333 0.8226851851851852 0.04244791666666667 0.14074074074074075
3 0.8240885416666667 0.7625000000000001 0.10494791666666667 0.14444444444444446
3 0.4341145833333333 0.5995370370370371 0.04010416666666666 0.04814814814814815
3 0.51484375 0.3300925925925926 0.0515625 0.04814814814814815
3 0.36223958333333334 0.44837962962962963 0.05625 0.055092592592592596
