1 0.8697916666666666 0.27685185185185185 0.10260416666666666 0.125
1 0.980078125 0.0951388888888889 0.040364583333333336 0.08009259259259259
2 0.10130208333333333 0.7275462962962963 0.024479166666666666 0.10231481481481482
2 0.18059895833333334 0.6002314814814815 0.038802083333333334 0.09027777777777778
2 0.44674479166666664 0.5675925925925926 0.08567708333333333 0.07314814814814816
2 0.46484375 0.4104166666666667 0.040625 0.06157407407407408
2 0.544140625 0.33078703703703705 0.04453125 0.09027777777777778
2 0.7563802083333333 0.8909722222222223 0.10755208333333333 0.12361111111111112
3 0.475390625 0.9555555555555556 0.05546875 0.08148148148148149
3 0.5125 0.9881944444444445 0.043229166666666666 0.024537037037037038
3 0.6188802083333333 0.5777777777777778 0.047135416666666666 0.07592592592592592
3 0.98203125 0.1625 0.036458333333333336 0.062037037037037036
3 0.9572916666666667 0.05763888888888889 0.059375 0.0699074074074074
