3 0.9768229166666667 0.42476851851851855 0.046875 0.05601851851851852
3 0.8865885416666667 0.7377314814814815 0.08567708333333333 0.13194444444444445
3 0.812109375 0.6391203703703704 0.03723958333333333 0.04490740740740741
3 0.75859375 0.6534722222222222 0.07083333333333333 0.09861111111111112
3 0.8998697916666667 0.4620370370370371 0.05911458333333333 0.06666666666666667
3 0.8236979166666667 0.46851851851851856 0.08125 0.07685185185185185
3 0.7505208333333333 0.49768518518518523 0.0265625 0.02962962962962963
3 0.6973958333333333 0.4729166666666667 0.06458333333333333 0.08101851851851852
3 0.4868489583333333 0.8736111111111111 0.05859375 0.08703703703703704
3 0.087109375 0.1375 0.03723958333333333 0.05740740740740741
3 0.47291666666666665 0.47453703703703703 0.0375 0.03425925925925926
3 0.41901041666666666 0.3402777777777778 0.051041666666666666 0.05277777777777778
3 0.553125 0.2710648148148148 0.04583333333333333 0.04027777777777778
1 0.951953125 0.2935185185185185 0.09661458333333334 0.08055555555555556
