3 0.7287760416666667 0.1 0.030989583333333334 0.05185185185185186
3 0.7393229166666666 0.25439814814814815 0.049479166666666664 0.05694444444444444
3 0.7201822916666667 0.31226851851851856 0.03984375 0.04398148148148148
3 0.7264322916666667 0.7347222222222223 0.09348958333333333 0.14074074074074075
3 0.06927083333333334 0.3990740740740741 0.05364583333333333 0.06666666666666667
3 0.17981770833333333 0.41111111111111115 0.04088541666666667 0.05555555555555556
3 0.21666666666666667 0.3789351851851852 0.035416666666666666 0.0587962962962963
3 0.11393229166666667 0.7164351851851852 0.08203125 0.11435185185185186
2 0.3515625 0.6407407407407407 0.12239583333333333 0.09166666666666667
3 0.4244791666666667 0.4155092592592593 0.053125 0.08194444444444444
3 0.54921875 0.3664351851851852 0.043229166666666666 0.051388888888888894
3 0.9022135416666667 0.44583333333333336 0.09348958333333333 0.11203703703703705
3 0.806640625 0.4046296296296297 0.08776041666666666 0.10833333333333334
3 0.9582031249999999 0.2833333333333333 0.06380208333333333 0.0638888888888889
3 0.794921875 0.5425925925925926 0.08984375 0.09722222222222222
3 0.9751302083333333 0.5155092592592593 0.04973958333333333 0.11805555555555557
3 0.9723958333333333 0.6497685185185186 0.05520833333333333 0.11435185185185186
3 0.9606770833333333 0.7900462962962963 0.07864583333333333 0.18101851851851852
3 0.9244791666666666 0.9085648148148149 0.15104166666666666 0.1763888888888889
3 0.5859375 0.6048611111111112 0.0828125 0.08564814814814815
3 0.5052083333333334 0.820138888888889 0.0828125 0.13842592592592592
3 0.38307291666666665 0.4638888888888889 0.042708333333333334 0.06296296296296297
3 0.3684895833333333 0.7277777777777779 0.10260416666666666 0.12222222222222223
3 0.4283854166666667 0.7775462962962963 0.08489583333333334 0.11342592592592593
3 0.5657552083333334 0.8694444444444445 0.07942708333333333 0.11574074074074074
3 0.6205729166666667 0.9166666666666667 0.09270833333333334 0.12962962962962962
3 0.6811197916666667 0.8233796296296296 0.10338541666666666 0.13935185185185187
3 0.737890625 0.15486111111111112 0.04401041666666666 0.04398148148148148
3 0.6454427083333333 0.14097222222222222 0.03619791666666666 0.04398148148148148
3 0.6075520833333333 0.16365740740740742 0.035416666666666666 0.04398148148148148
3 0.5729166666666666 0.4467592592592593 0.049479166666666664 0.049074074074074076
3 0.450390625 0.2863425925925926 0.04401041666666666 0.06064814814814815
