0 0.9697916666666666 0.13055555555555556 0.0609375 0.12407407407407407
2 0.832421875 0.5462962962962963 0.16588541666666667 0.14814814814814814
0 0.9604166666666667 0.5715277777777777 0.0796875 0.20324074074074075
0 0.8776041666666666 0.5951388888888889 0.10520833333333333 0.18564814814814815
0 0.778515625 0.35879629629629634 0.11484375 0.1814814814814815
0 0.6970052083333333 0.500925925925926 0.10755208333333333 0.18333333333333335
0 0.7880208333333333 0.700462962962963 0.10520833333333333 0.20185185185185187
0 0.6778645833333333 0.6759259259259259 0.11354166666666667 0.21203703703703705
0 0.8201822916666667 0.8789351851851852 0.11432291666666666 0.19583333333333333
0 0.7295572916666666 0.8847222222222223 0.09921875 0.20277777777777778
0 0.7002604166666666 0.981712962962963 0.07291666666666667 0.0375
0 0.6166666666666667 0.90625 0.11875 0.18842592592592594
2 0.47604166666666664 0.03564814814814815 0.0296875 0.07037037037037037
3 0.5634114583333333 0.6849537037037037 0.04973958333333333 0.05601851851851852
3 0.6134114583333333 0.5090277777777777 0.038802083333333334 0.03935185185185185
3 0.5046875 0.5136574074074074 0.06770833333333333 0.10972222222222222
