3 0.28098958333333335 0.46087962962962964 0.043229166666666666 0.04953703703703704
3 0.266015625 0.5571759259259259 0.05755208333333333 0.0837962962962963
3 0.035416666666666666 0.506712962962963 0.06302083333333333 0.09305555555555556
3 0.155078125 0.5784722222222223 0.055989583333333336 0.07546296296296297
3 0.35182291666666665 0.45925925925925926 0.04583333333333333 0.062037037037037036
3 0.34739583333333335 0.4011574074074074 0.051041666666666666 0.06064814814814815
3 0.3751302083333333 0.5307870370370371 0.05755208333333333 0.0837962962962963
3 0.7528645833333333 0.9293981481481481 0.09270833333333334 0.14212962962962963
3 0.690625 0.562962962962963 0.06770833333333333 0.1
3 0.6330729166666667 0.37939814814814815 0.03802083333333333 0.05601851851851852
3 0.701171875 0.3148148148148148 0.05286458333333333 0.05740740740740741
3 0.9627604166666667 0.29282407407407407 0.06510416666666667 0.059722222222222225
