3 0.17825520833333333 0.6043981481481482 0.04765625 0.08564814814814815
3 0.6209635416666667 0.7400462962962964 0.06901041666666667 0.11620370370370371
3 0.676171875 0.5456018518518518 0.06588541666666667 0.07083333333333333
3 0.9157552083333333 0.30972222222222223 0.06380208333333333 0.0787037037037037
3 0.509375 0.20300925925925928 0.043229166666666666 0.046759259259259264
3 0.5502604166666667 0.21342592592592594 0.04114583333333333 0.06481481481481481
1 0.3489583333333333 0.4291666666666667 0.09270833333333334 0.10462962962962963
1 0.4356770833333333 0.3229166666666667 0.09270833333333334 0.09861111111111112
3 0.54140625 0.5972222222222222 0.0390625 0.07685185185185185
3 0.28046875 0.6460648148148148 0.052083333333333336 0.08564814814814815
