1 0.8583333333333333 0.5233796296296297 0.0703125 0.0837962962962963
3 0.8983072916666667 0.63125 0.053385416666666664 0.051388888888888894
3 0.10677083333333333 0.4363425925925926 0.03177083333333333 0.051388888888888894
3 0.43320312499999997 0.6129629629629629 0.04192708333333333 0.04722222222222222
3 0.49505208333333334 0.7395833333333334 0.029166666666666667 0.034722222222222224
3 0.6825520833333333 0.7182870370370371 0.05416666666666667 0.05601851851851852
3 0.7231770833333333 0.7291666666666667 0.021875 0.020370370370370372
3 0.7760416666666666 0.6891203703703704 0.059375 0.06898148148148149
3 0.8325520833333333 0.6706018518518518 0.0484375 0.055092592592592596
3 0.7346354166666667 0.8726851851851852 0.059375 0.08703703703703704
3 0.77734375 0.8502314814814815 0.0296875 0.0375
3 0.8401041666666667 0.9300925925925926 0.06770833333333333 0.11018518518518519
3 0.9557291666666666 0.6243055555555556 0.0625 0.06064814814814815
