3 0.8005208333333333 0.625925925925926 0.059375 0.058333333333333334
3 0.5411458333333333 0.2555555555555556 0.034895833333333334 0.04722222222222222
3 0.5764322916666667 0.2675925925925926 0.03671875 0.04166666666666667
3 0.34921875 0.2826388888888889 0.06770833333333333 0.11712962962962964
3 0.060546875 0.3701388888888889 0.07473958333333333 0.10046296296296296
3 0.152734375 0.2553240740740741 0.06744791666666666 0.09305555555555556
3 0.5873697916666667 0.08333333333333334 0.07421875 0.09537037037037037
3 0.5481770833333334 0.17314814814814816 0.09010416666666667 0.11481481481481481
3 0.365234375 0.6212962962962963 0.09869791666666666 0.17685185185185187
3 0.6334635416666666 0.7513888888888889 0.16484375 0.275
3 0.4265625 0.028703703703703703 0.06458333333333333 0.05555555555555556
3 0.4928385416666667 0.2986111111111111 0.054427083333333334 0.0962962962962963
3 0.451171875 0.23217592592592592 0.05234375 0.08935185185185185
