3 0.5061197916666667 0.437962962962963 0.06692708333333333 0.08148148148148149
3 0.5506510416666667 0.33217592592592593 0.047135416666666666 0.07361111111111111
3 0.9 0.8916666666666667 0.08802083333333333 0.1287037037037037
3 0.910546875 0.7928240740740741 0.09713541666666667 0.17453703703703705
3 0.8100260416666667 0.7444444444444445 0.16067708333333333 0.2712962962962963
3 0.411328125 0.39467592592592593 0.04869791666666667 0.08009259259259259
3 0.437890625 0.4516203703703704 0.05234375 0.06712962962962964
3 0.36627604166666666 0.4729166666666667 0.05286458333333333 0.07361111111111111
3 0.137890625 0.5025462962962963 0.06848958333333333 0.07361111111111111
3 0.27838541666666666 0.53125 0.0546875 0.05416666666666667
3 0.9421875 0.9351851851851852 0.11562499999999999 0.13055555555555556
3 0.47799479166666664 0.344212962962963 0.05234375 0.07546296296296297
3 0.44830729166666666 0.31226851851851856 0.04244791666666667 0.06898148148148149
3 0.33203125 0.3513888888888889 0.046875 0.06944444444444445
3 0.43515624999999997 0.20833333333333334 0.03333333333333333 0.04537037037037037
3 0.5307291666666667 0.21203703703703705 0.03177083333333333 0.06296296296296297
3 0.2615885416666667 0.5041666666666667 0.05182291666666666 0.05277777777777778
3 0.80546875 0.21851851851851853 0.04479166666666667 0.04259259259259259
3 0.17096354166666666 0.6608796296296297 0.07161458333333333 0.09212962962962963
