1 0.9584635416666667 0.2516203703703704 0.08359375 0.06527777777777778
3 0.9842447916666667 0.39375 0.03203125 0.05416666666666667
3 0.9470052083333333 0.7796296296296297 0.10338541666666666 0.1537037037037037
3 0.9209635416666666 0.4518518518518519 0.06901041666666667 0.06666666666666667
3 0.8372395833333334 0.4752314814814815 0.09166666666666666 0.08842592592592594
3 0.6959635416666666 0.5136574074074074 0.07473958333333333 0.08935185185185185
3 0.7850260416666667 0.7108796296296297 0.08151041666666667 0.11712962962962964
3 0.44700520833333335 0.5606481481481481 0.038802083333333334 0.037037037037037035
3 0.52734375 0.33194444444444443 0.049479166666666664 0.04722222222222222
3 0.38372395833333334 0.42708333333333337 0.05286458333333333 0.051388888888888894
3 0.035807291666666664 0.28611111111111115 0.03671875 0.058333333333333334
3 0.7572916666666667 0.5291666666666667 0.03229166666666666 0.04722222222222222
3 0.8454427083333333 0.6743055555555556 0.04192708333333333 0.04583333333333334
