3 0.7098958333333333 0.25324074074074077 0.0359375 0.05185185185185186
3 0.6665364583333333 0.24791666666666667 0.029947916666666668 0.04120370370370371
3 0.19153645833333333 0.36342592592592593 0.07838541666666667 0.08518518518518518
3 0.2772135416666667 0.2814814814814815 0.07265625 0.06574074074074074
3 0.29661458333333335 0.13703703703703704 0.053125 0.058333333333333334
3 0.4734375 0.26967592592592593 0.07395833333333333 0.10046296296296296
3 0.5130208333333334 0.5476851851851852 0.090625 0.1537037037037037
3 0.8157552083333334 0.6585648148148149 0.18359375 0.26712962962962966
3 0.9322916666666666 0.8141203703703704 0.13229166666666667 0.17546296296296296
3 0.953125 0.22685185185185186 0.09375 0.1212962962962963
3 0.6200520833333333 0.27337962962962964 0.0640625 0.09305555555555556
3 0.5670572916666666 0.23587962962962963 0.061197916666666664 0.08750000000000001
3 0.23046875 0.10347222222222223 0.035416666666666666 0.050462962962962966
3 0.22317708333333333 0.3025462962962963 0.022395833333333334 0.028240740740740743
