3 0.573046875 0.18101851851851852 0.02421875 0.02314814814814815
3 0.5110677083333334 0.19722222222222224 0.01484375 0.03518518518518519
3 0.3678385416666667 0.43310185185185185 0.04192708333333333 0.038425925925925926
3 0.8932291666666666 0.3740740740740741 0.06458333333333333 0.0638888888888889
3 0.6055989583333333 0.29976851851851855 0.04244791666666667 0.043055555555555555
1 0.5765625 0.3405092592592593 0.0640625 0.052314814814814814
3 0.42135416666666664 0.8273148148148148 0.0703125 0.11481481481481481
3 0.4908854166666667 0.8847222222222223 0.028125 0.05555555555555556
3 0.3697916666666667 0.6916666666666667 0.06666666666666667 0.08240740740740742
3 0.6571614583333333 0.26689814814814816 0.03984375 0.04398148148148148
