3 0.573046875 0.7828703703703704 0.05286458333333333 0.07685185185185185
3 0.7803385416666666 0.89375 0.07890625 0.12638888888888888
3 0.020572916666666666 0.6449074074074075 0.0359375 0.08611111111111111
3 0.348828125 0.3689814814814815 0.03515625 0.06944444444444445
3 0.290234375 0.5990740740740741 0.047135416666666666 0.07777777777777778
3 0.33359375 0.7097222222222223 0.04739583333333333 0.09074074074074075
3 0.5502604166666667 0.7516203703703704 0.08020833333333333 0.10694444444444445
3 0.5416666666666666 0.8983796296296297 0.14010416666666667 0.1912037037037037
3 0.6404947916666667 0.24375000000000002 0.06796875 0.05324074074074074
3 0.6411458333333333 0.3914351851851852 0.041666666666666664 0.07268518518518519
3 0.6231770833333333 0.3560185185185185 0.030729166666666665 0.07685185185185185
3 0.7221354166666667 0.5469907407407407 0.11354166666666667 0.11527777777777778
3 0.8162760416666667 0.5974537037037038 0.13359375 0.1902777777777778
1 0.4067708333333333 0.21458333333333335 0.05677083333333333 0.06064814814814815
1 0.5158854166666667 0.09699074074074074 0.044270833333333336 0.047685185185185185
