2 0.43502604166666664 0.8025462962962964 0.02265625 0.03657407407407408
3 0.37578125 0.750925925925926 0.01875 0.03425925925925926
3 0.3821614583333333 0.8064814814814815 0.02005208333333333 0.028703703703703703
0 0.331640625 0.5550925925925926 0.020572916666666666 0.04351851851851852
0 0.30768229166666666 0.6037037037037037 0.022135416666666668 0.044444444444444446
0 0.3 0.5599537037037037 0.020833333333333332 0.04027777777777778
0 0.31419270833333335 0.51875 0.01953125 0.04953703703703704
0 0.3028645833333333 0.4861111111111111 0.01875 0.037037037037037035
0 0.2993489583333333 0.6775462962962964 0.020572916666666666 0.04120370370370371
0 0.3484375 0.4810185185185185 0.021875 0.05185185185185186
0 0.3606770833333333 0.4981481481481482 0.024479166666666666 0.044444444444444446
0 0.3548177083333333 0.5842592592592593 0.01953125 0.03796296296296296
0 0.34869791666666666 0.6289351851851852 0.022395833333333334 0.051388888888888894
0 0.32760416666666664 0.6659722222222223 0.019270833333333334 0.04583333333333334
0 0.36158854166666665 0.7143518518518519 0.02265625 0.04814814814814815
0 0.38502604166666665 0.6828703703703703 0.020572916666666666 0.04259259259259259
0 0.37604166666666666 0.6430555555555556 0.027083333333333334 0.05277777777777778
0 0.3860677083333333 0.5835648148148148 0.026302083333333334 0.050462962962962966
0 0.4186197916666667 0.5571759259259259 0.02578125 0.055092592592592596
0 0.426953125 0.6162037037037037 0.020572916666666666 0.04722222222222222
0 0.4203125 0.6724537037037037 0.02395833333333333 0.05601851851851852
0 0.45065104166666664 0.6724537037037037 0.02786458333333333 0.06064814814814815
2 0.4518229166666667 0.5819444444444445 0.027604166666666666 0.053703703703703705
0 0.4811197916666667 0.5606481481481481 0.028385416666666666 0.05740740740740741
0 0.5403645833333334 0.619212962962963 0.03802083333333333 0.07083333333333333
0 0.5028645833333333 0.49768518518518523 0.022395833333333334 0.05277777777777778
0 0.48515625 0.44328703703703703 0.034895833333333334 0.0699074074074074
0 0.521484375 0.39722222222222225 0.03671875 0.07222222222222223
0 0.5305989583333334 0.4810185185185185 0.02786458333333333 0.06296296296296297
0 0.5802083333333333 0.5 0.035416666666666666 0.08240740740740742
0 0.59765625 0.44560185185185186 0.034375 0.07453703703703704
0 0.6850260416666667 0.37430555555555556 0.04401041666666666 0.0837962962962963
2 0.6143229166666666 0.2724537037037037 0.040625 0.07916666666666666
2 0.8389322916666666 0.18611111111111112 0.03046875 0.053703703703703705
2 0.7725260416666666 0.2224537037037037 0.02265625 0.03657407407407408
2 0.7915364583333333 0.040046296296296295 0.046614583333333334 0.03657407407407408
2 0.6908854166666667 0.47337962962962965 0.05416666666666667 0.059722222222222225
1 0.39609375 0.9006944444444445 0.0515625 0.12268518518518519
1 0.4734375 0.84375 0.06822916666666666 0.23842592592592593
1 0.6169270833333333 0.8032407407407408 0.021354166666666667 0.05185185185185186
1 0.6877604166666667 0.8300925925925926 0.05416666666666667 0.07592592592592592
1 0.5830729166666666 0.775 0.021875 0.03888888888888889
3 0.8885416666666667 0.8847222222222223 0.0484375 0.06759259259259259
3 0.669921875 0.22083333333333335 0.02786458333333333 0.03333333333333333
1 0.4080729166666667 0.43333333333333335 0.0328125 0.06851851851851852
