2 0.8872395833333333 0.1752314814814815 0.17864583333333334 0.1125
0 0.716796875 0.23958333333333334 0.10963541666666667 0.17916666666666667
0 0.8044270833333333 0.2851851851851852 0.10833333333333334 0.1925925925925926
0 0.7779947916666666 0.3805555555555556 0.09921875 0.1925925925925926
0 0.7166666666666667 0.41805555555555557 0.09010416666666667 0.1824074074074074
0 0.6127604166666667 0.39328703703703705 0.11354166666666667 0.21064814814814817
0 0.6625 0.5412037037037037 0.12395833333333334 0.20833333333333334
2 0.9166666666666666 0.6569444444444444 0.13020833333333334 0.1537037037037037
0 0.9260416666666667 0.5766203703703704 0.08177083333333333 0.12638888888888888
0 0.8518229166666667 0.5710648148148149 0.06927083333333334 0.11712962962962964
1 0.03268229166666667 0.5 0.06484375 0.15833333333333333
1 0.3484375 0.4224537037037037 0.07604166666666666 0.1476851851851852
1 0.4108072916666667 0.2831018518518519 0.10963541666666667 0.1125
2 0.8092447916666666 0.7511574074074074 0.11796875 0.2476851851851852
2 0.45091145833333335 0.7759259259259259 0.09921875 0.06296296296296297
0 0.7092447916666667 0.670138888888889 0.07942708333333333 0.13842592592592592
0 0.9125 0.2275462962962963 0.11145833333333333 0.20046296296296298
0 0.9807291666666667 0.2275462962962963 0.0390625 0.19583333333333333
0 0.7634114583333333 0.11898148148148148 0.11796875 0.20185185185185187
0 0.875 0.04421296296296297 0.10885416666666667 0.08750000000000001
3 0.16966145833333332 0.669212962962963 0.05026041666666667 0.0837962962962963
3 0.6061197916666666 0.10949074074074075 0.054947916666666666 0.07916666666666666
3 0.37083333333333335 0.8141203703703704 0.0515625 0.08750000000000001
