3 0.83671875 0.028935185185185185 0.04635416666666667 0.05694444444444444
2 0.190625 0.5199074074074074 0.0265625 0.06296296296296297
3 0.5485677083333333 0.4569444444444445 0.04453125 0.061111111111111116
3 0.3880208333333333 0.9092592592592593 0.04583333333333333 0.08703703703703704
3 0.42669270833333334 0.7722222222222223 0.04453125 0.08611111111111111
3 0.4421875 0.8162037037037038 0.051041666666666666 0.0962962962962963
1 0.9588541666666667 0.021296296296296296 0.059895833333333336 0.04166666666666667
1 0.9083333333333333 0.04652777777777778 0.096875 0.09212962962962963
1 0.7654947916666667 0.20162037037037037 0.07421875 0.09861111111111112
2 0.56640625 0.7923611111111112 0.05416666666666667 0.08935185185185185
2 0.6408854166666667 0.6863425925925927 0.07916666666666666 0.08842592592592594
2 0.41484375 0.4620370370370371 0.06979166666666667 0.05925925925925926
2 0.43385416666666665 0.33078703703703705 0.034375 0.04953703703703704
2 0.4998697916666667 0.2601851851851852 0.03359375 0.07592592592592592
3 0.8585937499999999 0.1076388888888889 0.03333333333333333 0.05324074074074074
2 0.12408854166666666 0.6324074074074074 0.02005208333333333 0.08611111111111111
