3 0.326171875 0.32245370370370374 0.029947916666666668 0.06064814814814815
3 0.3462239583333333 0.18078703703703705 0.02734375 0.04398148148148148
1 0.08463541666666667 0.5868055555555556 0.08020833333333333 0.1486111111111111
3 0.6459635416666667 0.14907407407407408 0.06588541666666667 0.09814814814814815
3 0.9412760416666667 0.19097222222222224 0.11744791666666667 0.09861111111111112
3 0.616796875 0.34675925925925927 0.04765625 0.058333333333333334
3 0.4829427083333333 0.30347222222222225 0.029427083333333333 0.047685185185185185
3 0.4966145833333333 0.3726851851851852 0.06979166666666667 0.10092592592592593
3 0.3580729166666667 0.3648148148148148 0.033854166666666664 0.061111111111111116
3 0.5967447916666666 0.1425925925925926 0.053385416666666664 0.06944444444444445
3 0.5416666666666666 0.09166666666666667 0.030729166666666665 0.06759259259259259
3 0.5520833333333334 0.10949074074074075 0.0359375 0.06620370370370371
3 0.27838541666666666 0.44074074074074077 0.028645833333333332 0.049074074074074076
3 0.07591145833333333 0.506712962962963 0.03828125 0.05324074074074074
3 0.12682291666666667 0.444212962962963 0.0265625 0.06527777777777778
3 0.5658854166666667 0.020601851851851854 0.03854166666666667 0.04027777777777778
