3 0.5880208333333333 0.17847222222222223 0.022916666666666665 0.020833333333333336
3 0.5244791666666666 0.19143518518518518 0.013020833333333334 0.03287037037037037
3 0.51328125 0.9481481481481482 0.03802083333333333 0.05925925925925926
1 0.5954427083333333 0.3490740740740741 0.06536458333333334 0.06018518518518519
3 0.38125 0.4412037037037037 0.04375 0.04537037037037037
3 0.380859375 0.7208333333333333 0.061197916666666664 0.08425925925925926
3 0.4458333333333333 0.8814814814814815 0.07239583333333333 0.13425925925925927
3 0.6231770833333333 0.30625 0.04635416666666667 0.046759259259259264
3 0.9428385416666667 0.3960648148148148 0.08411458333333333 0.06805555555555556
3 0.6803385416666666 0.27199074074074076 0.04296875 0.043055555555555555
