3 0.47486979166666665 0.23402777777777778 0.03046875 0.047685185185185185
3 0.40260416666666665 0.14166666666666666 0.03697916666666667 0.05185185185185186
3 0.9115885416666667 0.1900462962962963 0.04140625 0.05787037037037037
2 0.9432291666666667 0.34120370370370373 0.11197916666666667 0.11481481481481481
1 0.8546874999999999 0.3247685185185185 0.11041666666666666 0.16805555555555557
3 0.7014322916666667 0.2275462962962963 0.05234375 0.047685185185185185
3 0.46393229166666666 0.6062500000000001 0.05651041666666667 0.07731481481481482
3 0.5536458333333333 0.3944444444444445 0.0484375 0.062037037037037036
3 0.618359375 0.3888888888888889 0.047135416666666666 0.0787037037037037
3 0.5217447916666667 0.9532407407407407 0.06328125 0.09444444444444444
3 0.590234375 0.9543981481481482 0.06380208333333333 0.09212962962962963
3 0.7497395833333333 0.8731481481481482 0.08802083333333333 0.14074074074074075
3 0.7834635416666667 0.7664351851851852 0.08151041666666667 0.11898148148148148
3 0.6106770833333334 0.6974537037037037 0.07708333333333334 0.12268518518518519
3 0.6673177083333334 0.6719907407407407 0.06953125 0.11620370370370371
3 0.7337239583333334 0.46435185185185185 0.054427083333333334 0.08518518518518518
3 0.8481770833333333 0.10925925925925926 0.049479166666666664 0.06481481481481481
3 0.5598958333333334 0.14675925925925926 0.040625 0.049074074074074076
3 0.612109375 0.14606481481481481 0.05234375 0.07361111111111111
3 0.5161458333333333 0.2990740740740741 0.04791666666666666 0.06481481481481481
3 0.2700520833333333 0.49583333333333335 0.051041666666666666 0.06851851851851852
3 0.31979166666666664 0.5023148148148149 0.0484375 0.08148148148148149
3 0.27513020833333335 0.34814814814814815 0.05078125 0.07222222222222223
3 0.33359375 0.13495370370370371 0.042708333333333334 0.04120370370370371
