3 0.7286458333333333 0.27337962962962964 0.0546875 0.055092592592592596
3 0.23255208333333333 0.5944444444444444 0.07916666666666666 0.10092592592592593
3 0.3028645833333333 0.48032407407407407 0.0484375 0.0699074074074074
3 0.408984375 0.4729166666666667 0.05286458333333333 0.07546296296296297
3 0.3841145833333333 0.4115740740740741 0.0484375 0.07037037037037037
3 0.37864583333333335 0.35208333333333336 0.0453125 0.06064814814814815
3 0.35182291666666665 0.6851851851851852 0.058854166666666666 0.13518518518518519
3 0.7563802083333333 0.8435185185185186 0.09088541666666666 0.1398148148148148
3 0.58125 0.7625000000000001 0.04375 0.07685185185185185
3 0.54453125 0.6196759259259259 0.05677083333333333 0.08009259259259259
3 0.7098958333333333 0.5078703703703704 0.0625 0.08796296296296297
3 0.9528645833333333 0.5291666666666667 0.042708333333333334 0.062037037037037036
3 0.20091145833333332 0.5101851851851852 0.05234375 0.07037037037037037
3 0.09700520833333333 0.44606481481481486 0.054947916666666666 0.07453703703703704
