3 0.8411458333333334 0.24421296296296297 0.03229166666666666 0.030092592592592594
3 0.8266927083333333 0.28032407407407406 0.03411458333333333 0.02638888888888889
3 0.705078125 0.325 0.04244791666666667 0.049074074074074076
3 0.47994791666666664 0.39537037037037037 0.04791666666666666 0.04351851851851852
3 0.4303385416666667 0.32731481481481484 0.03359375 0.04722222222222222
3 0.5102864583333333 0.4414351851851852 0.05026041666666667 0.050462962962962966
3 0.308984375 0.4430555555555556 0.05026041666666667 0.04259259259259259
3 0.3 0.4053240740740741 0.04635416666666667 0.05601851851851852
3 0.6018229166666667 0.6622685185185185 0.042708333333333334 0.06527777777777778
3 0.58828125 0.7206018518518519 0.0453125 0.06342592592592593
