3 0.32513020833333334 0.4539351851851852 0.03307291666666667 0.07916666666666666
3 0.6399739583333334 0.17962962962962964 0.03515625 0.0462962962962963
3 0.25299479166666666 0.5928240740740741 0.054427083333333334 0.08101851851851852
3 0.5670572916666666 0.7000000000000001 0.07838541666666667 0.10185185185185186
3 0.7873697916666667 0.5967592592592593 0.061718749999999996 0.09166666666666667
3 0.62734375 0.281712962962963 0.052083333333333336 0.050462962962962966
3 0.10807291666666667 0.48356481481481484 0.040625 0.05694444444444444
3 0.14986979166666667 0.45 0.03828125 0.05925925925925926
3 0.45273437499999997 0.5979166666666667 0.07630208333333333 0.0837962962962963
3 0.52421875 0.7671296296296296 0.08697916666666666 0.1277777777777778
3 0.453125 0.8634259259259259 0.08125 0.1212962962962963
3 0.8140625 0.7824074074074074 0.09739583333333333 0.14074074074074075
3 0.7138020833333333 0.8324074074074075 0.11927083333333333 0.1574074074074074
3 0.04049479166666667 0.7689814814814815 0.07838541666666667 0.11851851851851852
3 0.37057291666666664 0.8 0.071875 0.1287037037037037
3 0.63203125 0.14027777777777778 0.02395833333333333 0.05462962962962963
3 0.6592447916666666 0.40231481481481485 0.08723958333333333 0.11388888888888889
3 0.6404947916666667 0.525 0.07109375 0.07962962962962963
3 0.7428385416666666 0.4354166666666667 0.061197916666666664 0.08657407407407408
3 0.9348958333333334 0.28240740740740744 0.06458333333333333 0.075
3 0.9537760416666666 0.3842592592592593 0.06588541666666667 0.06944444444444445
3 0.8270833333333333 0.4844907407407408 0.1046875 0.1328703703703704
3 0.8052083333333333 0.28032407407407406 0.040625 0.05324074074074074
3 0.3587239583333333 0.33981481481481485 0.05234375 0.05555555555555556
3 0.28463541666666664 0.5037037037037038 0.0421875 0.06296296296296297
3 0.18333333333333332 0.3703703703703704 0.0359375 0.04814814814814815
