3 0.7908854166666667 0.2780092592592593 0.042708333333333334 0.059722222222222225
3 0.6897135416666667 0.29305555555555557 0.05546875 0.08888888888888889
3 0.7734375 0.1076388888888889 0.07604166666666666 0.07453703703703704
3 0.7424479166666667 0.18101851851851852 0.08645833333333333 0.11111111111111112
3 0.6334635416666666 0.24305555555555555 0.05546875 0.08611111111111111
3 0.20286458333333332 0.3594907407407408 0.071875 0.09305555555555556
3 0.30052083333333335 0.2604166666666667 0.059375 0.06712962962962964
3 0.24973958333333332 0.2881944444444445 0.03177083333333333 0.0375
3 0.028645833333333332 0.40046296296296297 0.0515625 0.058333333333333334
3 0.31614583333333335 0.11388888888888889 0.058854166666666666 0.058333333333333334
3 0.23880208333333333 0.05763888888888889 0.034895833333333334 0.04398148148148148
3 0.5180989583333333 0.2798611111111111 0.07786458333333333 0.11620370370370371
3 0.5802083333333333 0.6141203703703704 0.10885416666666667 0.17824074074074076
