3 0.019270833333333334 0.48842592592592593 0.0375 0.03888888888888889
3 0.028515625 0.5092592592592593 0.04453125 0.04259259259259259
3 0.5493489583333333 0.594675925925926 0.054427083333333334 0.08287037037037037
3 0.5169270833333334 0.6553240740740741 0.06979166666666667 0.08287037037037037
3 0.9170572916666666 0.4539351851851852 0.05234375 0.09027777777777778
3 0.5388020833333333 0.8252314814814815 0.07552083333333333 0.11990740740740741
3 0.48463541666666665 0.8537037037037037 0.07916666666666666 0.1175925925925926
3 0.48463541666666665 0.50625 0.1125 0.1587962962962963
3 0.19596354166666666 0.4287037037037037 0.04505208333333333 0.0787037037037037
3 0.12955729166666666 0.45787037037037037 0.055989583333333336 0.075
3 0.058333333333333334 0.36944444444444446 0.05 0.06851851851851852
3 0.807421875 0.3391203703703704 0.061197916666666664 0.0699074074074074
3 0.73515625 0.3391203703703704 0.05 0.06712962962962964
3 0.7376302083333334 0.2738425925925926 0.05807291666666667 0.06342592592592593
3 0.7065104166666667 0.4462962962962963 0.0609375 0.075
3 0.6114583333333333 0.7722222222222223 0.103125 0.14351851851851852
3 0.46002604166666666 0.9467592592592593 0.11536458333333333 0.10740740740740741
3 0.96328125 0.8685185185185186 0.0734375 0.15
2 0.637109375 0.4101851851851852 0.08046875 0.06481481481481481
3 0.6372395833333333 0.22361111111111112 0.03854166666666667 0.058333333333333334
3 0.6334635416666666 0.1763888888888889 0.03411458333333333 0.0462962962962963
3 0.041276041666666666 0.5405092592592593 0.05234375 0.07453703703703704
3 0.16263020833333333 0.3914351851851852 0.039322916666666666 0.07083333333333333
3 0.5338541666666666 0.5157407407407407 0.05520833333333333 0.10833333333333334
