3 0.3768229166666667 0.5331018518518519 0.03229166666666666 0.059722222222222225
3 0.366015625 0.5108796296296296 0.031510416666666666 0.051388888888888894
2 0.8175781249999999 0.5060185185185185 0.05234375 0.08148148148148149
1 0.019661458333333333 0.8800925925925926 0.03567708333333333 0.08796296296296297
0 0.45 0.7912037037037037 0.0625 0.1212962962962963
2 0.49960937499999997 0.8939814814814815 0.06380208333333333 0.08148148148148149
0 0.4954427083333333 0.9532407407407407 0.06588541666666667 0.09444444444444444
2 0.457421875 0.5141203703703704 0.028385416666666666 0.04953703703703704
2 0.5100260416666667 0.4328703703703704 0.04973958333333333 0.05185185185185186
2 0.3790364583333333 0.3113425925925926 0.04973958333333333 0.04953703703703704
2 0.39869791666666665 0.21087962962962964 0.03229166666666666 0.04120370370370371
2 0.4477864583333333 0.15185185185185185 0.028385416666666666 0.05648148148148149
3 0.3294270833333333 0.59375 0.03802083333333333 0.055092592592592596
2 0.29322916666666665 0.6995370370370371 0.025 0.11018518518518519
3 0.46953125 0.28935185185185186 0.03229166666666666 0.049074074074074076
1 0.6358072916666666 0.09212962962962963 0.05234375 0.07685185185185185
3 0.7053385416666667 0.020601851851851854 0.02265625 0.034722222222222224
