3 0.5815104166666667 0.5106481481481482 0.040625 0.07222222222222223
3 0.4731770833333333 0.9145833333333334 0.0546875 0.10416666666666667
3 0.44895833333333335 0.8546296296296296 0.04895833333333333 0.08148148148148149
2 0.6147135416666667 0.9064814814814816 0.06848958333333333 0.11111111111111112
2 0.6908854166666667 0.7784722222222222 0.09166666666666666 0.09861111111111112
2 0.4303385416666667 0.5141203703703704 0.07213541666666666 0.06527777777777778
2 0.44895833333333335 0.36921296296296297 0.0359375 0.059722222222222225
2 0.18619791666666666 0.5594907407407408 0.0328125 0.08009259259259259
2 0.11354166666666667 0.6793981481481481 0.0234375 0.08842592592592594
2 0.5201822916666666 0.28726851851851853 0.039322916666666666 0.0837962962962963
1 0.8127604166666667 0.23726851851851852 0.09270833333333334 0.10787037037037038
1 0.9549479166666667 0.058101851851851856 0.090625 0.11527777777777778
3 0.9151041666666666 0.13657407407407407 0.043229166666666666 0.05277777777777778
3 0.8947916666666667 0.040740740740740744 0.04635416666666667 0.06759259259259259
