3 0.5666666666666667 0.3076388888888889 0.0328125 0.050462962962962966
3 0.3260416666666667 0.2831018518518519 0.034375 0.04953703703703704
3 0.3703125 0.26944444444444443 0.04010416666666666 0.04722222222222222
3 0.31731770833333334 0.5131944444444445 0.04140625 0.06898148148148149
3 0.28346354166666665 0.4988425925925926 0.055989583333333336 0.0699074074074074
3 0.775390625 0.524537037037037 0.04765625 0.062037037037037036
3 0.097265625 0.3851851851851852 0.05026041666666667 0.053703703703703705
3 0.56640625 0.38101851851851853 0.04375 0.03888888888888889
3 0.49114583333333334 0.3548611111111111 0.035416666666666666 0.04120370370370371
3 0.434765625 0.39513888888888893 0.04505208333333333 0.055092592592592596
3 0.399609375 0.4363425925925926 0.047135416666666666 0.059722222222222225
3 0.42669270833333334 0.49699074074074073 0.047135416666666666 0.06157407407407408
3 0.42799479166666665 0.5474537037037037 0.04088541666666667 0.06157407407407408
3 0.541796875 0.6685185185185185 0.05807291666666667 0.10185185185185186
3 0.4309895833333333 0.6347222222222223 0.04895833333333333 0.08240740740740742
3 0.46445312499999997 0.674074074074074 0.05807291666666667 0.09074074074074075
3 0.43124999999999997 0.8696759259259259 0.06145833333333333 0.10787037037037038
3 0.39739583333333334 0.7689814814814815 0.03854166666666667 0.09166666666666667
3 0.2890625 0.6351851851851852 0.04895833333333333 0.07685185185185185
3 0.5041666666666667 0.4752314814814815 0.040625 0.06620370370370371
