3 0.30690104166666665 0.22731481481481483 0.02578125 0.03981481481481482
3 0.4805989583333333 0.1865740740740741 0.03046875 0.04814814814814815
3 0.6337239583333333 0.4400462962962963 0.09348958333333333 0.12731481481481483
3 0.5557291666666666 0.4849537037037037 0.049479166666666664 0.06805555555555556
3 0.5848958333333333 0.5488425925925926 0.0625 0.08935185185185185
3 0.47565104166666666 0.5101851851851852 0.047135416666666666 0.06759259259259259
3 0.8079427083333334 0.8812500000000001 0.05859375 0.055092592592592596
3 0.33697916666666666 0.4351851851851852 0.04583333333333333 0.06666666666666667
3 0.6677083333333333 0.9111111111111111 0.12864583333333332 0.1787037037037037
3 0.4759114583333333 0.7726851851851853 0.07317708333333334 0.1212962962962963
3 0.26393229166666665 0.5083333333333333 0.06328125 0.08518518518518518
3 0.04674479166666667 0.7668981481481482 0.07473958333333333 0.09953703703703703
3 0.555078125 0.29976851851851855 0.05755208333333333 0.07361111111111111
3 0.6763020833333333 0.38819444444444445 0.058854166666666666 0.07453703703703704
3 0.9673177083333333 0.5564814814814815 0.06536458333333334 0.10185185185185186
3 0.948046875 0.20787037037037037 0.10390624999999999 0.11481481481481481
3 0.655859375 0.5439814814814815 0.029947916666666668 0.03981481481481482
3 0.621875 0.51875 0.03177083333333333 0.033796296296296297
