1 0.31536458333333334 0.3106481481481482 0.034895833333333334 0.05740740740740741
3 0.13346354166666666 0.4449074074074074 0.023177083333333334 0.032407407407407406
0 0.9848958333333333 0.20231481481481484 0.030729166666666665 0.0787037037037037
0 0.979296875 0.12083333333333333 0.03619791666666666 0.07685185185185185
3 0.9424479166666666 0.15347222222222223 0.04114583333333333 0.07824074074074075
3 0.7686197916666666 0.09907407407407408 0.03307291666666667 0.044444444444444446
3 0.59765625 0.38125000000000003 0.03697916666666667 0.0375
3 0.19739583333333333 0.4930555555555556 0.024479166666666666 0.02962962962962963
3 0.23684895833333333 0.5171296296296296 0.028385416666666666 0.032407407407407406
3 0.188671875 0.5664351851851852 0.02786458333333333 0.03194444444444445
3 0.16940104166666667 0.6219907407407408 0.031510416666666666 0.031018518518518518
3 0.3190104166666667 0.5745370370370371 0.0265625 0.04814814814814815
3 0.310546875 0.6173611111111111 0.031510416666666666 0.05416666666666667
1 0.2779947916666667 0.6134259259259259 0.05286458333333333 0.07777777777777778
2 0.24609375 0.5766203703703704 0.030208333333333334 0.059722222222222225
1 0.46770833333333334 0.3314814814814815 0.0359375 0.04351851851851852
1 0.40768229166666664 0.42615740740740743 0.04140625 0.06527777777777778
1 0.455078125 0.4518518518518519 0.06015625 0.07777777777777778
1 0.8716145833333333 0.4076388888888889 0.13802083333333334 0.10416666666666667
1 0.983984375 0.9543981481481482 0.032552083333333336 0.09212962962962963
1 0.40729166666666666 0.5768518518518518 0.0625 0.0962962962962963
1 0.5276041666666667 0.8157407407407408 0.1328125 0.24629629629629632
