3 0.087109375 0.36944444444444446 0.09296875 0.1462962962962963
3 0.8157552083333334 0.3023148148148148 0.04869791666666667 0.08148148148148149
3 0.7830729166666667 0.5192129629629629 0.058854166666666666 0.08935185185185185
3 0.9803385416666667 0.6599537037037038 0.039322916666666666 0.10231481481481482
3 0.9359375 0.8166666666666667 0.0609375 0.09814814814814815
3 0.740234375 0.913888888888889 0.11692708333333333 0.17314814814814816
3 0.6971354166666667 0.10462962962962963 0.034895833333333334 0.05555555555555556
3 0.694140625 0.15 0.04348958333333333 0.06296296296296297
3 0.5830729166666666 0.28726851851851853 0.052083333333333336 0.09027777777777778
3 0.5623697916666667 0.3615740740740741 0.06015625 0.08888888888888889
3 0.5 0.36550925925925926 0.058854166666666666 0.0837962962962963
3 0.4529947916666667 0.45787037037037037 0.05651041666666667 0.1212962962962963
3 0.391015625 0.7393518518518519 0.08359375 0.18055555555555555
3 0.9748697916666667 0.46296296296296297 0.04869791666666667 0.10833333333333334
3 0.904296875 0.46481481481481485 0.061718749999999996 0.11481481481481481
3 0.679296875 0.3127314814814815 0.047135416666666666 0.07361111111111111
3 0.7184895833333333 0.36875 0.06041666666666667 0.1087962962962963
3 0.6346354166666667 0.2814814814814815 0.049479166666666664 0.08148148148148149
3 0.43059895833333334 0.06273148148148149 0.046614583333333334 0.0699074074074074
3 0.4791666666666667 0.14282407407407408 0.034895833333333334 0.059722222222222225
3 0.512890625 0.1814814814814815 0.047135416666666666 0.06481481481481481
3 0.45273437499999997 0.26805555555555555 0.05026041666666667 0.08240740740740742
3 0.38046875 0.36944444444444446 0.049479166666666664 0.0787037037037037
