3 0.073828125 0.7819444444444444 0.07161458333333333 0.10092592592592593
3 0.08841145833333333 0.4430555555555556 0.04921875 0.05185185185185186
3 0.33346354166666664 0.7543981481481482 0.06848958333333333 0.12175925925925926
3 0.5748697916666666 0.3145833333333333 0.030989583333333334 0.031018518518518518
3 0.8234374999999999 0.9365740740740741 0.12708333333333333 0.1277777777777778
3 0.7037760416666666 0.7773148148148148 0.08515625 0.12407407407407407
3 0.5638020833333334 0.5601851851851852 0.08125 0.10462962962962963
3 0.5497395833333333 0.30092592592592593 0.04010416666666666 0.04259259259259259
3 0.671484375 0.29560185185185184 0.04765625 0.04583333333333334
3 0.4141927083333333 0.22939814814814816 0.04505208333333333 0.04120370370370371
