3 0.6638020833333333 0.16064814814814815 0.0390625 0.04351851851851852
3 0.02421875 0.4622685185185185 0.04010416666666666 0.06064814814814815
3 0.162890625 0.42685185185185187 0.04140625 0.05925925925925926
3 0.19921875 0.3456018518518519 0.04010416666666666 0.05416666666666667
3 0.12447916666666667 0.4625 0.03697916666666667 0.05277777777777778
3 0.04921875 0.7483796296296297 0.09427083333333333 0.11898148148148148
3 0.30963541666666666 0.4842592592592593 0.0546875 0.058333333333333334
3 0.343359375 0.43217592592592596 0.04505208333333333 0.06712962962962964
3 0.3794270833333333 0.3108796296296296 0.044270833333333336 0.06712962962962964
3 0.658984375 0.12083333333333333 0.028385416666666666 0.05185185185185186
3 0.8473958333333333 0.2539351851851852 0.051041666666666666 0.059722222222222225
3 0.8981770833333333 0.26990740740740743 0.0609375 0.06851851851851852
3 0.6302083333333334 0.2951388888888889 0.040625 0.038425925925925926
3 0.6578125 0.2571759259259259 0.04791666666666666 0.05324074074074074
3 0.70625 0.3726851851851852 0.071875 0.0925925925925926
3 0.6795572916666667 0.5018518518518519 0.07838541666666667 0.08796296296296297
3 0.8770833333333333 0.45972222222222225 0.10885416666666667 0.125
3 0.78203125 0.41064814814814815 0.06666666666666667 0.09444444444444444
3 0.8790364583333333 0.775462962962963 0.10390624999999999 0.15462962962962964
3 0.8251302083333333 0.6914351851851852 0.10963541666666667 0.1550925925925926
3 0.8587239583333334 0.5856481481481481 0.10234375 0.14722222222222223
3 0.7682291666666666 0.8277777777777778 0.13385416666666666 0.16111111111111112
3 0.3924479166666667 0.7928240740740741 0.0921875 0.13564814814814816
3 0.48463541666666665 0.8534722222222223 0.08229166666666667 0.11990740740740741
3 0.4446614583333333 0.8115740740740741 0.07630208333333333 0.13148148148148148
2 0.27578125 0.6358796296296296 0.08854166666666667 0.059722222222222225
3 0.48463541666666665 0.5916666666666667 0.08072916666666667 0.0787037037037037
3 0.6059895833333333 0.6921296296296297 0.08489583333333334 0.11203703703703705
3 0.5533854166666666 0.7701388888888889 0.09583333333333333 0.12916666666666668
3 0.272265625 0.5766203703703704 0.05807291666666667 0.10046296296296296
