3 0.7501302083333333 0.5513888888888889 0.05078125 0.07592592592592592
3 0.24856770833333333 0.37060185185185185 0.03984375 0.05787037037037037
3 0.4875 0.22546296296296298 0.03125 0.03888888888888889
3 0.3045572916666667 0.3456018518518519 0.03828125 0.05694444444444444
3 0.08697916666666666 0.41458333333333336 0.04635416666666667 0.07361111111111111
3 0.058333333333333334 0.5483796296296296 0.044270833333333336 0.06712962962962964
3 0.07278645833333333 0.5662037037037038 0.047135416666666666 0.05925925925925926
3 0.0859375 0.5868055555555556 0.04583333333333333 0.05694444444444444
3 0.6549479166666666 0.32222222222222224 0.05520833333333333 0.07222222222222223
3 0.9748697916666667 0.7270833333333334 0.05026041666666667 0.10231481481481482
3 0.97265625 0.8122685185185186 0.0546875 0.1125
3 0.9486979166666667 0.8793981481481482 0.090625 0.13842592592592592
3 0.7290364583333333 0.3236111111111111 0.062239583333333334 0.07962962962962963
3 0.7950520833333333 0.381712962962963 0.05520833333333333 0.06435185185185185
3 0.73515625 0.38287037037037036 0.057291666666666664 0.075
3 0.7065104166666667 0.48703703703703705 0.0609375 0.0787037037037037
3 0.566015625 0.6418981481481482 0.047135416666666666 0.07361111111111111
3 0.4959635416666667 0.9511574074074074 0.10026041666666667 0.09861111111111112
3 0.6244791666666667 0.7988425925925926 0.09166666666666666 0.14212962962962963
3 0.4986979166666667 0.5520833333333334 0.103125 0.15231481481481482
3 0.189453125 0.4430555555555556 0.046614583333333334 0.0712962962962963
3 0.163671875 0.5159722222222223 0.05286458333333333 0.07268518518518519
3 0.22825520833333332 0.48171296296296295 0.055989583333333336 0.08101851851851852
