0 0.9757812499999999 0.8053240740740741 0.04895833333333333 0.2189814814814815
0 0.9055989583333334 0.8113425925925927 0.10703125 0.19861111111111113
0 0.82890625 0.9120370370370371 0.103125 0.17685185185185187
0 0.9822916666666667 0.3238425925925926 0.0359375 0.12731481481481483
0 0.8170572916666666 0.5502314814814815 0.11796875 0.18101851851851852
0 0.7365885416666667 0.700462962962963 0.11744791666666667 0.2064814814814815
0 0.717578125 0.8696759259259259 0.12578125 0.22361111111111112
2 0.86953125 0.7493055555555556 0.17291666666666666 0.14120370370370372
2 0.4934895833333333 0.08587962962962964 0.04010416666666666 0.16527777777777777
3 0.5263020833333333 0.6604166666666667 0.07604166666666666 0.12638888888888888
3 0.5944010416666666 0.8673611111111111 0.05078125 0.06527777777777778
3 0.6466145833333333 0.6752314814814815 0.040625 0.050462962962962966
3 0.6454427083333333 0.04212962962962963 0.04453125 0.04351851851851852
