3 0.37473958333333335 0.40601851851851856 0.0296875 0.05277777777777778
0 0.44869791666666664 0.7372685185185186 0.0484375 0.07361111111111111
1 0.6109375 0.02939814814814815 0.04375 0.05787037037037037
2 0.40924479166666666 0.1328703703703704 0.028906249999999998 0.03425925925925926
2 0.4493489583333333 0.08310185185185186 0.02786458333333333 0.046759259259259264
2 0.38450520833333335 0.22222222222222224 0.038802083333333334 0.04351851851851852
2 0.4850260416666667 0.3175925925925926 0.038802083333333334 0.04351851851851852
2 0.4399739583333333 0.38333333333333336 0.023177083333333334 0.03333333333333333
3 0.9298177083333333 0.9305555555555556 0.054947916666666666 0.07685185185185185
3 0.46380208333333334 0.20694444444444446 0.027083333333333334 0.03796296296296296
3 0.3319010416666667 0.45115740740740745 0.028906249999999998 0.04027777777777778
2 0.47161458333333334 0.8125 0.0734375 0.15
2 0.2947916666666667 0.5458333333333334 0.027083333333333334 0.11481481481481481
2 0.45598958333333334 0.6747685185185185 0.05677083333333333 0.06805555555555556
0 0.3458333333333333 0.7453703703703703 0.04010416666666666 0.08703703703703704
0 0.4192708333333333 0.5912037037037037 0.04635416666666667 0.09074074074074075
1 0.076171875 0.6844907407407408 0.03619791666666666 0.07361111111111111
