3 0.8779947916666666 0.325 0.04244791666666667 0.07037037037037037
3 0.10195312499999999 0.5585648148148148 0.06015625 0.08009259259259259
3 0.16692708333333334 0.5210648148148148 0.04791666666666666 0.08750000000000001
3 0.016927083333333332 0.6069444444444445 0.0296875 0.05277777777777778
3 0.027734375 0.6391203703703704 0.054947916666666666 0.07083333333333333
3 0.43776041666666665 0.5354166666666667 0.1015625 0.11898148148148148
3 0.44101562499999997 0.9240740740740742 0.11119791666666666 0.1527777777777778
3 0.8259114583333333 0.7418981481481481 0.07473958333333333 0.0976851851851852
3 0.8514322916666667 0.6787037037037037 0.06901041666666667 0.075
3 0.86328125 0.6173611111111111 0.0828125 0.10231481481481482
3 0.8837239583333333 0.40370370370370373 0.061197916666666664 0.08240740740740742
3 0.9182291666666667 0.362962962962963 0.04583333333333333 0.058333333333333334
3 0.5463541666666667 0.9532407407407407 0.08333333333333333 0.09444444444444444
3 0.6190104166666667 0.45462962962962966 0.057291666666666664 0.0712962962962963
3 0.6375 0.3564814814814815 0.04791666666666666 0.05555555555555556
3 0.6953125 0.3506944444444445 0.044270833333333336 0.06435185185185185
3 0.6825520833333333 0.26990740740740743 0.040625 0.05277777777777778
3 0.63359375 0.2969907407407408 0.0515625 0.07083333333333333
3 0.4923177083333333 0.5986111111111111 0.05651041666666667 0.07222222222222223
3 0.1265625 0.4881944444444445 0.04583333333333333 0.06342592592592593
3 0.5747395833333333 0.3314814814814815 0.03854166666666667 0.036111111111111115
