1 0.4178385416666667 0.10046296296296296 0.05546875 0.07314814814814816
3 0.34661458333333334 0.2793981481481482 0.034375 0.0763888888888889
3 0.020182291666666668 0.6 0.03671875 0.08703703703703704
3 0.28606770833333334 0.5543981481481481 0.05286458333333333 0.09490740740740741
3 0.3279947916666667 0.6847222222222222 0.05859375 0.11018518518518519
3 0.6842447916666666 0.10787037037037038 0.07161458333333333 0.07222222222222223
3 0.6809895833333334 0.28935185185185186 0.0546875 0.09166666666666667
3 0.6571614583333333 0.25277777777777777 0.04505208333333333 0.10185185185185186
3 0.798046875 0.4877314814814815 0.16380208333333332 0.1587962962962963
3 0.9118489583333333 0.5708333333333333 0.17630208333333333 0.2574074074074074
3 0.8678385416666666 0.9402777777777778 0.09869791666666666 0.12037037037037038
3 0.5641927083333333 0.920138888888889 0.16692708333333334 0.16064814814814815
3 0.5528645833333333 0.7597222222222223 0.06979166666666667 0.13240740740740742
3 0.5885416666666666 0.8002314814814815 0.05677083333333333 0.08564814814814815
