1 0.39453125 0.04236111111111111 0.046875 0.06805555555555556
3 0.3087239583333333 0.20833333333333334 0.03359375 0.06851851851851852
3 0.6096354166666667 0.05925925925925926 0.06458333333333333 0.06481481481481481
3 0.5772135416666666 0.23356481481481484 0.040364583333333336 0.08472222222222223
3 0.5596354166666666 0.19953703703703704 0.033854166666666664 0.08333333333333334
3 0.6078125 0.4136574074074074 0.10572916666666667 0.13564814814814816
3 0.14049479166666667 0.6460648148148148 0.03984375 0.0625
3 0.22786458333333334 0.46967592592592594 0.04114583333333333 0.0763888888888889
3 0.3966145833333333 0.8141203703703704 0.11614583333333334 0.19212962962962965
3 0.5885416666666666 0.9437500000000001 0.0828125 0.11342592592592593
3 0.6049479166666667 0.8159722222222222 0.0765625 0.14027777777777778
3 0.6903645833333333 0.4842592592592593 0.13229166666666667 0.23333333333333334
3 0.4122395833333333 0.6502314814814815 0.06510416666666667 0.1125
3 0.43307291666666664 0.68125 0.046875 0.07083333333333333
3 0.24388020833333332 0.5884259259259259 0.05755208333333333 0.11018518518518519
