2 0.978125 0.49930555555555556 0.044270833333333336 0.09953703703703703
3 0.6998697916666666 0.3439814814814815 0.06953125 0.09166666666666667
0 0.8596354166666667 0.7722222222222223 0.1140625 0.18703703703703706
1 0.053515625 0.7166666666666667 0.07630208333333333 0.18796296296296297
1 0.41158854166666664 0.6835648148148148 0.09140625 0.20416666666666666
1 0.483203125 0.5303240740740741 0.10078125 0.11805555555555557
0 0.7350260416666666 0.7342592592592593 0.11276041666666667 0.21203703703703705
0 0.7850260416666667 0.8925925925925926 0.07994791666666666 0.15462962962962964
0 0.8186197916666667 0.9543981481481482 0.08515625 0.09212962962962963
0 0.9555989583333333 0.8090277777777778 0.08932291666666667 0.20046296296296298
0 0.9542968749999999 0.6525462962962963 0.09192708333333333 0.20416666666666666
0 0.8485677083333333 0.5527777777777778 0.11276041666666667 0.2111111111111111
0 0.9046875 0.41087962962962965 0.13333333333333333 0.20972222222222223
0 0.9861979166666667 0.3229166666666667 0.028125 0.17083333333333334
3 0.8087239583333333 0.3800925925925926 0.04192708333333333 0.04259259259259259
3 0.7251302083333333 0.5164351851851852 0.04765625 0.05601851851851852
