1 0.44674479166666664 0.33287037037037037 0.09765625 0.10185185185185186
1 0.3639322916666667 0.43495370370370373 0.09505208333333333 0.11805555555555557
3 0.5631510416666666 0.2175925925925926 0.03984375 0.0638888888888889
3 0.5194010416666667 0.20532407407407408 0.04765625 0.04398148148148148
3 0.697265625 0.5381944444444444 0.06380208333333333 0.06712962962962964
3 0.5641927083333333 0.5979166666666667 0.04192708333333333 0.07546296296296297
3 0.65 0.7324074074074074 0.075 0.11944444444444445
3 0.9425781249999999 0.2918981481481482 0.06536458333333334 0.09398148148148149
3 0.2928385416666667 0.6594907407407408 0.06901041666666667 0.09861111111111112
3 0.19127604166666667 0.6152777777777778 0.05286458333333333 0.09166666666666667
