0 0.960546875 0.7006944444444445 0.07630208333333333 0.12175925925925926
2 0.9158854166666667 0.2606481481481482 0.125 0.11111111111111112
3 0.6438802083333334 0.16736111111111113 0.06328125 0.08287037037037037
3 0.4842447916666667 0.9525462962962963 0.09869791666666666 0.09583333333333334
3 0.403515625 0.9057870370370371 0.045572916666666664 0.08472222222222223
1 0.43190104166666665 0.3541666666666667 0.10755208333333333 0.13055555555555556
1 0.37643229166666664 0.5011574074074074 0.08046875 0.16990740740740742
1 0.05221354166666667 0.5659722222222222 0.06328125 0.1615740740740741
2 0.48658854166666665 0.8731481481481482 0.09869791666666666 0.06759259259259259
0 0.941015625 0.08680555555555555 0.11848958333333333 0.1726851851851852
0 0.81640625 0.18680555555555556 0.11927083333333333 0.20601851851851852
0 0.7634114583333333 0.31851851851851853 0.10911458333333333 0.1925925925925926
0 0.961328125 0.2939814814814815 0.07786458333333333 0.17777777777777778
0 0.8631510416666667 0.3678240740740741 0.09921875 0.1902777777777778
0 0.8450520833333334 0.4849537037037037 0.09166666666666666 0.1902777777777778
0 0.7686197916666666 0.49699074074074073 0.08046875 0.14583333333333334
0 0.7602864583333333 0.7784722222222222 0.08463541666666667 0.13101851851851853
0 0.70859375 0.6243055555555556 0.09739583333333333 0.17731481481481481
0 0.6625 0.48032407407407407 0.10052083333333334 0.19490740740740742
3 0.6618489583333333 0.30671296296296297 0.04401041666666666 0.046759259259259264
2 0.8701822916666666 0.8768518518518519 0.12786458333333334 0.24722222222222223
2 0.959375 0.7958333333333334 0.08177083333333333 0.11944444444444445
