3 0.6411458333333333 0.040046296296296295 0.07552083333333333 0.06064814814814815
3 0.7692708333333333 0.30462962962962964 0.06927083333333334 0.09444444444444444
3 0.8264322916666667 0.1912037037037037 0.11328125 0.13333333333333333
3 0.22421875 0.3377314814814815 0.06822916666666666 0.11342592592592593
3 0.27265625 0.2611111111111111 0.0296875 0.05555555555555556
3 0.321875 0.23240740740740742 0.071875 0.0787037037037037
3 0.34153645833333335 0.0763888888888889 0.054427083333333334 0.06574074074074074
3 0.2635416666666667 0.022685185185185187 0.036458333333333336 0.03888888888888889
3 0.4805989583333333 0.14560185185185187 0.05963541666666666 0.05416666666666667
3 0.5645833333333333 0.2849537037037037 0.08645833333333333 0.09305555555555556
3 0.643359375 0.6592592592592593 0.13515625 0.1962962962962963
3 0.8557291666666667 0.10555555555555556 0.10677083333333333 0.09814814814814815
3 0.8833333333333333 0.29328703703703707 0.05572916666666666 0.05787037037037037
3 0.7029947916666667 0.24282407407407408 0.06536458333333334 0.08657407407407408
