3 0.39153645833333334 0.8555555555555556 0.04921875 0.0962962962962963
3 0.18958333333333333 0.6844907407407408 0.04635416666666667 0.07546296296296297
3 0.6295572916666666 0.13217592592592592 0.06067708333333333 0.07916666666666666
2 0.9455729166666667 0.731712962962963 0.109375 0.12175925925925926
0 0.980078125 0.250462962962963 0.040364583333333336 0.17777777777777778
0 0.93046875 0.23495370370370372 0.08177083333333333 0.14675925925925926
2 0.9049479166666666 0.1902777777777778 0.1328125 0.09166666666666667
1 0.048828125 0.524537037037037 0.06901041666666667 0.15925925925925927
1 0.36822916666666666 0.44953703703703707 0.08125 0.17407407407407408
1 0.42486979166666666 0.30625 0.10130208333333333 0.10324074074074074
0 0.6434895833333333 0.4275462962962963 0.10520833333333333 0.19490740740740742
0 0.6921875 0.5662037037037038 0.11614583333333334 0.19722222222222224
0 0.736328125 0.7150462962962963 0.09609375 0.14120370370370372
0 0.7493489583333334 0.4534722222222222 0.09348958333333333 0.17546296296296296
0 0.8166666666666667 0.4300925925925926 0.103125 0.1925925925925926
0 0.8391927083333334 0.32569444444444445 0.10182291666666667 0.19490740740740742
0 0.7483072916666667 0.26944444444444443 0.11484375 0.1814814814814815
0 0.790234375 0.1502314814814815 0.11848958333333333 0.20416666666666666
0 0.91015625 0.05694444444444444 0.11354166666666667 0.11296296296296297
2 0.4731770833333333 0.8125 0.10260416666666666 0.06759259259259259
2 0.841796875 0.8199074074074074 0.12005208333333334 0.24537037037037038
0 0.88671875 0.631712962962963 0.06510416666666667 0.11712962962962964
0 0.961328125 0.6444444444444445 0.07786458333333333 0.1462962962962963
