3 0.37213541666666666 0.4446759259259259 0.0296875 0.050462962962962966
0 0.4596354166666667 0.7962962962962963 0.0484375 0.0787037037037037
0 0.42356770833333335 0.644212962962963 0.047135416666666666 0.09861111111111112
0 0.35247395833333334 0.8101851851851852 0.04296875 0.09074074074074075
1 0.6122395833333333 0.04861111111111111 0.04895833333333333 0.07037037037037037
3 0.459375 0.23055555555555557 0.0296875 0.04351851851851852
3 0.327734375 0.49236111111111114 0.030989583333333334 0.046759259259259264
2 0.4809895833333333 0.8673611111111111 0.07291666666666667 0.15046296296296297
2 0.46510416666666665 0.7333333333333334 0.05677083333333333 0.06481481481481481
2 0.44375 0.10601851851851853 0.024479166666666666 0.05185185185185186
2 0.290625 0.5990740740740741 0.030208333333333334 0.13148148148148148
2 0.44088541666666664 0.42129629629629634 0.02395833333333333 0.03981481481481482
2 0.485546875 0.3502314814814815 0.04192708333333333 0.04490740740740741
2 0.376953125 0.25277777777777777 0.04192708333333333 0.04722222222222222
2 0.40260416666666665 0.15416666666666667 0.027083333333333334 0.03796296296296296
1 0.057421875 0.7423611111111111 0.03723958333333333 0.0699074074074074
