3 0.8135416666666666 0.1865740740740741 0.03229166666666666 0.05277777777777778
2 0.4907552083333333 0.7578703703703704 0.11328125 0.10462962962962963
3 0.5119791666666667 0.8428240740740741 0.1046875 0.13842592592592592
3 0.384375 0.8273148148148148 0.058333333333333334 0.11944444444444445
3 0.06145833333333333 0.6060185185185185 0.05520833333333333 0.08055555555555556
3 0.027473958333333333 0.5590277777777778 0.048177083333333336 0.07916666666666666
3 0.5009114583333333 0.5578703703703703 0.04453125 0.08425925925925926
3 0.5416666666666666 0.5092592592592593 0.05260416666666667 0.08055555555555556
3 0.5565104166666667 0.36180555555555555 0.05520833333333333 0.08564814814814815
3 0.6666666666666666 0.46574074074074073 0.058854166666666666 0.07407407407407407
3 0.62421875 0.5791666666666667 0.0703125 0.09907407407407408
3 0.699609375 0.5601851851851852 0.05963541666666666 0.07407407407407407
3 0.7247395833333333 0.7428240740740741 0.0828125 0.09675925925925927
3 0.6578125 0.9537037037037037 0.08489583333333334 0.09351851851851853
3 0.5729166666666666 0.9185185185185185 0.090625 0.11296296296296297
3 0.93515625 0.7101851851851853 0.08697916666666666 0.12222222222222223
3 0.8235677083333334 0.4155092592592593 0.04244791666666667 0.046759259259259264
3 0.8440104166666667 0.39537037037037037 0.04114583333333333 0.0462962962962963
3 0.8348958333333333 0.35694444444444445 0.0453125 0.04537037037037037
3 0.6489583333333333 0.23750000000000002 0.0375 0.04537037037037037
3 0.30690104166666665 0.4053240740740741 0.03619791666666666 0.051388888888888894
3 0.268359375 0.4488425925925926 0.04401041666666666 0.050462962962962966
3 0.15221354166666667 0.4173611111111111 0.04244791666666667 0.0625
3 0.8805989583333333 0.9229166666666667 0.12265625 0.1550925925925926
