3 0.6305989583333333 0.18935185185185185 0.032552083333333336 0.0462962962962963
3 0.34270833333333334 0.3456018518518519 0.049479166666666664 0.06712962962962964
3 0.4080729166666667 0.13495370370370371 0.0421875 0.05694444444444444
3 0.580859375 0.3372685185185185 0.05078125 0.06342592592592593
3 0.38515625 0.5180555555555556 0.0546875 0.0787037037037037
3 0.34127604166666664 0.4965277777777778 0.05807291666666667 0.06435185185185185
3 0.4766927083333333 0.1962962962962963 0.03411458333333333 0.03981481481481482
3 0.4686197916666667 0.15555555555555556 0.032552083333333336 0.049074074074074076
3 0.4984375 0.1252314814814815 0.034375 0.047685185185185185
3 0.9352864583333333 0.19768518518518519 0.05078125 0.07592592592592592
1 0.9330729166666667 0.4467592592592593 0.13385416666666666 0.15092592592592594
3 0.798828125 0.5657407407407408 0.06536458333333334 0.09444444444444444
3 0.720703125 0.7675925925925926 0.07630208333333333 0.13148148148148148
3 0.6596354166666667 0.7768518518518519 0.075 0.1212962962962963
3 0.8351562499999999 0.8854166666666667 0.07552083333333333 0.11620370370370371
3 0.791015625 0.9622685185185186 0.08932291666666667 0.0763888888888889
3 0.6200520833333333 0.4534722222222222 0.04375 0.07083333333333333
3 0.6803385416666666 0.46111111111111114 0.05078125 0.0787037037037037
3 0.771875 0.3055555555555556 0.051041666666666666 0.062037037037037036
