3 0.38841145833333335 0.5893518518518519 0.03619791666666666 0.0638888888888889
3 0.37447916666666664 0.5668981481481482 0.034375 0.0699074074074074
1 0.764453125 0.019212962962962963 0.07734375 0.0375
0 0.4786458333333333 0.8898148148148148 0.06302083333333333 0.1287037037037037
2 0.5421875 0.9750000000000001 0.052083333333333336 0.05092592592592593
2 0.8682291666666666 0.5560185185185186 0.05416666666666667 0.08055555555555556
2 0.5328125 0.48379629629629634 0.05416666666666667 0.0638888888888889
2 0.47812499999999997 0.575925925925926 0.0296875 0.04259259259259259
2 0.38190104166666666 0.34467592592592594 0.04765625 0.051388888888888894
2 0.4015625 0.23564814814814816 0.029166666666666667 0.04259259259259259
2 0.45729166666666665 0.17939814814814817 0.0296875 0.05601851851851852
1 0.659375 0.11527777777777778 0.059375 0.08148148148148149
3 0.4830729166666667 0.32453703703703707 0.03229166666666666 0.05277777777777778
3 0.33736979166666664 0.6569444444444444 0.03723958333333333 0.0638888888888889
3 0.7321614583333333 0.04120370370370371 0.023177083333333334 0.037037037037037035
