2 0.836328125 0.4224537037037037 0.04973958333333333 0.03564814814814815
1 0.7540364583333333 0.29583333333333334 0.02578125 0.04351851851851852
1 0.9243489583333333 0.27569444444444446 0.04505208333333333 0.0375
1 0.6041666666666666 0.40578703703703706 0.03802083333333333 0.04120370370370371
1 0.2954427083333333 0.5388888888888889 0.03203125 0.04351851851851852
1 0.3553385416666667 0.5481481481481482 0.03359375 0.04814814814814815
1 0.44479166666666664 0.41944444444444445 0.03802083333333333 0.04351851851851852
3 0.7444010416666667 0.607638888888889 0.03203125 0.04583333333333334
3 0.7024739583333334 0.9340277777777778 0.04140625 0.051388888888888894
3 0.7236979166666666 0.9812500000000001 0.03229166666666666 0.038425925925925926
3 0.8595052083333333 0.7965277777777778 0.05234375 0.07916666666666666
3 0.8102864583333333 0.7166666666666667 0.03619791666666666 0.04814814814814815
3 0.925390625 0.7974537037037037 0.03411458333333333 0.0587962962962963
3 0.9386718749999999 0.9708333333333333 0.05807291666666667 0.05925925925925926
3 0.867578125 0.8840277777777779 0.05026041666666667 0.07361111111111111
3 0.791796875 0.9784722222222223 0.04453125 0.04398148148148148
3 0.6828125 0.8208333333333334 0.03697916666666667 0.05277777777777778
0 0.5963541666666666 0.6875 0.03697916666666667 0.06759259259259259
2 0.566015625 0.8490740740740741 0.047135416666666666 0.11388888888888889
1 0.46770833333333334 0.5171296296296296 0.04635416666666667 0.062037037037037036
1 0.357421875 0.7377314814814815 0.07213541666666666 0.11342592592592593
