1 0.5576822916666666 0.9270833333333334 0.03671875 0.06527777777777778
1 0.610546875 0.9143518518518519 0.031510416666666666 0.058333333333333334
1 0.68515625 0.8462962962962963 0.05677083333333333 0.07592592592592592
2 0.497265625 0.5592592592592592 0.05546875 0.053703703703703705
3 0.39739583333333334 0.3664351851851852 0.027083333333333334 0.03564814814814815
3 0.8479166666666667 0.7101851851851853 0.04583333333333333 0.06296296296296297
3 0.5229166666666667 0.1398148148148148 0.019791666666666666 0.04166666666666667
2 0.479296875 0.08171296296296296 0.02734375 0.031018518518518518
2 0.516015625 0.029166666666666667 0.023177083333333334 0.04722222222222222
2 0.45481770833333335 0.16226851851851853 0.03619791666666666 0.04027777777777778
2 0.4928385416666667 0.30092592592592593 0.01796875 0.030555555555555558
2 0.5345052083333334 0.23958333333333334 0.03411458333333333 0.03935185185185185
2 0.361328125 0.4430555555555556 0.028385416666666666 0.09537037037037037
0 0.4653645833333333 0.48194444444444445 0.0484375 0.08148148148148149
0 0.4864583333333333 0.6127314814814815 0.04010416666666666 0.0699074074074074
0 0.39934895833333334 0.6141203703703704 0.046614583333333334 0.07916666666666666
0 0.3951822916666667 0.6821759259259259 0.04192708333333333 0.07824074074074075
0 0.42278645833333334 0.8185185185185185 0.04973958333333333 0.0962962962962963
0 0.33541666666666664 0.7143518518518519 0.04114583333333333 0.0712962962962963
0 0.2993489583333333 0.6398148148148148 0.04505208333333333 0.08055555555555556
