3 0.8118489583333334 0.23171296296296298 0.09505208333333333 0.1087962962962963
3 0.8811197916666667 0.20115740740740742 0.05807291666666667 0.06157407407407408
3 0.9369791666666667 0.24583333333333335 0.058854166666666666 0.0638888888888889
3 0.751953125 0.15462962962962964 0.07682291666666667 0.09074074074074075
3 0.28489583333333335 0.15578703703703703 0.08645833333333333 0.1087962962962963
3 0.01614583333333333 0.44050925925925927 0.03125 0.10972222222222222
3 0.6299479166666666 0.5548611111111111 0.12708333333333333 0.2013888888888889
3 0.606640625 0.18171296296296297 0.07630208333333333 0.10324074074074074
3 0.900390625 0.12847222222222224 0.11640625 0.12916666666666668
3 0.9447916666666667 0.044675925925925924 0.11041666666666666 0.08009259259259259
3 0.957421875 0.8460648148148149 0.08359375 0.3087962962962963
3 0.388671875 0.07546296296296297 0.06901041666666667 0.07685185185185185
