1 0.5048177083333333 0.9006944444444445 0.03046875 0.04027777777777778
1 0.5545572916666667 0.8905092592592593 0.039322916666666666 0.0699074074074074
2 0.4830729166666667 0.27569444444444446 0.021875 0.03287037037037037
2 0.5282552083333333 0.21157407407407408 0.030989583333333334 0.04722222222222222
2 0.44921875 0.13240740740740742 0.0328125 0.03981481481481482
1 0.63828125 0.8266203703703704 0.05625 0.07546296296296297
3 0.8140625 0.694212962962963 0.04791666666666666 0.06064814814814815
3 0.3893229166666667 0.33263888888888893 0.030208333333333334 0.04120370370370371
2 0.479296875 0.5361111111111111 0.05651041666666667 0.053703703703703705
2 0.3481770833333333 0.4138888888888889 0.027604166666666666 0.10555555555555556
0 0.44895833333333335 0.45439814814814816 0.042708333333333334 0.07916666666666666
0 0.38125 0.5854166666666667 0.0359375 0.08101851851851852
0 0.37252604166666664 0.6615740740740741 0.04453125 0.08240740740740742
0 0.38229166666666664 0.7974537037037037 0.0484375 0.08842592592592594
0 0.31549479166666666 0.6787037037037037 0.03619791666666666 0.062037037037037036
0 0.279296875 0.6046296296296296 0.03984375 0.07222222222222223
3 0.5221354166666666 0.10717592592592592 0.02395833333333333 0.046759259259259264
