3 0.9395833333333333 0.5944444444444444 0.05625 0.058333333333333334
3 0.7483072916666667 0.7000000000000001 0.023177083333333334 0.02592592592592593
3 0.7005208333333334 0.6872685185185186 0.059375 0.07453703703703704
3 0.116015625 0.39837962962962964 0.028385416666666666 0.051388888888888894
3 0.5088541666666666 0.7108796296296297 0.0296875 0.034722222222222224
3 0.7653645833333333 0.8606481481481482 0.06145833333333333 0.09722222222222222
3 0.8111979166666666 0.8363425925925926 0.0265625 0.04490740740740741
3 0.8770833333333333 0.9219907407407407 0.06770833333333333 0.1125
3 0.8083333333333333 0.6615740740740741 0.06197916666666667 0.07777777777777778
3 0.8717447916666666 0.6425925925925926 0.05234375 0.058333333333333334
1 0.8985677083333333 0.4877314814814815 0.07630208333333333 0.09305555555555556
3 0.44479166666666664 0.5773148148148148 0.04583333333333333 0.049074074074074076
