2 0.453125 0.05 0.0328125 0.09907407407407408
3 0.599609375 0.5682870370370371 0.039322916666666666 0.03564814814814815
3 0.551171875 0.7511574074074074 0.047135416666666666 0.059722222222222225
3 0.4876302083333333 0.5641203703703704 0.07109375 0.11712962962962964
2 0.8170572916666666 0.6145833333333334 0.16588541666666667 0.14212962962962963
0 0.9565104166666667 0.20115740740740742 0.0875 0.1476851851851852
0 0.7647135416666666 0.4287037037037037 0.11536458333333333 0.17407407407407408
0 0.6864583333333333 0.5731481481481482 0.11354166666666667 0.1925925925925926
0 0.6087239583333334 0.9428240740740741 0.12317708333333333 0.11527777777777778
0 0.7190104166666667 0.9273148148148148 0.08958333333333333 0.1462962962962963
0 0.8048177083333333 0.930787037037037 0.11432291666666666 0.13935185185185187
0 0.6673177083333334 0.7388888888888889 0.11171874999999999 0.21203703703703705
0 0.7783854166666666 0.7648148148148148 0.10885416666666667 0.2111111111111111
0 0.8557291666666667 0.6666666666666667 0.10520833333333333 0.19814814814814816
0 0.9479166666666666 0.6386574074074074 0.08072916666666667 0.18842592592592594
0 0.983984375 0.625925925925926 0.032552083333333336 0.1787037037037037
