3 0.8561197916666666 0.44583333333333336 0.08255208333333333 0.14351851851851852
3 0.7391927083333333 0.1287037037037037 0.09296875 0.09814814814814815
3 0.4048177083333333 0.9266203703703704 0.07473958333333333 0.1476851851851852
2 0.6579427083333333 0.1099537037037037 0.13515625 0.17916666666666667
3 0.9375 0.9252314814814815 0.0625 0.1087962962962963
3 0.6470052083333333 0.3763888888888889 0.10598958333333333 0.14444444444444446
3 0.69453125 0.5560185185185186 0.10520833333333333 0.13425925925925927
3 0.7584635416666666 0.701388888888889 0.11692708333333333 0.1638888888888889
3 0.6588541666666666 0.7768518518518519 0.1125 0.18333333333333335
3 0.35859375 0.6766203703703704 0.11770833333333333 0.18194444444444446
3 0.056380208333333334 0.3215277777777778 0.055989583333333336 0.08287037037037037
