3 0.7930989583333333 0.2881944444444445 0.08098958333333334 0.09398148148148149
3 0.14309895833333333 0.24537037037037038 0.05286458333333333 0.058333333333333334
3 0.3899739583333333 0.1564814814814815 0.06901041666666667 0.07777777777777778
3 0.287890625 0.23912037037037037 0.07473958333333333 0.09953703703703703
3 0.028255208333333334 0.5229166666666667 0.05234375 0.09953703703703703
3 0.6233072916666667 0.6018518518518519 0.12421875 0.17685185185185187
3 0.6026041666666666 0.23078703703703704 0.08854166666666667 0.12638888888888888
3 0.8673177083333333 0.1789351851851852 0.10807291666666667 0.13194444444444445
3 0.9184895833333333 0.08541666666666667 0.11770833333333333 0.09953703703703703
3 0.334765625 0.17476851851851852 0.028385416666666666 0.04120370370370371
3 0.9088541666666666 0.29212962962962963 0.05677083333333333 0.06296296296296297
3 0.8541666666666666 0.2636574074074074 0.0515625 0.04212962962962963
3 0.734375 0.21944444444444444 0.0703125 0.07592592592592592
