3 0.25481770833333334 0.15671296296296297 0.04765625 0.0587962962962963
3 0.190625 0.3125 0.0265625 0.03888888888888889
3 0.6041666666666666 0.19421296296296298 0.0328125 0.04120370370370371
3 0.6509114583333333 0.1925925925925926 0.03984375 0.05185185185185186
3 0.52734375 0.20810185185185187 0.049479166666666664 0.07361111111111111
3 0.569921875 0.23287037037037037 0.054947916666666666 0.07685185185185185
3 0.14986979166666667 0.38101851851851853 0.06015625 0.08888888888888889
3 0.23958333333333334 0.28402777777777777 0.05520833333333333 0.07361111111111111
3 0.745703125 0.5722222222222223 0.17265625 0.2490740740740741
3 0.9080729166666667 0.42314814814814816 0.06770833333333333 0.062037037037037036
3 0.46432291666666664 0.5152777777777778 0.09791666666666667 0.1537037037037037
3 0.621875 0.14675925925925926 0.08072916666666667 0.0925925925925926
3 0.64921875 0.07453703703703704 0.06822916666666666 0.07222222222222223
3 0.4239583333333333 0.27314814814814814 0.06979166666666667 0.07222222222222223
