3 0.9756510416666666 0.46435185185185185 0.04921875 0.05740740740740741
1 0.9497395833333333 0.3388888888888889 0.10104166666666667 0.09537037037037037
3 0.89921875 0.49930555555555556 0.06197916666666667 0.06527777777777778
3 0.8276041666666667 0.5027777777777778 0.07760416666666667 0.08148148148148149
3 0.884375 0.7706018518518519 0.06979166666666667 0.1125
3 0.8149739583333333 0.6770833333333334 0.031510416666666666 0.04027777777777778
3 0.7618489583333333 0.6965277777777779 0.06692708333333333 0.09953703703703703
3 0.5005208333333333 0.9145833333333334 0.05416666666666667 0.08842592592592594
3 0.753515625 0.5349537037037038 0.02578125 0.031018518518518518
3 0.6998697916666666 0.5118055555555556 0.06588541666666667 0.07916666666666666
3 0.555078125 0.3060185185185185 0.04192708333333333 0.04814814814814815
3 0.092578125 0.1587962962962963 0.03411458333333333 0.05185185185185186
3 0.4264322916666667 0.36967592592592596 0.04401041666666666 0.051388888888888894
3 0.480859375 0.5085648148148149 0.031510416666666666 0.04027777777777778
