3 0.9768229166666667 0.3914351851851852 0.046875 0.05601851851851852
3 0.8149739583333333 0.6152777777777778 0.03671875 0.04259259259259259
3 0.748828125 0.4849537037037037 0.028385416666666666 0.034722222222222224
3 0.07291666666666667 0.16435185185185186 0.034895833333333334 0.06296296296296297
3 0.4080729166666667 0.3428240740740741 0.051041666666666666 0.04583333333333334
3 0.46484375 0.4724537037037037 0.035416666666666666 0.034722222222222224
3 0.479296875 0.8766203703703704 0.06067708333333333 0.09027777777777778
3 0.7592447916666667 0.637962962962963 0.07109375 0.1
3 0.8917968749999999 0.7143518518518519 0.08203125 0.1212962962962963
3 0.692578125 0.45625000000000004 0.06640625 0.08009259259259259
3 0.8234374999999999 0.4449074074074074 0.0859375 0.07592592592592592
3 0.8983072916666667 0.4328703703703704 0.06380208333333333 0.06296296296296297
3 0.545703125 0.26666666666666666 0.046614583333333334 0.04259259259259259
1 0.9497395833333333 0.26481481481481484 0.10104166666666667 0.08240740740740742
