1 0.9665364583333333 0.28935185185185186 0.06744791666666666 0.09074074074074075
3 0.9735677083333333 0.5145833333333334 0.053385416666666664 0.09861111111111112
3 0.8973958333333333 0.549074074074074 0.11354166666666667 0.13055555555555556
3 0.9611979166666667 0.8358796296296297 0.042708333333333334 0.07361111111111111
3 0.36640625 0.5043981481481482 0.06041666666666667 0.06898148148148149
3 0.44440104166666666 0.6789351851851853 0.04505208333333333 0.04583333333333334
3 0.5240885416666666 0.3770833333333333 0.054947916666666666 0.050462962962962966
3 0.7428385416666666 0.6208333333333333 0.08307291666666666 0.08148148148148149
3 0.8140625 0.6203703703703703 0.03333333333333333 0.04351851851851852
3 0.88671875 0.8851851851851852 0.12447916666666667 0.1787037037037037
