3 0.5411458333333333 0.7229166666666667 0.05416666666666667 0.10787037037037038
3 0.1390625 0.4965277777777778 0.04583333333333333 0.07453703703703704
3 0.05611979166666667 0.6168981481481481 0.07994791666666666 0.12268518518518519
3 0.029947916666666668 0.5395833333333333 0.05625 0.08472222222222223
3 0.22578125 0.3652777777777778 0.04635416666666667 0.05740740740740741
3 0.248046875 0.46597222222222223 0.047135416666666666 0.07083333333333333
3 0.030598958333333332 0.7337962962962963 0.055989583333333336 0.1388888888888889
3 0.5256510416666667 0.4553240740740741 0.05546875 0.0699074074074074
3 0.771875 0.46481481481481485 0.06145833333333333 0.08703703703703704
3 0.9282552083333333 0.6381944444444445 0.07734375 0.07824074074074075
3 0.7595052083333333 0.20555555555555557 0.047135416666666666 0.062037037037037036
