3 0.34609375 0.30185185185185187 0.03802083333333333 0.04814814814814815
3 0.10377604166666667 0.38819444444444445 0.04401041666666666 0.050462962962962966
3 0.14322916666666666 0.4701388888888889 0.042708333333333334 0.05601851851851852
3 0.162890625 0.5699074074074074 0.04973958333333333 0.06759259259259259
3 0.03997395833333333 0.4655092592592593 0.06067708333333333 0.0587962962962963
3 0.03802083333333333 0.7388888888888889 0.06197916666666667 0.08055555555555556
3 0.251171875 0.6018518518518519 0.04973958333333333 0.07222222222222223
3 0.3028645833333333 0.6150462962962964 0.0546875 0.07546296296296297
3 0.325 0.49976851851851856 0.034895833333333334 0.06064814814814815
3 0.392578125 0.5027777777777778 0.05234375 0.08055555555555556
3 0.4321614583333333 0.4361111111111111 0.05546875 0.05740740740740741
3 0.43697916666666664 0.6307870370370371 0.057291666666666664 0.0699074074074074
3 0.5151041666666667 0.538425925925926 0.04583333333333333 0.07592592592592592
3 0.42291666666666666 0.5648148148148149 0.043229166666666666 0.06666666666666667
3 0.49453125 0.3914351851851852 0.03802083333333333 0.06620370370370371
3 0.4212239583333333 0.3770833333333333 0.04505208333333333 0.05416666666666667
3 0.5716145833333334 0.32083333333333336 0.04010416666666666 0.04259259259259259
3 0.575390625 0.41574074074074074 0.03619791666666666 0.05277777777777778
3 0.4412760416666667 0.7618055555555556 0.046614583333333334 0.10787037037037038
3 0.4864583333333333 0.7870370370370371 0.06979166666666667 0.10092592592592593
3 0.5864583333333333 0.782175925925926 0.06458333333333333 0.1087962962962963
3 0.418359375 0.9483796296296296 0.06015625 0.10416666666666667
3 0.8330729166666666 0.556712962962963 0.06510416666666667 0.07824074074074075
