3 0.93828125 0.6956018518518519 0.057291666666666664 0.055092592592592596
3 0.21705729166666665 0.41458333333333336 0.06380208333333333 0.08935185185185185
3 0.047526041666666664 0.45 0.061718749999999996 0.05925925925925926
3 0.3006510416666667 0.3189814814814815 0.05807291666666667 0.08148148148148149
3 0.21848958333333332 0.0699074074074074 0.040625 0.061111111111111116
3 0.55 0.12268518518518519 0.06041666666666667 0.06851851851851852
3 0.494140625 0.3564814814814815 0.06901041666666667 0.11481481481481481
3 0.586328125 0.31828703703703703 0.06588541666666667 0.10601851851851853
3 0.6858072916666667 0.2796296296296296 0.07630208333333333 0.11111111111111112
3 0.7115885416666666 0.19375 0.07109375 0.08657407407407408
3 0.5518229166666666 0.6662037037037037 0.0828125 0.1537037037037037
3 0.8016927083333333 0.7856481481481482 0.13203125 0.20925925925925926
3 0.7264322916666667 0.36180555555555555 0.05286458333333333 0.06620370370370371
3 0.29583333333333334 0.14606481481481481 0.05 0.06620370370370371
3 0.6354166666666666 0.37777777777777777 0.06302083333333333 0.10555555555555556
