1 0.5447916666666667 0.9652777777777778 0.025 0.04814814814814815
1 0.6002604166666666 0.950462962962963 0.0328125 0.05277777777777778
1 0.6701822916666667 0.8828703703703704 0.05286458333333333 0.08240740740740742
3 0.8302083333333333 0.7402777777777778 0.0453125 0.058333333333333334
3 0.362890625 0.3715277777777778 0.02786458333333333 0.04120370370370371
3 0.48997395833333335 0.14606481481481481 0.023697916666666666 0.04027777777777778
0 0.357421875 0.7030092592592593 0.05026041666666667 0.08009259259259259
0 0.3651041666666667 0.6333333333333333 0.04114583333333333 0.07685185185185185
0 0.43320312499999997 0.49606481481481485 0.04453125 0.0837962962962963
0 0.46380208333333334 0.6293981481481482 0.0453125 0.08287037037037037
0 0.3989583333333333 0.8435185185185186 0.049479166666666664 0.08611111111111111
2 0.32513020833333334 0.45810185185185187 0.028385416666666666 0.09490740740740741
2 0.4647135416666667 0.575462962962963 0.047135416666666666 0.05277777777777778
2 0.45989583333333334 0.3125 0.021875 0.03333333333333333
2 0.5037760416666667 0.25277777777777777 0.038802083333333334 0.03796296296296296
2 0.4161458333333333 0.16666666666666669 0.034895833333333334 0.03518518518518519
2 0.4817708333333333 0.03657407407407408 0.024479166666666666 0.0462962962962963
2 0.4412760416666667 0.0738425925925926 0.01953125 0.03564814814814815
