3 0.295703125 0.04421296296296297 0.05755208333333333 0.0837962962962963
3 0.42343749999999997 0.40925925925925927 0.043229166666666666 0.053703703703703705
3 0.86953125 0.0962962962962963 0.0890625 0.13425925925925927
3 0.28606770833333334 0.5553240740740741 0.15234375 0.19490740740740742
3 0.37395833333333334 0.8476851851851852 0.09010416666666667 0.21666666666666667
3 0.6825520833333333 0.5268518518518519 0.13072916666666667 0.18981481481481483
3 0.7834635416666667 0.39837962962962964 0.14661458333333333 0.17824074074074076
3 0.6084635416666666 0.10023148148148149 0.11901041666666666 0.15972222222222224
3 0.6959635416666666 0.26481481481481484 0.09661458333333334 0.14814814814814814
3 0.565625 0.938425925925926 0.11041666666666666 0.12407407407407407
3 0.07669270833333333 0.3138888888888889 0.05286458333333333 0.08148148148148149
