0 0.40195312499999997 0.02777777777777778 0.05026041666666667 0.05462962962962963
0 0.3587239583333333 0.05949074074074074 0.05807291666666667 0.1125
3 0.606640625 0.11226851851851852 0.039322916666666666 0.04861111111111111
3 0.553125 0.8398148148148148 0.040625 0.05185185185185186
3 0.5966145833333333 0.6868055555555556 0.03229166666666666 0.034722222222222224
3 0.5061197916666667 0.6682870370370371 0.05234375 0.10787037037037038
2 0.4747395833333333 0.15833333333333333 0.04010416666666666 0.14907407407407408
2 0.9765625 0.3944444444444445 0.04739583333333333 0.11018518518518519
0 0.5953125 0.9750000000000001 0.08385416666666666 0.05092592592592593
0 0.684765625 0.9657407407407408 0.07942708333333333 0.06944444444444445
0 0.7494791666666667 0.9680555555555556 0.08125 0.06481481481481481
0 0.6483072916666667 0.8393518518518519 0.10078125 0.18611111111111112
0 0.7341145833333333 0.8743055555555556 0.09010416666666667 0.17083333333333334
0 0.805078125 0.7993055555555556 0.09817708333333333 0.16990740740740742
0 0.8876302083333333 0.7824074074074074 0.09817708333333333 0.17314814814814816
0 0.9458333333333333 0.744212962962963 0.10885416666666667 0.16527777777777777
0 0.6670572916666666 0.7041666666666667 0.09557291666666666 0.16296296296296298
0 0.7338541666666667 0.5796296296296296 0.09479166666666666 0.14537037037037037
0 0.903125 0.3840277777777778 0.08020833333333333 0.11898148148148148
