1 0.45 0.2710648148148148 0.029166666666666667 0.0375
1 0.408984375 0.2476851851851852 0.03359375 0.04814814814814815
3 0.36354166666666665 0.48726851851851855 0.022395833333333334 0.034722222222222224
2 0.145703125 0.48379629629629634 0.06067708333333333 0.03888888888888889
1 0.06705729166666667 0.6018518518518519 0.04505208333333333 0.05740740740740741
1 0.33697916666666666 0.7287037037037037 0.043229166666666666 0.07222222222222223
2 0.3751302083333333 0.7928240740740741 0.03828125 0.1087962962962963
2 0.53125 0.5430555555555556 0.049479166666666664 0.11111111111111112
1 0.5963541666666666 0.5520833333333334 0.0484375 0.07916666666666666
1 0.5834635416666667 0.6541666666666667 0.06901041666666667 0.1
1 0.9208333333333333 0.7229166666666667 0.06770833333333333 0.09027777777777778
1 0.8359375 0.7699074074074075 0.0296875 0.05648148148148149
1 0.7622395833333333 0.9388888888888889 0.0859375 0.12314814814814816
