3 0.45729166666666665 0.9500000000000001 0.03229166666666666 0.058333333333333334
3 0.45143229166666665 0.7527777777777778 0.028385416666666666 0.04722222222222222
3 0.8924479166666667 0.7726851851851853 0.034375 0.05740740740740741
3 0.8334635416666667 0.69375 0.030989583333333334 0.04583333333333334
3 0.7501302083333333 0.5979166666666667 0.02578125 0.04212962962962963
1 0.58828125 0.9081018518518519 0.042708333333333334 0.07546296296296297
1 0.6263020833333334 0.7974537037037037 0.04895833333333333 0.08842592592592594
1 0.56640625 0.731712962962963 0.04375 0.059722222222222225
1 0.56953125 0.5761574074074074 0.04010416666666666 0.05416666666666667
1 0.49322916666666666 0.47175925925925927 0.043229166666666666 0.04259259259259259
1 0.340625 0.5335648148148149 0.042708333333333334 0.06064814814814815
1 0.19518229166666667 0.4916666666666667 0.04973958333333333 0.05740740740740741
