3 0.525390625 0.5780092592592593 0.03463541666666667 0.06620370370370371
3 0.2774739583333333 0.48379629629629634 0.03567708333333333 0.06944444444444445
3 0.68984375 0.7236111111111111 0.059375 0.09537037037037037
3 0.7282552083333333 0.3995370370370371 0.09348958333333333 0.15925925925925927
3 0.4967447916666667 0.5578703703703703 0.04244791666666667 0.0787037037037037
3 0.4998697916666667 0.6826388888888889 0.10755208333333333 0.14953703703703705
3 0.3169270833333333 0.5671296296296297 0.046875 0.09074074074074075
3 0.022526041666666666 0.5636574074074074 0.04244791666666667 0.07916666666666666
3 0.3274739583333333 0.2888888888888889 0.032552083333333336 0.06481481481481481
3 0.6548177083333333 0.37476851851851856 0.08984375 0.0763888888888889
3 0.5779947916666667 0.24537037037037038 0.029947916666666668 0.07314814814814816
3 0.592578125 0.27037037037037037 0.03463541666666667 0.07407407407407407
3 0.6016927083333333 0.14722222222222223 0.053906249999999996 0.0462962962962963
3 0.2046875 0.6349537037037037 0.049479166666666664 0.05416666666666667
1 0.38190104166666666 0.16064814814814815 0.05026041666666667 0.05185185185185186
1 0.47994791666666664 0.040046296296296295 0.0390625 0.04953703703703704
