2 0.3963541666666667 0.4446759259259259 0.041666666666666664 0.04583333333333334
3 0.46015625 0.36041666666666666 0.03697916666666667 0.04953703703703704
3 0.41562499999999997 0.7560185185185185 0.0703125 0.10555555555555556
3 0.3634114583333333 0.5777777777777778 0.032552083333333336 0.062037037037037036
3 0.7395833333333334 0.3939814814814815 0.0515625 0.06851851851851852
3 0.5057291666666667 0.3456018518518519 0.03854166666666667 0.04398148148148148
3 0.45416666666666666 0.32685185185185184 0.03697916666666667 0.04259259259259259
3 0.44427083333333334 0.4354166666666667 0.04791666666666666 0.050462962962962966
3 0.6399739583333334 0.3282407407407408 0.047135416666666666 0.05555555555555556
3 0.6350260416666667 0.46296296296296297 0.05286458333333333 0.05925925925925926
3 0.6240885416666666 0.5145833333333334 0.04140625 0.046759259259259264
3 0.60546875 0.5541666666666667 0.0421875 0.06574074074074074
3 0.8278645833333333 0.5326388888888889 0.05364583333333333 0.06435185185185185
3 0.8608072916666667 0.5087962962962963 0.06588541666666667 0.07592592592592592
3 0.915625 0.5300925925925926 0.07395833333333333 0.09537037037037037
3 0.6981770833333333 0.6856481481481482 0.07916666666666666 0.14074074074074075
3 0.7921875 0.7722222222222223 0.08854166666666667 0.1277777777777778
3 0.9182291666666667 0.8962962962962964 0.1546875 0.20833333333333334
3 0.6610677083333333 0.9337962962962963 0.09661458333333334 0.13333333333333333
3 0.509375 0.9291666666666667 0.07916666666666666 0.12407407407407407
3 0.3587239583333333 0.8111111111111111 0.05807291666666667 0.1175925925925926
3 0.41484375 0.64375 0.06614583333333333 0.07731481481481482
3 0.10703125 0.5300925925925926 0.0484375 0.062037037037037036
3 0.04739583333333333 0.6548611111111111 0.044270833333333336 0.07083333333333333
3 0.302734375 0.5502314814814815 0.07109375 0.10231481481481482
3 0.634375 0.269212962962963 0.027604166666666666 0.05787037037037037
3 0.7352864583333333 0.2715277777777778 0.032552083333333336 0.04583333333333334
