3 0.015885416666666666 0.7418981481481481 0.0265625 0.09675925925925927
3 0.3748697916666667 0.44375000000000003 0.040364583333333336 0.05787037037037037
3 0.16848958333333333 0.41111111111111115 0.04114583333333333 0.04814814814814815
3 0.18684895833333334 0.3386574074074074 0.03411458333333333 0.04398148148148148
3 0.024739583333333332 0.5858796296296297 0.04583333333333333 0.06064814814814815
3 0.373828125 0.7368055555555556 0.053385416666666664 0.08287037037037037
3 0.49960937499999997 0.6969907407407407 0.048177083333333336 0.0699074074074074
3 0.54765625 0.6358796296296296 0.0359375 0.059722222222222225
3 0.5428385416666667 0.569212962962963 0.04192708333333333 0.06435185185185185
3 0.5817708333333333 0.5986111111111111 0.03229166666666666 0.07222222222222223
3 0.5592447916666666 0.48842592592592593 0.04401041666666666 0.06296296296296297
3 0.4393229166666667 0.5326388888888889 0.04375 0.059722222222222225
3 0.33958333333333335 0.669675925925926 0.040625 0.06064814814814815
3 0.2518229166666667 0.5405092592592593 0.043229166666666666 0.06435185185185185
3 0.4524739583333333 0.8560185185185185 0.04192708333333333 0.07592592592592592
3 0.6705729166666666 0.7030092592592593 0.04583333333333333 0.07916666666666666
3 0.8115885416666666 0.9351851851851852 0.05286458333333333 0.10092592592592593
3 0.855078125 0.6914351851851852 0.08723958333333333 0.15231481481481482
3 0.9518229166666666 0.5148148148148148 0.03802083333333333 0.058333333333333334
3 0.9738281249999999 0.6180555555555556 0.05234375 0.08611111111111111
3 0.83671875 0.38819444444444445 0.0359375 0.055092592592592596
3 0.4524739583333333 0.3180555555555556 0.03671875 0.04814814814814815
3 0.5352864583333333 0.36087962962962966 0.028385416666666666 0.05324074074074074
3 0.4427083333333333 0.3650462962962963 0.044270833333333336 0.05416666666666667
3 0.48138020833333334 0.2743055555555556 0.028906249999999998 0.04490740740740741
