3 0.6673177083333334 0.18287037037037038 0.03046875 0.03981481481481482
1 0.40794270833333335 0.3995370370370371 0.03411458333333333 0.06759259259259259
3 0.8641927083333333 0.8289351851851852 0.04453125 0.06898148148148149
2 0.7895833333333333 0.012731481481481483 0.0375 0.024537037037037038
0 0.451171875 0.6409722222222223 0.02786458333333333 0.059722222222222225
0 0.4212239583333333 0.631712962962963 0.023177083333333334 0.04583333333333334
0 0.426953125 0.5865740740740741 0.023177083333333334 0.049074074074074076
0 0.4173177083333333 0.5229166666666667 0.030989583333333334 0.059722222222222225
0 0.3860677083333333 0.5456018518518518 0.023697916666666666 0.04583333333333334
0 0.37864583333333335 0.5995370370370371 0.027083333333333334 0.05277777777777778
0 0.38515625 0.649537037037037 0.021875 0.04722222222222222
0 0.36484375 0.6805555555555556 0.02395833333333333 0.04722222222222222
0 0.33671875 0.6502314814814815 0.0234375 0.03657407407407408
0 0.32447916666666665 0.6236111111111111 0.020833333333333332 0.03888888888888889
0 0.34869791666666666 0.5923611111111111 0.021354166666666667 0.04027777777777778
0 0.35546875 0.5479166666666667 0.020833333333333332 0.04120370370370371
0 0.33125 0.51875 0.01614583333333333 0.04212962962962963
0 0.3619791666666667 0.46597222222222223 0.024479166666666666 0.04490740740740741
0 0.3458333333333333 0.4476851851851852 0.024479166666666666 0.044444444444444446
0 0.305078125 0.45115740740740745 0.01796875 0.0375
0 0.3131510416666667 0.4810185185185185 0.02265625 0.04722222222222222
0 0.301953125 0.5273148148148148 0.020572916666666666 0.04814814814814815
0 0.31002604166666664 0.5685185185185185 0.02786458333333333 0.04351851851851852
0 0.3229166666666667 0.6907407407407408 0.025 0.04259259259259259
0 0.3006510416666667 0.6465277777777778 0.020572916666666666 0.050462962962962966
0 0.4786458333333333 0.5287037037037037 0.034895833333333334 0.062037037037037036
0 0.5321614583333333 0.5766203703703704 0.03619791666666666 0.06435185185185185
0 0.5026041666666666 0.46643518518518523 0.021875 0.04583333333333334
0 0.5299479166666666 0.44606481481481486 0.035416666666666666 0.06620370370370371
0 0.48151041666666666 0.41111111111111115 0.03177083333333333 0.06759259259259259
0 0.51796875 0.3650462962962963 0.04010416666666666 0.07453703703703704
0 0.577734375 0.4627314814814815 0.039322916666666666 0.0837962962962963
0 0.5970052083333334 0.4138888888888889 0.04192708333333333 0.07592592592592592
0 0.6815104166666667 0.33819444444444446 0.049479166666666664 0.08009259259259259
1 0.39088541666666665 0.8497685185185185 0.0515625 0.10787037037037038
1 0.4661458333333333 0.7923611111111112 0.06770833333333333 0.22731481481481483
3 0.383203125 0.7675925925925926 0.023177083333333334 0.03796296296296296
1 0.6053385416666667 0.7557870370370371 0.025260416666666667 0.04583333333333334
1 0.5692708333333333 0.7270833333333334 0.019791666666666666 0.03657407407407408
1 0.6716145833333333 0.7780092592592592 0.05416666666666667 0.07453703703703704
2 0.6860677083333333 0.44074074074074077 0.055989583333333336 0.07685185185185185
2 0.6131510416666667 0.23310185185185187 0.045572916666666664 0.0837962962962963
2 0.7721354166666666 0.18101851851851852 0.019270833333333334 0.03888888888888889
2 0.83671875 0.14652777777777778 0.03229166666666666 0.059722222222222225
