3 0.5860677083333333 0.5439814814814815 0.04505208333333333 0.075
3 0.9132812499999999 0.5326388888888889 0.0703125 0.11712962962962964
3 0.6802083333333333 0.4134259259259259 0.0484375 0.06666666666666667
3 0.7190104166666667 0.41620370370370374 0.040625 0.06759259259259259
3 0.7221354166666667 0.48750000000000004 0.057291666666666664 0.07685185185185185
3 0.4845052083333333 0.5280092592592592 0.04505208333333333 0.07083333333333333
3 0.4705729166666667 0.6284722222222222 0.051041666666666666 0.0837962962962963
3 0.4147135416666667 0.7247685185185185 0.04244791666666667 0.07453703703703704
3 0.496484375 0.6949074074074074 0.04973958333333333 0.08796296296296297
3 0.5421875 0.6152777777777778 0.059895833333333336 0.08240740740740742
3 0.9263020833333333 0.862962962962963 0.10833333333333334 0.1287037037037037
3 0.8641927083333333 0.7597222222222223 0.08828125 0.11944444444444445
3 0.6205729166666667 0.8708333333333333 0.053125 0.10555555555555556
3 0.5552083333333333 0.8780092592592593 0.0703125 0.09861111111111112
3 0.3391927083333333 0.6851851851851852 0.05546875 0.0962962962962963
3 0.3821614583333333 0.8268518518518518 0.055989583333333336 0.09074074074074075
3 0.790625 0.3543981481481482 0.04635416666666667 0.07268518518518519
