3 0.37135416666666665 0.6168981481481481 0.040625 0.055092592592592596
3 0.10481770833333333 0.56875 0.028906249999999998 0.03194444444444445
3 0.29830729166666664 0.47175925925925927 0.03411458333333333 0.03518518518518519
3 0.34153645833333335 0.500462962962963 0.02786458333333333 0.03518518518518519
3 0.18606770833333333 0.46319444444444446 0.03411458333333333 0.034722222222222224
3 0.6026041666666666 0.6231481481481481 0.0515625 0.07037037037037037
3 0.8915364583333333 0.47199074074074077 0.07109375 0.0699074074074074
3 0.9411458333333333 0.35717592592592595 0.05416666666666667 0.04953703703703704
1 0.3921875 0.32337962962962963 0.04635416666666667 0.055092592592592596
1 0.6411458333333333 0.30092592592592593 0.05416666666666667 0.07037037037037037
