0 0.5852272727272727 0.1362847222222222 0.06534090909090909 0.09201388888888888
0 0.7201704545454546 0.16059027777777776 0.08522727272727273 0.10590277777777778
0 0.6555397727272727 0.20052083333333331 0.09232954545454546 0.11631944444444443
0 0.7294034090909091 0.2630208333333333 0.078125 0.10243055555555555
0 0.8068181818181819 0.16145833333333331 0.07670454545454546 0.10763888888888888
0 0.8174715909090909 0.2769097222222222 0.05539772727272727 0.06770833333333333
0 0.8075284090909091 0.3506944444444444 0.061079545454545456 0.06944444444444445
0 0.8856534090909091 0.3758680555555555 0.08664772727272728 0.11284722222222221
0 0.9417613636363636 0.4461805555555555 0.09375 0.1111111111111111
0 0.8998579545454546 0.1987847222222222 0.08948863636363637 0.13020833333333331
0 0.9701704545454546 0.2769097222222222 0.0625 0.10590277777777778
0 0.5078125 0.6067708333333333 0.10369318181818182 0.13020833333333331
1 0.6143465909090909 0.4782986111111111 0.10653409090909091 0.1267361111111111
1 0.23224431818181818 0.6996527777777778 0.12642045454545456 0.18055555555555555
