0 0.295221843003413 0.2833333333333333 0.07849829351535836 0.09166666666666666
0 0.29436860068259385 0.2125 0.042662116040955635 0.05
0 0.5349829351535836 0.3697916666666667 0.08020477815699659 0.10208333333333333
0 0.5776450511945392 0.265625 0.06996587030716724 0.08958333333333333
0 0.6322525597269625 0.10833333333333334 0.08361774744027303 0.1125
0 0.5213310580204779 0.03854166666666667 0.06996587030716724 0.07291666666666667
0 0.44112627986348124 0.025 0.059726962457337884 0.04583333333333333
0 0.07081911262798635 0.5802083333333333 0.12457337883959045 0.10625
0 0.22013651877133106 0.7645833333333333 0.07849829351535836 0.15
0 0.9197952218430034 0.35833333333333334 0.12286689419795221 0.1625
0 0.6715017064846417 0.409375 0.12116040955631399 0.16875
0 0.7525597269624573 0.553125 0.11604095563139932 0.16041666666666665
0 0.8668941979522184 0.6635416666666667 0.10921501706484642 0.14375
