2 0.6729166666666667 0.21234567901234566 0.051388888888888894 0.11358024691358025
2 0.6673611111111112 0.291358024691358 0.09305555555555556 0.07901234567901234
2 0.6354166666666667 0.11234567901234567 0.06805555555555556 0.10123456790123457
2 0.3284722222222222 0.9049382716049382 0.09583333333333334 0.19506172839506172
2 0.24722222222222223 0.6975308641975309 0.20833333333333334 0.30864197530864196
2 0.17500000000000002 0.6444444444444445 0.19444444444444445 0.1876543209876543
2 0.8881944444444445 0.7790123456790123 0.2263888888888889 0.31851851851851853
2 0.9027777777777778 0.6370370370370371 0.19722222222222224 0.25679012345679014
2 0.8875000000000001 0.5555555555555556 0.22777777777777777 0.1925925925925926
2 0.6548611111111111 0.37037037037037035 0.1763888888888889 0.14814814814814814
2 0.8784722222222222 0.4407407407407407 0.24583333333333335 0.14074074074074075
2 0.7083333333333334 0.6172839506172839 0.12222222222222223 0.35555555555555557
2 0.6243055555555556 0.5679012345679012 0.10416666666666667 0.2518518518518518
2 0.5180555555555556 0.5950617283950617 0.2 0.2419753086419753
2 0.9368055555555556 0.23703703703703705 0.12916666666666668 0.13333333333333333
2 0.9180555555555556 0.11975308641975309 0.13611111111111113 0.1654320987654321
2 0.5777777777777778 0.21604938271604937 0.07777777777777778 0.06666666666666667
2 0.5680555555555555 0.18024691358024691 0.08611111111111111 0.05432098765432099
2 0.5118055555555556 0.38641975308641974 0.12083333333333333 0.2345679012345679
2 0.41875 0.4271604938271605 0.15694444444444444 0.21234567901234566
2 0.4256944444444445 0.27037037037037037 0.14305555555555557 0.16049382716049382
0 0.38819444444444445 0.528395061728395 0.13472222222222222 0.2518518518518518
0 0.33472222222222225 0.32222222222222224 0.08611111111111111 0.16049382716049382
2 0.27222222222222225 0.38395061728395063 0.09444444444444444 0.20987654320987653
2 0.23750000000000002 0.30246913580246915 0.125 0.1259259259259259
2 0.1875 0.20617283950617282 0.13055555555555556 0.24938271604938272
2 0.44027777777777777 0.10493827160493827 0.14722222222222223 0.0962962962962963
0 0.2569444444444445 0.19135802469135801 0.08055555555555556 0.1308641975308642
0 0.21458333333333335 0.09876543209876543 0.0625 0.08395061728395062
0 0.32430555555555557 0.1567901234567901 0.07083333333333333 0.11604938271604938
0 0.375 0.07037037037037037 0.0638888888888889 0.10123456790123457
0 0.3736111111111111 0.17160493827160495 0.0638888888888889 0.11604938271604938
2 0.55625 0.06172839506172839 0.0625 0.11851851851851852
2 0.7333333333333334 0.12469135802469136 0.09722222222222222 0.17037037037037037
2 0.8395833333333333 0.05555555555555555 0.14583333333333334 0.10617283950617283
2 0.8298611111111112 0.1580246913580247 0.08472222222222223 0.10864197530864197
2 0.04166666666666667 0.5728395061728395 0.08055555555555556 0.17777777777777778
3 0.11180555555555556 0.4580246913580247 0.12916666666666668 0.13580246913580246
