0 0.7576791808873721 0.24791666666666667 0.11262798634812286 0.14166666666666666
0 0.6902730375426621 0.17291666666666666 0.08020477815699659 0.1125
0 0.9590443686006827 0.48125 0.08532423208191127 0.1125
0 0.9812286689419796 0.25416666666666665 0.040955631399317405 0.14583333333333334
0 0.8890784982935154 0.053125 0.10580204778156997 0.10208333333333333
0 0.6151877133105802 0.07916666666666666 0.08020477815699659 0.12083333333333333
0 0.31569965870307165 0.041666666666666664 0.06484641638225257 0.07916666666666666
0 0.25597269624573377 0.375 0.07508532423208192 0.11666666666666667
0 0.2619453924914676 0.7697916666666667 0.06313993174061433 0.11041666666666666
0 0.5221843003412969 0.12604166666666666 0.07849829351535836 0.11041666666666666
