0 0.7457386363636364 0.7925347222222222 0.05681818181818182 0.09201388888888888
0 0.6761363636363636 0.6388888888888888 0.06818181818181818 0.09027777777777778
0 0.5930397727272727 0.6666666666666666 0.052556818181818184 0.07291666666666666
0 0.5419034090909091 0.736111111111111 0.06960227272727273 0.10069444444444443
0 0.5305397727272727 0.9401041666666666 0.08664772727272728 0.109375
0 0.8146306818181819 0.9375 0.08096590909090909 0.1284722222222222
0 0.3359375 0.665798611111111 0.06960227272727273 0.09895833333333333
0 0.4083806818181818 0.32465277777777773 0.052556818181818184 0.09722222222222221
0 0.32528409090909094 0.21788194444444442 0.0625 0.057291666666666664
0 0.109375 0.3819444444444444 0.05397727272727273 0.10763888888888888
0 0.10085227272727273 0.5034722222222222 0.0625 0.10069444444444443
0 0.12571022727272727 0.609375 0.061079545454545456 0.09027777777777778
0 0.16335227272727273 0.6796875 0.05965909090909091 0.08506944444444443
