0 0.7762784090909091 0.890625 0.10653409090909091 0.14583333333333331
0 0.7862215909090909 0.5303819444444444 0.05823863636363637 0.10243055555555555
0 0.6590909090909091 0.8654513888888888 0.10795454545454546 0.16493055555555555
0 0.7279829545454546 0.7743055555555555 0.08380681818181819 0.06944444444444445
0 0.5461647727272727 0.7942708333333333 0.109375 0.10590277777777778
0 0.6029829545454546 0.6458333333333333 0.09232954545454546 0.1736111111111111
0 0.5944602272727273 0.4140625 0.06960227272727273 0.11284722222222221
0 0.6434659090909091 0.5147569444444444 0.07386363636363637 0.12326388888888888
0 0.42045454545454547 0.7552083333333333 0.15056818181818182 0.1111111111111111
0 0.3103693181818182 0.6119791666666666 0.08948863636363637 0.17881944444444445
0 0.30610795454545453 0.3802083333333333 0.046875 0.07638888888888888
0 0.42613636363636365 0.2439236111111111 0.08238636363636363 0.0954861111111111
0 0.31392045454545453 0.1310763888888889 0.07386363636363637 0.10243055555555555
0 0.10085227272727273 0.32291666666666663 0.07386363636363637 0.10416666666666666
0 0.05681818181818182 0.2300347222222222 0.0625 0.0954861111111111
0 0.08664772727272728 0.16493055555555555 0.08238636363636363 0.10763888888888888
0 0.16264204545454547 0.05034722222222222 0.061079545454545456 0.05555555555555555
0 0.23792613636363638 0.1111111111111111 0.04403409090909091 0.0798611111111111
0 0.26207386363636365 0.18836805555555555 0.06392045454545454 0.10243055555555555
