0 0.7158703071672355 0.4166666666666667 0.04607508532423208 0.05416666666666667
0 0.658703071672355 0.4010416666666667 0.04778156996587031 0.052083333333333336
0 0.5656996587030717 0.41354166666666664 0.042662116040955635 0.04375
0 0.5 0.43333333333333335 0.040955631399317405 0.05416666666666667
0 0.5093856655290102 0.37395833333333334 0.04948805460750853 0.04791666666666666
0 0.30631399317406144 0.2739583333333333 0.04607508532423208 0.04791666666666666
0 0.302901023890785 0.48854166666666665 0.052901023890784986 0.052083333333333336
0 0.39334470989761094 0.690625 0.06655290102389079 0.07291666666666667
0 0.386518771331058 0.7677083333333333 0.059726962457337884 0.08958333333333333
0 0.27986348122866894 0.9302083333333333 0.05802047781569966 0.06458333333333333
0 0.2858361774744027 0.8666666666666667 0.059726962457337884 0.0875
0 0.20563139931740615 0.9510416666666667 0.04948805460750853 0.06875
0 0.15955631399317408 0.8604166666666666 0.04948805460750853 0.07083333333333333
0 0.11604095563139932 0.9135416666666667 0.04778156996587031 0.06458333333333333
0 0.2883959044368601 0.6364583333333333 0.05460750853242321 0.05625
0 0.2440273037542662 0.64375 0.040955631399317405 0.04583333333333333
0 0.03498293515358362 0.8447916666666666 0.059726962457337884 0.08125
0 0.042662116040955635 0.7635416666666667 0.05460750853242321 0.06875
0 0.27047781569965873 0.3125 0.052901023890784986 0.0625
0 0.2022184300341297 0.45208333333333334 0.042662116040955635 0.075
0 0.12030716723549488 0.43645833333333334 0.052901023890784986 0.06041666666666667
0 0.1075085324232082 0.3458333333333333 0.05460750853242321 0.04583333333333333
0 0.09812286689419795 0.2708333333333333 0.04607508532423208 0.05
0 0.034129692832764506 0.3375 0.04778156996587031 0.0625
0 0.04692832764505119 0.4479166666666667 0.06313993174061433 0.05
