0 0.9650170648464164 0.9 0.07337883959044368 0.1
0 0.9692832764505119 0.22604166666666667 0.06484641638225257 0.08125
0 0.7909556313993175 0.484375 0.11774744027303755 0.14791666666666667
0 0.7218430034129693 0.9125 0.16382252559726962 0.17916666666666667
0 0.575938566552901 0.2791666666666667 0.09385665529010238 0.1125
0 0.6279863481228669 0.33125 0.12969283276450513 0.15416666666666667
0 0.5614334470989761 0.4458333333333333 0.10580204778156997 0.11666666666666667
0 0.5819112627986348 0.553125 0.12286689419795221 0.14791666666666667
0 0.4573378839590444 0.5239583333333333 0.13651877133105803 0.15208333333333332
0 0.4658703071672355 0.453125 0.11604095563139932 0.13541666666666666
