1 0.5319602272727273 0.6640625 0.09232954545454546 0.11631944444444443
0 0.4083806818181818 0.10850694444444443 0.05539772727272727 0.07465277777777778
0 0.37215909090909094 0.1736111111111111 0.05681818181818182 0.0798611111111111
0 0.7762784090909091 0.2534722222222222 0.061079545454545456 0.0798611111111111
0 0.8735795454545455 0.6241319444444444 0.05681818181818182 0.07118055555555555
0 0.6882102272727273 0.7552083333333333 0.07244318181818182 0.10416666666666666
0 0.96875 0.8333333333333333 0.05965909090909091 0.10416666666666666
0 0.7436079545454546 0.9592013888888888 0.09232954545454546 0.08506944444444443
0 0.6754261363636364 0.8802083333333333 0.07244318181818182 0.10069444444444443
0 0.25497159090909094 0.6310763888888888 0.06392045454545454 0.11284722222222221
0 0.17826704545454547 0.5208333333333333 0.08096590909090909 0.10416666666666666
0 0.12286931818181819 0.6909722222222222 0.07244318181818182 0.09027777777777778
0 0.6321022727272727 0.47482638888888884 0.10511363636363637 0.1267361111111111
