0 0.10227272727272728 0.5477430555555556 0.07954545454545454 0.0954861111111111
0 0.044744318181818184 0.6961805555555555 0.08664772727272728 0.11805555555555555
0 0.3700284090909091 0.5677083333333333 0.12642045454545456 0.08680555555555555
0 0.5980113636363636 0.3315972222222222 0.048295454545454544 0.10416666666666666
0 0.6008522727272727 0.25 0.04261363636363637 0.09027777777777778
0 0.5951704545454546 0.5850694444444444 0.09943181818181819 0.14583333333333331
0 0.6384943181818182 0.9105902777777777 0.13210227272727273 0.13715277777777776
0 0.8380681818181819 0.9279513888888888 0.13636363636363635 0.13368055555555555
0 0.9502840909090909 0.9375 0.10227272727272728 0.1284722222222222
0 0.8167613636363636 0.42447916666666663 0.08806818181818182 0.1440972222222222
0 0.8139204545454546 0.1796875 0.05113636363636364 0.19965277777777776
