0 0.23819444444444446 0.38641975308641974 0.06805555555555556 0.08148148148148147
0 0.16111111111111112 0.37160493827160496 0.05277777777777778 0.07160493827160494
0 0.18680555555555556 0.4148148148148148 0.059722222222222225 0.0691358024691358
0 0.2868055555555556 0.4419753086419753 0.10138888888888889 0.09876543209876543
0 0.20555555555555557 0.49382716049382713 0.058333333333333334 0.08888888888888889
0 0.1590277777777778 0.4901234567901234 0.06805555555555556 0.08641975308641975
0 0.12291666666666667 0.5481481481481482 0.06527777777777778 0.09382716049382715
0 0.4798611111111111 0.28271604938271605 0.059722222222222225 0.06172839506172839
3 0.48333333333333334 0.3259259259259259 0.058333333333333334 0.05432098765432099
2 0.43819444444444444 0.47777777777777775 0.07916666666666666 0.1308641975308642
2 0.4930555555555556 0.39753086419753086 0.058333333333333334 0.08888888888888889
2 0.5534722222222223 0.337037037037037 0.05416666666666667 0.08641975308641975
2 0.5736111111111112 0.3888888888888889 0.05555555555555556 0.10123456790123457
2 0.5291666666666667 0.445679012345679 0.0638888888888889 0.0962962962962963
2 0.4826388888888889 0.5111111111111111 0.06805555555555556 0.09876543209876543
2 0.55625 0.5395061728395062 0.07083333333333333 0.1111111111111111
2 0.5006944444444444 0.5790123456790124 0.07916666666666666 0.13580246913580246
2 0.8055555555555556 0.24938271604938272 0.075 0.07407407407407407
0 0.7534722222222222 0.2716049382716049 0.06527777777777778 0.11851851851851852
0 0.6576388888888889 0.3802469135802469 0.07083333333333333 0.09382716049382715
0 0.7527777777777778 0.4382716049382716 0.09166666666666667 0.12098765432098765
0 0.675 0.437037037037037 0.075 0.11851851851851852
0 0.7479166666666667 0.5444444444444444 0.07916666666666666 0.15061728395061727
0 0.8020833333333334 0.49876543209876545 0.06805555555555556 0.12839506172839507
0 0.8465277777777778 0.4049382716049383 0.0763888888888889 0.12839506172839507
0 0.9354166666666667 0.39753086419753086 0.07361111111111111 0.12839506172839507
0 0.9875 0.291358024691358 0.02777777777777778 0.10864197530864197
0 0.6645833333333333 0.5851851851851851 0.08472222222222223 0.14814814814814814
0 0.81875 0.6024691358024691 0.09861111111111112 0.17777777777777778
0 0.920138888888889 0.5691358024691358 0.09861111111111112 0.17037037037037037
0 0.9 0.6691358024691358 0.10277777777777779 0.1925925925925926
0 0.982638888888889 0.5962962962962963 0.0375 0.19012345679012346
0 0.75625 0.6753086419753086 0.08472222222222223 0.15061728395061727
0 0.6715277777777778 0.7098765432098765 0.10138888888888889 0.19506172839506172
0 0.9791666666666667 0.7839506172839505 0.044444444444444446 0.16049382716049382
3 0.90625 0.7790123456790123 0.12638888888888888 0.18024691358024691
3 0.9854166666666667 0.928395061728395 0.03194444444444445 0.14814814814814814
3 0.3854166666666667 0.6024691358024691 0.09861111111111112 0.12345679012345678
0 0.31180555555555556 0.6024691358024691 0.08194444444444444 0.12345679012345678
2 0.32083333333333336 0.4962962962962963 0.13611111111111113 0.08395061728395062
2 0.3055555555555556 0.5407407407407407 0.09444444444444444 0.07901234567901234
0 0.2826388888888889 0.6876543209876543 0.09027777777777778 0.13580246913580246
0 0.26805555555555555 0.7950617283950617 0.11666666666666667 0.15308641975308643
2 0.49375 0.6901234567901234 0.19583333333333333 0.11604938271604938
0 0.23819444444444446 0.5703703703703703 0.05694444444444444 0.10864197530864197
0 0.17916666666666667 0.5876543209876544 0.061111111111111116 0.09382716049382715
0 0.061111111111111116 0.554320987654321 0.061111111111111116 0.08148148148148147
0 0.025 0.4839506172839506 0.04722222222222222 0.10864197530864197
0 0.11458333333333334 0.6567901234567901 0.08472222222222223 0.14320987654320988
0 0.036111111111111115 0.6839506172839506 0.06944444444444445 0.13333333333333333
0 0.043055555555555555 0.8197530864197531 0.08333333333333334 0.1728395061728395
0 0.5472222222222223 0.7765432098765432 0.14722222222222223 0.20987654320987653
2 0.6097222222222223 0.737037037037037 0.07777777777777778 0.2740740740740741
2 0.35555555555555557 0.891358024691358 0.1277777777777778 0.2222222222222222
2 0.2847222222222222 0.9074074074074074 0.12222222222222223 0.11604938271604938
2 0.6979166666666667 0.9407407407407408 0.1736111111111111 0.12345679012345678
2 0.5527777777777778 0.8950617283950617 0.13611111111111113 0.10123456790123457
2 0.40625 0.9654320987654321 0.10138888888888889 0.07407407407407407
0 0.12847222222222224 0.9320987654320988 0.1486111111111111 0.14074074074074075
0 0.6319444444444444 0.9629629629629629 0.10277777777777779 0.07901234567901234
0 0.5222222222222223 0.9530864197530864 0.11944444444444445 0.09876543209876543
