2 0.5659722222222222 0.2839506172839506 0.04027777777777778 0.12839506172839507
3 0.16458333333333333 0.47777777777777775 0.07361111111111111 0.1111111111111111
0 0.8562500000000001 0.8604938271604938 0.22916666666666669 0.2839506172839506
0 0.8833333333333334 0.6839506172839506 0.16944444444444445 0.25679012345679014
2 0.7777777777777778 0.6024691358024691 0.10555555555555556 0.09382716049382715
2 0.7944444444444445 0.5493827160493827 0.25 0.15555555555555556
2 0.6298611111111111 0.5469135802469136 0.15694444444444444 0.11604938271604938
3 0.7340277777777778 0.7160493827160493 0.14305555555555557 0.23703703703703705
3 0.6062500000000001 0.6185185185185185 0.12638888888888888 0.18024691358024691
2 0.15208333333333335 0.9382716049382716 0.22916666666666669 0.12839506172839507
0 0.7486111111111111 0.43950617283950616 0.11111111111111112 0.15308641975308643
0 0.8534722222222223 0.4345679012345679 0.11805555555555557 0.1925925925925926
3 0.7944444444444445 0.3395061728395062 0.10833333333333334 0.09135802469135802
2 0.7805555555555556 0.2962962962962963 0.08055555555555556 0.14320987654320988
2 0.920138888888889 0.24938271604938272 0.14583333333333334 0.14320987654320988
2 0.8326388888888889 0.15925925925925927 0.12638888888888888 0.1111111111111111
3 0.6548611111111111 0.4012345679012346 0.13194444444444445 0.12098765432098765
0 0.6298611111111111 0.3358024691358025 0.08750000000000001 0.13333333333333333
0 0.7305555555555556 0.17777777777777778 0.08333333333333334 0.15308641975308643
0 0.05694444444444444 0.8518518518518519 0.10833333333333334 0.2222222222222222
3 0.07013888888888889 0.6975308641975309 0.10416666666666667 0.20493827160493827
0 0.02777777777777778 0.6037037037037037 0.05277777777777778 0.10617283950617283
0 0.17708333333333334 0.6 0.09583333333333334 0.1382716049382716
0 0.4881944444444445 0.571604938271605 0.1125 0.18518518518518517
0 0.37777777777777777 0.5246913580246914 0.08611111111111111 0.15555555555555556
2 0.38333333333333336 0.41604938271604935 0.075 0.07654320987654321
2 0.32222222222222224 0.42345679012345677 0.06666666666666667 0.12098765432098765
0 0.425 0.3876543209876543 0.07777777777777778 0.11851851851851852
3 0.2659722222222222 0.5506172839506173 0.08750000000000001 0.14814814814814814
3 0.08402777777777778 0.5222222222222223 0.08750000000000001 0.11604938271604938
0 0.04930555555555556 0.45555555555555555 0.06527777777777778 0.11604938271604938
0 0.2520833333333333 0.4111111111111111 0.06805555555555556 0.0962962962962963
0 0.20277777777777778 0.3308641975308642 0.0638888888888889 0.07901234567901234
2 0.4465277777777778 0.28518518518518515 0.09027777777777778 0.08641975308641975
2 0.4444444444444445 0.23086419753086418 0.09722222222222222 0.07654320987654321
0 0.5333333333333333 0.23950617283950618 0.09722222222222222 0.16296296296296295
3 0.7305555555555556 0.037037037037037035 0.075 0.0691358024691358
0 0.6326388888888889 0.1654320987654321 0.051388888888888894 0.08888888888888889
0 0.28055555555555556 0.3037037037037037 0.0638888888888889 0.10864197530864197
3 0.20347222222222222 0.7938271604938272 0.14027777777777778 0.20987654320987653
0 0.5090277777777777 0.07777777777777778 0.043055555555555555 0.0962962962962963
