0 0.051194539249146756 0.17083333333333334 0.06143344709897611 0.0625
0 0.051194539249146756 0.11770833333333333 0.05802047781569966 0.06041666666666667
0 0.15955631399317408 0.08854166666666667 0.04607508532423208 0.052083333333333336
0 0.10238907849829351 0.96875 0.06825938566552901 0.058333333333333334
0 0.09129692832764505 0.8937499999999999 0.06655290102389079 0.0875
0 0.06996587030716724 0.7572916666666667 0.07508532423208192 0.08958333333333333
0 0.04010238907849829 0.665625 0.05631399317406143 0.07708333333333334
0 0.643344709897611 0.721875 0.06143344709897611 0.07708333333333334
0 0.3703071672354949 0.8489583333333334 0.04778156996587031 0.06875
0 0.3489761092150171 0.80625 0.059726962457337884 0.075
0 0.44283276450511944 0.6635416666666667 0.07337883959044368 0.08541666666666667
0 0.4573378839590444 0.475 0.06484641638225257 0.0875
0 0.34812286689419797 0.7427083333333333 0.07849829351535836 0.08958333333333333
0 0.3771331058020478 0.6104166666666666 0.06143344709897611 0.10833333333333334
0 0.25341296928327645 0.428125 0.05631399317406143 0.08125
0 0.21075085324232082 0.41875 0.052901023890784986 0.041666666666666664
0 0.2636518771331058 0.49895833333333334 0.07337883959044368 0.07708333333333334
0 0.32337883959044367 0.5145833333333333 0.07679180887372014 0.075
0 0.37542662116040953 0.453125 0.07167235494880546 0.08541666666666667
0 0.2901023890784983 0.41041666666666665 0.051194539249146756 0.06666666666666667
0 0.7056313993174061 0.634375 0.06655290102389079 0.08125
0 0.6510238907849829 0.5739583333333333 0.05631399317406143 0.07291666666666667
0 0.6569965870307167 0.390625 0.06143344709897611 0.09791666666666667
0 0.628839590443686 0.328125 0.04607508532423208 0.07291666666666667
0 0.9786689419795221 0.6260416666666666 0.04607508532423208 0.07291666666666667
0 0.9274744027303754 0.5802083333333333 0.06313993174061433 0.08125
0 0.9266211604095563 0.4322916666666667 0.06143344709897611 0.08541666666666667
0 0.7926621160409556 0.22395833333333334 0.04607508532423208 0.08125
0 0.8609215017064846 0.43645833333333334 0.052901023890784986 0.08541666666666667
0 0.4462457337883959 0.16041666666666665 0.059726962457337884 0.07083333333333333
0 0.40102389078498296 0.30833333333333335 0.05460750853242321 0.0875
0 0.32849829351535836 0.052083333333333336 0.04948805460750853 0.041666666666666664
0 0.3677474402730376 0.11145833333333333 0.03583617747440273 0.08958333333333333
0 0.37883959044368604 0.19583333333333333 0.04436860068259386 0.08333333333333333
0 0.7610921501706485 0.5479166666666666 0.06143344709897611 0.09583333333333333
