3 0.9576388888888889 0.6382716049382716 0.08750000000000001 0.28888888888888886
2 0.5055555555555555 0.7481481481481481 0.21944444444444444 0.35061728395061725
0 0.4354166666666667 0.8135802469135802 0.23472222222222222 0.37777777777777777
0 0.9750000000000001 0.29876543209876544 0.05277777777777778 0.23209876543209876
0 0.8625 0.37037037037037035 0.19166666666666668 0.2962962962962963
0 0.04097222222222222 0.8135802469135802 0.07916666666666666 0.3432098765432099
0 0.15972222222222224 0.8604938271604938 0.21944444444444444 0.2839506172839506
2 0.3701388888888889 0.35802469135802467 0.17916666666666667 0.11851851851851852
2 0.2 0.4703703703703704 0.10833333333333334 0.38271604938271603
0 0.29791666666666666 0.454320987654321 0.14583333333333334 0.2617283950617284
0 0.39583333333333337 0.24074074074074073 0.13333333333333333 0.15555555555555556
3 0.4777777777777778 0.08518518518518518 0.1 0.10617283950617283
2 0.5784722222222223 0.06049382716049383 0.12083333333333333 0.11604938271604938
2 0.6819444444444445 0.044444444444444446 0.08333333333333334 0.07901234567901234
0 0.6798611111111111 0.20617283950617282 0.13472222222222222 0.18518518518518517
0 0.851388888888889 0.1259259259259259 0.17222222222222222 0.2419753086419753
3 0.04027777777777778 0.5395061728395062 0.07777777777777778 0.2345679012345679
3 0.09027777777777778 0.3765432098765432 0.13611111111111113 0.15555555555555556
0 0.25833333333333336 0.12345679012345678 0.08333333333333334 0.14814814814814814
