4 0.2513888888888889 0.42592592592592593 0.5 0.8419753086419753
2 0.5645833333333333 0.4271604938271605 0.12638888888888888 0.2074074074074074
2 0.6895833333333333 0.5876543209876544 0.22361111111111112 0.1876543209876543
2 0.5194444444444445 0.6580246913580247 0.10277777777777779 0.3530864197530864
2 0.3590277777777778 0.41234567901234565 0.12083333333333333 0.07901234567901234
3 0.4451388888888889 0.4382716049382716 0.10694444444444445 0.06666666666666667
3 0.36180555555555555 0.5345679012345679 0.11805555555555557 0.11604938271604938
3 0.36597222222222225 0.645679012345679 0.14305555555555557 0.1654320987654321
3 0.3388888888888889 0.8975308641975308 0.20833333333333334 0.20987654320987653
3 0.7659722222222223 0.3432098765432099 0.12083333333333333 0.15308641975308643
3 0.8076388888888889 0.47777777777777775 0.13472222222222222 0.14074074074074075
3 0.8583333333333334 0.056790123456790124 0.07222222222222223 0.06419753086419754
3 0.8625 0.16419753086419753 0.08333333333333334 0.11604938271604938
3 0.9486111111111112 0.14938271604938272 0.09166666666666667 0.10123456790123457
3 0.888888888888889 0.6555555555555556 0.18333333333333335 0.20493827160493827
3 0.9694444444444444 0.5790123456790124 0.0638888888888889 0.19506172839506172
2 0.9354166666666667 0.917283950617284 0.13194444444444445 0.17037037037037037
3 0.8298611111111112 0.9592592592592593 0.15972222222222224 0.08641975308641975
