0 0.16875 0.4024691358024691 0.14583333333333334 0.23703703703703705
0 0.08125 0.5950617283950617 0.15972222222222224 0.34074074074074073
1 0.5701388888888889 0.3802469135802469 0.3236111111111111 0.3950617283950617
3 0.5090277777777777 0.07654320987654321 0.11527777777777778 0.14814814814814814
3 0.4361111111111111 0.07654320987654321 0.075 0.1037037037037037
3 0.6993055555555556 0.1037037037037037 0.13472222222222222 0.20246913580246914
3 0.8381944444444445 0.04814814814814815 0.14583333333333334 0.09135802469135802
3 0.4027777777777778 0.2234567901234568 0.1638888888888889 0.18518518518518517
3 0.2847222222222222 0.43580246913580245 0.14722222222222223 0.21481481481481482
3 0.8604166666666667 0.30123456790123454 0.22916666666666669 0.23703703703703705
3 0.6597222222222222 0.45555555555555555 0.15 0.22469135802469134
3 0.5930555555555556 0.7901234567901234 0.2777777777777778 0.4246913580246913
0 0.3791666666666667 0.6061728395061728 0.23333333333333334 0.35802469135802467
2 0.20625000000000002 0.8246913580246913 0.2013888888888889 0.35061728395061725
2 0.8347222222222223 0.8234567901234567 0.3194444444444445 0.35802469135802467
