3 0.02777777777777778 0.4691358024691358 0.05277777777777778 0.11851851851851852
3 0.46458333333333335 0.10740740740740741 0.08472222222222223 0.08641975308641975
3 0.4076388888888889 0.09506172839506173 0.06805555555555556 0.11604938271604938
3 0.1625 0.24814814814814815 0.08888888888888889 0.11604938271604938
2 0.4416666666666667 0.2617283950617284 0.11666666666666667 0.09382716049382715
3 0.5381944444444444 0.17901234567901234 0.09027777777777778 0.11604938271604938
3 0.3090277777777778 0.3617283950617284 0.10138888888888889 0.14074074074074075
3 0.10138888888888889 0.4703703703703704 0.12222222222222223 0.14074074074074075
3 0.08125 0.6567901234567901 0.13194444444444445 0.2074074074074074
3 0.15833333333333333 0.762962962962963 0.12222222222222223 0.23209876543209876
3 0.2715277777777778 0.8024691358024691 0.15416666666666667 0.26666666666666666
3 0.4138888888888889 0.6888888888888889 0.13333333333333333 0.24691358024691357
3 0.45416666666666666 0.8987654320987654 0.14444444444444446 0.2074074074074074
3 0.55625 0.9444444444444444 0.17916666666666667 0.1111111111111111
3 0.4847222222222222 0.4444444444444444 0.13611111111111113 0.1580246913580247
3 0.6256944444444444 0.8049382716049382 0.1486111111111111 0.2222222222222222
3 0.7416666666666667 0.8962962962962963 0.17222222222222222 0.21234567901234566
2 0.51875 0.6876543209876543 0.07361111111111111 0.2938271604938272
2 0.4652777777777778 0.6024691358024691 0.09722222222222222 0.23703703703703705
0 0.6201388888888889 0.6049382716049383 0.14583333333333334 0.21728395061728395
1 0.7090277777777778 0.4012345679012346 0.17916666666666667 0.19506172839506172
1 0.9590277777777778 0.4271604938271605 0.08472222222222223 0.20246913580246914
0 0.8715277777777778 0.8469135802469135 0.24305555555555555 0.3111111111111111
3 0.8652777777777778 0.3148148148148148 0.10833333333333334 0.17037037037037037
3 0.7416666666666667 0.2604938271604938 0.12222222222222223 0.1654320987654321
