0 0.12013888888888889 0.6975308641975309 0.15972222222222224 0.29876543209876544
0 0.22013888888888888 0.6209876543209877 0.1513888888888889 0.20987654320987653
0 0.24722222222222223 0.8148148148148148 0.2 0.3753086419753086
2 0.04166666666666667 0.7888888888888889 0.075 0.4271604938271605
0 0.2423611111111111 0.4444444444444444 0.07916666666666666 0.13333333333333333
2 0.30347222222222225 0.41358024691358025 0.0625 0.10617283950617283
0 0.2451388888888889 0.30246913580246915 0.08750000000000001 0.145679012345679
2 0.3194444444444445 0.2641975308641975 0.07222222222222223 0.09382716049382715
0 0.3229166666666667 0.19753086419753085 0.0763888888888889 0.08888888888888889
0 0.23680555555555557 0.14444444444444443 0.07361111111111111 0.1308641975308642
0 0.42986111111111114 0.7814814814814814 0.24027777777777778 0.4419753086419753
0 0.46319444444444446 0.13333333333333333 0.059722222222222225 0.14320987654320988
0 0.5083333333333333 0.18271604938271604 0.11111111111111112 0.13333333333333333
0 0.5472222222222223 0.06790123456790123 0.11388888888888889 0.1308641975308642
3 0.5354166666666667 0.291358024691358 0.1375 0.11851851851851852
0 0.6270833333333333 0.16790123456790124 0.11805555555555557 0.20246913580246914
0 0.5756944444444445 0.49876543209876545 0.20694444444444446 0.32098765432098764
0 0.6430555555555556 0.7246913580246913 0.25 0.4271604938271605
0 0.7875 0.2814814814814815 0.2138888888888889 0.16790123456790124
2 0.7944444444444445 0.6308641975308642 0.24444444444444446 0.654320987654321
3 0.8631944444444445 0.47160493827160493 0.1125 0.25679012345679014
0 0.8395833333333333 0.07407407407407407 0.15972222222222224 0.14320987654320988
2 0.9118055555555555 0.10740740740740741 0.1375 0.20987654320987653
3 0.9625 0.12222222222222222 0.07777777777777778 0.22469135802469134
0 0.9618055555555556 0.4407407407407407 0.07916666666666666 0.36296296296296293
