0 0.6180555555555556 0.5703703703703703 0.20277777777777778 0.3654320987654321
0 0.5159722222222223 0.42962962962962964 0.1875 0.30617283950617286
3 0.4340277777777778 0.3271604938271605 0.1486111111111111 0.23950617283950618
3 0.3423611111111111 0.4901234567901234 0.14583333333333334 0.21481481481481482
0 0.2111111111111111 0.43333333333333335 0.15 0.2641975308641975
3 0.019444444444444445 0.808641975308642 0.036111111111111115 0.23950617283950618
3 0.16319444444444445 0.6753086419753086 0.1902777777777778 0.24938271604938272
3 0.1527777777777778 0.8777777777777778 0.21944444444444444 0.24938271604938272
3 0.5902777777777778 0.2617283950617284 0.15555555555555556 0.1728395061728395
3 0.46944444444444444 0.7296296296296296 0.19166666666666668 0.34814814814814815
3 0.4340277777777778 0.945679012345679 0.31527777777777777 0.11358024691358025
3 0.9437500000000001 0.35185185185185186 0.11527777777777778 0.18518518518518517
0 0.9388888888888889 0.791358024691358 0.125 0.4222222222222222
