2 0.7340277777777778 0.053086419753086415 0.09027777777777778 0.10123456790123457
2 0.9284722222222223 0.2074074074074074 0.14583333333333334 0.3802469135802469
3 0.7958333333333334 0.14814814814814814 0.17777777777777778 0.21234567901234566
0 0.6597222222222222 0.3358024691358025 0.25 0.39012345679012345
2 0.763888888888889 0.32469135802469135 0.18333333333333335 0.4666666666666667
0 0.5611111111111111 0.18148148148148147 0.20555555555555557 0.3432098765432099
2 0.4638888888888889 0.22839506172839505 0.1 0.27901234567901234
2 0.4076388888888889 0.09753086419753086 0.0763888888888889 0.19012345679012346
0 0.3013888888888889 0.037037037037037035 0.09722222222222222 0.0691358024691358
3 0.31527777777777777 0.14444444444444443 0.13611111111111113 0.19506172839506172
2 0.35694444444444445 0.4049382716049383 0.1388888888888889 0.25679012345679014
3 0.25833333333333336 0.3530864197530864 0.1527777777777778 0.2222222222222222
0 0.1798611111111111 0.5555555555555556 0.27083333333333337 0.49876543209876545
0 0.050694444444444445 0.562962962962963 0.09861111111111112 0.4444444444444444
3 0.13611111111111113 0.8098765432098766 0.2111111111111111 0.2962962962962963
2 0.3340277777777778 0.7197530864197531 0.2125 0.35802469135802467
2 0.6958333333333334 0.7765432098765432 0.5111111111111112 0.437037037037037
2 0.7208333333333333 0.7716049382716049 0.5611111111111111 0.46172839506172836
2 0.2152777777777778 0.9444444444444444 0.33333333333333337 0.11604938271604938
