0 0.29375 0.23209876543209876 0.14583333333333334 0.25679012345679014
0 0.2604166666666667 0.12098765432098765 0.15972222222222224 0.17777777777777778
0 0.40625 0.10123456790123457 0.09305555555555556 0.16296296296296295
0 0.07152777777777779 0.24691358024691357 0.14027777777777778 0.20246913580246914
2 0.18472222222222223 0.07037037037037037 0.125 0.10617283950617283
3 0.07152777777777779 0.07037037037037037 0.09027777777777778 0.1111111111111111
3 0.17500000000000002 0.3259259259259259 0.15833333333333333 0.1728395061728395
3 0.0638888888888889 0.45185185185185184 0.125 0.2419753086419753
3 0.23055555555555557 0.5555555555555556 0.16111111111111112 0.21234567901234566
3 0.08125 0.754320987654321 0.15972222222222224 0.2839506172839506
3 0.07847222222222222 0.945679012345679 0.15416666666666667 0.11358024691358025
0 0.6986111111111112 0.26296296296296295 0.16111111111111112 0.22469135802469134
3 0.5472222222222223 0.1876543209876543 0.11666666666666667 0.09382716049382715
3 0.5437500000000001 0.32839506172839505 0.1486111111111111 0.2074074074074074
3 0.4305555555555556 0.41975308641975306 0.1388888888888889 0.16790123456790124
3 0.6062500000000001 0.4407407407407407 0.11805555555555557 0.21975308641975308
3 0.8180555555555555 0.29506172839506173 0.11944444444444445 0.16049382716049382
3 0.9493055555555556 0.03950617283950617 0.10416666666666667 0.07407407407407407
3 0.8875000000000001 0.11604938271604938 0.13611111111111113 0.12345679012345678
3 0.9291666666666667 0.8037037037037037 0.1388888888888889 0.39753086419753086
2 0.7763888888888889 0.5135802469135803 0.27222222222222225 0.34074074074074073
0 0.7805555555555556 0.7814814814814814 0.2972222222222222 0.437037037037037
0 0.5694444444444444 0.6592592592592592 0.20555555555555557 0.47901234567901235
0 0.4361111111111111 0.865432098765432 0.33611111111111114 0.2740740740740741
