0 0.5152777777777778 0.1382716049382716 0.11111111111111112 0.18271604938271604
0 0.40208333333333335 0.2185185185185185 0.10138888888888889 0.13580246913580246
0 0.4743055555555556 0.32098765432098764 0.1513888888888889 0.1728395061728395
0 0.61875 0.24444444444444444 0.13194444444444445 0.19753086419753085
0 0.6520833333333333 0.3617283950617284 0.15416666666666667 0.23950617283950618
0 0.20208333333333334 0.26296296296296295 0.12083333333333333 0.1259259259259259
0 0.10416666666666667 0.41975308641975306 0.14166666666666666 0.1925925925925926
0 0.022222222222222223 0.6987654320987654 0.04166666666666667 0.20246913580246914
0 0.13472222222222222 0.6370370370370371 0.14166666666666666 0.2765432098765432
0 0.10694444444444445 0.8641975308641975 0.2111111111111111 0.2765432098765432
2 0.18541666666666667 0.3617283950617284 0.13194444444444445 0.10123456790123457
3 0.2972222222222222 0.14320987654320988 0.07222222222222223 0.10864197530864197
2 0.3715277777777778 0.08024691358024691 0.0763888888888889 0.11604938271604938
2 0.23125 0.6160493827160494 0.0763888888888889 0.17530864197530863
3 0.5416666666666667 0.508641975308642 0.16111111111111112 0.1925925925925926
0 0.8736111111111111 0.18271604938271604 0.18333333333333335 0.25679012345679014
2 0.7937500000000001 0.09012345679012346 0.1513888888888889 0.17530864197530863
2 0.9395833333333333 0.2654320987654321 0.12361111111111112 0.32839506172839505
2 0.9027777777777778 0.8308641975308642 0.19166666666666668 0.3382716049382716
0 0.8854166666666667 0.5950617283950617 0.23194444444444445 0.30123456790123454
0 0.7069444444444445 0.8320987654320987 0.2888888888888889 0.34074074074074073
