0 0.03888888888888889 0.12345679012345678 0.075 0.18271604938271604
0 0.12152777777777778 0.0728395061728395 0.08194444444444444 0.14074074074074075
0 0.1590277777777778 0.10123456790123457 0.08194444444444444 0.1382716049382716
3 0.25833333333333336 0.22592592592592592 0.14444444444444446 0.145679012345679
3 0.1798611111111111 0.437037037037037 0.16527777777777777 0.25679012345679014
3 0.06736111111111111 0.5604938271604938 0.13194444444444445 0.25679012345679014
3 0.22430555555555556 0.6320987654320988 0.16805555555555557 0.36049382716049383
0 0.3 0.3765432098765432 0.15555555555555556 0.2641975308641975
0 0.3611111111111111 0.4666666666666667 0.1638888888888889 0.2617283950617284
2 0.36597222222222225 0.7506172839506172 0.29305555555555557 0.454320987654321
0 0.08541666666666667 0.8518518518518519 0.16805555555555557 0.30123456790123454
3 0.5625 0.9419753086419753 0.2138888888888889 0.12098765432098765
3 0.4986111111111111 0.36419753086419754 0.2138888888888889 0.22469135802469134
3 0.6881944444444444 0.09012345679012346 0.13472222222222222 0.14074074074074075
0 0.8159722222222222 0.09135802469135802 0.16805555555555557 0.17777777777777778
3 0.9361111111111111 0.13209876543209875 0.13055555555555556 0.1259259259259259
3 0.8923611111111112 0.2604938271604938 0.2152777777777778 0.24938271604938272
