0 0.10555555555555556 0.5395061728395062 0.10833333333333334 0.15061728395061727
3 0.48541666666666666 0.23086419753086418 0.07916666666666666 0.10123456790123457
3 0.47222222222222227 0.4111111111111111 0.10555555555555556 0.1308641975308642
3 0.3819444444444445 0.40617283950617283 0.08333333333333334 0.1111111111111111
2 0.33055555555555555 0.3654320987654321 0.09722222222222222 0.10864197530864197
0 0.31319444444444444 0.5419753086419753 0.12916666666666668 0.1259259259259259
0 0.3597222222222222 0.7234567901234568 0.10833333333333334 0.19753086419753085
2 0.03402777777777778 0.5617283950617283 0.06527777777777778 0.14074074074074075
3 0.022222222222222223 0.8506172839506173 0.03888888888888889 0.15061728395061727
3 0.29791666666666666 0.8901234567901234 0.17083333333333334 0.22469135802469134
3 0.2263888888888889 0.5839506172839506 0.09722222222222222 0.16049382716049382
2 0.2972222222222222 0.6185185185185185 0.16111111111111112 0.145679012345679
3 0.4666666666666667 0.5654320987654321 0.11111111111111112 0.1728395061728395
3 0.5618055555555556 0.6617283950617284 0.12083333333333333 0.19753086419753085
3 0.7020833333333334 0.7135802469135802 0.1625 0.24691358024691357
3 0.8381944444444445 0.6296296296296297 0.16805555555555557 0.2419753086419753
3 0.9159722222222223 0.865432098765432 0.17083333333333334 0.2740740740740741
3 0.8590277777777778 0.4037037037037037 0.15416666666666667 0.16049382716049382
3 0.6493055555555556 0.3111111111111111 0.10694444444444445 0.15308641975308643
2 0.9673611111111111 0.6382716049382716 0.06805555555555556 0.28888888888888886
2 0.9131944444444445 0.5160493827160494 0.14305555555555557 0.2765432098765432
2 0.7722222222222223 0.23580246913580247 0.13333333333333333 0.10123456790123457
3 0.8736111111111111 0.16296296296296295 0.10555555555555556 0.12345679012345678
3 0.7041666666666667 0.08765432098765431 0.07222222222222223 0.10617283950617283
