2 0.8555555555555556 0.03580246913580247 0.15 0.06666666666666667
0 0.036111111111111115 0.16296296296296295 0.06666666666666667 0.10864197530864197
2 0.08750000000000001 0.08518518518518518 0.08055555555555556 0.145679012345679
0 0.15 0.07654320987654321 0.10555555555555556 0.12839506172839507
0 0.08333333333333334 0.2234567901234568 0.12222222222222223 0.13580246913580246
3 0.18055555555555555 0.13209876543209875 0.10277777777777779 0.08641975308641975
3 0.1527777777777778 0.34444444444444444 0.13611111111111113 0.19012345679012346
2 0.043055555555555555 0.42839506172839503 0.07777777777777778 0.2691358024691358
0 0.275 0.08024691358024691 0.09444444444444444 0.15555555555555556
3 0.36041666666666666 0.08518518518518518 0.10138888888888889 0.10617283950617283
0 0.4388888888888889 0.12098765432098765 0.12222222222222223 0.2074074074074074
0 0.6979166666666667 0.1259259259259259 0.18194444444444446 0.2419753086419753
0 0.5013888888888889 0.254320987654321 0.15 0.21234567901234566
2 0.5694444444444444 0.12345679012345678 0.1388888888888889 0.2271604938271605
2 0.6194444444444445 0.3432098765432099 0.225 0.25679012345679014
3 0.5840277777777778 0.45925925925925926 0.19583333333333333 0.30123456790123454
3 0.6298611111111111 0.7987654320987654 0.28194444444444444 0.4074074074074074
2 0.8444444444444444 0.4222222222222222 0.17500000000000002 0.5185185185185185
2 0.8215277777777779 0.7864197530864198 0.21805555555555556 0.4074074074074074
0 0.9173611111111112 0.36666666666666664 0.16805555555555557 0.39753086419753086
0 0.7652777777777778 0.9049382716049382 0.32222222222222224 0.19506172839506172
