2 0.32708333333333334 0.5246913580246914 0.07916666666666666 0.2345679012345679
2 0.6958333333333334 0.8444444444444444 0.23055555555555557 0.3160493827160494
2 0.8111111111111111 0.825925925925926 0.25 0.3530864197530864
2 0.8583333333333334 0.6074074074074074 0.28611111111111115 0.23703703703703705
2 0.49583333333333335 0.4382716049382716 0.14166666666666666 0.22469135802469134
2 0.5652777777777778 0.42839506172839503 0.10833333333333334 0.1259259259259259
2 0.6340277777777779 0.5814814814814815 0.16805555555555557 0.31851851851851853
2 0.9305555555555556 0.41234567901234565 0.14166666666666666 0.2518518518518518
2 0.7715277777777778 0.48518518518518516 0.17916666666666667 0.2740740740740741
2 0.4201388888888889 0.5259259259259259 0.19861111111111113 0.2765432098765432
2 0.5951388888888889 0.35432098765432096 0.13194444444444445 0.19012345679012346
2 0.4486111111111111 0.19382716049382714 0.11388888888888889 0.11604938271604938
2 0.47222222222222227 0.2765432098765432 0.16944444444444445 0.20246913580246914
2 0.5972222222222222 0.20123456790123456 0.1277777777777778 0.10123456790123457
2 0.7923611111111112 0.24691358024691357 0.24305555555555555 0.1382716049382716
2 0.7486111111111111 0.1765432098765432 0.20555555555555557 0.11604938271604938
0 0.6263888888888889 0.10740740740740741 0.08888888888888889 0.14074074074074075
2 0.7312500000000001 0.05802469135802469 0.12361111111111112 0.1111111111111111
0 0.8354166666666667 0.08765432098765431 0.1125 0.16049382716049382
