3 0.17430555555555557 0.3493827160493827 0.13472222222222222 0.13580246913580246
0 0.15 0.19753086419753085 0.09166666666666667 0.16296296296296295
0 0.21597222222222223 0.22098765432098766 0.11527777777777778 0.17530864197530863
0 0.0638888888888889 0.2938271604938272 0.125 0.16296296296296295
0 0.30833333333333335 0.0728395061728395 0.10833333333333334 0.14074074074074075
2 0.24930555555555556 0.06172839506172839 0.04861111111111111 0.11851851851851852
2 0.33472222222222225 0.17407407407407408 0.08888888888888889 0.19012345679012346
3 0.5027777777777778 0.027160493827160494 0.09722222222222222 0.04938271604938271
3 0.4444444444444445 0.06419753086419754 0.10277777777777779 0.10864197530864197
0 0.4 0.1654320987654321 0.08611111111111111 0.11358024691358025
0 0.513888888888889 0.11851851851851852 0.10555555555555556 0.13333333333333333
3 0.47222222222222227 0.2222222222222222 0.08611111111111111 0.12345679012345678
2 0.670138888888889 0.1111111111111111 0.1375 0.12345679012345678
2 0.7041666666666667 0.1765432098765432 0.09722222222222222 0.1259259259259259
0 0.8145833333333333 0.10123456790123457 0.11805555555555557 0.19753086419753085
0 0.9423611111111111 0.17530864197530863 0.11805555555555557 0.2271604938271605
0 0.8791666666666667 0.2716049382716049 0.13055555555555556 0.19753086419753085
0 0.7493055555555556 0.3098765432098765 0.15694444444444444 0.22469135802469134
0 0.8701388888888889 0.4740740740740741 0.19861111111111113 0.2814814814814815
0 0.35625 0.3111111111111111 0.1375 0.2617283950617284
0 0.47361111111111115 0.35432098765432096 0.16111111111111112 0.22962962962962963
0 0.4444444444444445 0.5037037037037037 0.18611111111111112 0.30617283950617286
0 0.36388888888888893 0.6493827160493827 0.18888888888888888 0.2962962962962963
0 0.30486111111111114 0.8432098765432099 0.23472222222222222 0.30864197530864196
0 0.13541666666666669 0.9098765432098765 0.2513888888888889 0.18518518518518517
3 0.2388888888888889 0.7395061728395061 0.14444444444444446 0.19506172839506172
3 0.6111111111111112 0.8975308641975308 0.28055555555555556 0.20987654320987653
