0 0.5236111111111111 0.0728395061728395 0.11388888888888889 0.13580246913580246
0 0.2881944444444445 0.30246913580246915 0.14305555555555557 0.18518518518518517
0 0.11527777777777778 0.5950617283950617 0.225 0.32098765432098764
0 0.0375 0.25679012345679014 0.07222222222222223 0.19753086419753085
3 0.11666666666666667 0.29506172839506173 0.125 0.17037037037037037
3 0.275 0.49382716049382713 0.14722222222222223 0.19753086419753085
3 0.1375 0.774074074074074 0.2138888888888889 0.28888888888888886
3 0.4215277777777778 0.337037037037037 0.13472222222222222 0.18024691358024691
3 0.4625 0.19876543209876543 0.13333333333333333 0.145679012345679
3 0.5166666666666667 0.47901234567901235 0.24444444444444446 0.19753086419753085
3 0.6284722222222222 0.35061728395061725 0.16805555555555557 0.23703703703703705
3 0.6243055555555556 0.15185185185185185 0.13472222222222222 0.17530864197530863
3 0.7145833333333333 0.09259259259259259 0.10138888888888889 0.10617283950617283
3 0.9159722222222223 0.07037037037037037 0.17083333333333334 0.13580246913580246
0 0.8340277777777778 0.14938271604938272 0.19861111111111113 0.20493827160493827
0 0.7986111111111112 0.3802469135802469 0.23055555555555557 0.35061728395061725
0 0.4625 0.6530864197530865 0.18888888888888888 0.29876543209876544
0 0.31527777777777777 0.7975308641975308 0.24722222222222223 0.40987654320987654
0 0.9208333333333334 0.7444444444444445 0.16111111111111112 0.5160493827160494
3 0.8708333333333333 0.8790123456790123 0.08055555555555556 0.24691358024691357
