4 0.18680555555555556 0.25925925925925924 0.3680555555555556 0.5135802469135803
3 0.28958333333333336 0.24074074074074073 0.12638888888888888 0.08641975308641975
0 0.3423611111111111 0.30123456790123454 0.09027777777777778 0.12345679012345678
2 0.22361111111111112 0.4271604938271605 0.21944444444444444 0.2814814814814815
2 0.27361111111111114 0.49382716049382713 0.13055555555555556 0.2518518518518518
2 0.35833333333333334 0.4679012345679012 0.125 0.2740740740740741
2 0.3888888888888889 0.1469135802469136 0.07777777777777778 0.15555555555555556
2 0.48888888888888893 0.08395061728395062 0.1388888888888889 0.1037037037037037
3 0.5958333333333333 0.06790123456790123 0.09722222222222222 0.10123456790123457
3 0.5597222222222222 0.21604938271604937 0.11944444444444445 0.16049382716049382
0 0.6888888888888889 0.11728395061728394 0.10277777777777779 0.12098765432098765
3 0.6895833333333333 0.03580246913580247 0.10138888888888889 0.06666666666666667
2 0.6215277777777778 0.16049382716049382 0.06527777777777778 0.11851851851851852
2 0.6854166666666667 0.2037037037037037 0.14027777777777778 0.1654320987654321
3 0.5513888888888889 0.5320987654320988 0.18055555555555555 0.21975308641975308
0 0.8208333333333334 0.13580246913580246 0.125 0.1580246913580247
3 0.9076388888888889 0.04938271604938271 0.12083333333333333 0.09382716049382715
3 0.8923611111111112 0.22469135802469134 0.15416666666666667 0.12345679012345678
2 0.7826388888888889 0.3530864197530864 0.10138888888888889 0.13333333333333333
2 0.8819444444444445 0.3691358024691358 0.20277777777777778 0.31851851851851853
2 0.10486111111111111 0.6493827160493827 0.10138888888888889 0.26666666666666666
2 0.13333333333333333 0.8333333333333334 0.22777777777777777 0.3382716049382716
0 0.9756944444444445 0.5123456790123456 0.051388888888888894 0.2641975308641975
3 0.2791666666666667 0.15185185185185185 0.09444444444444444 0.09135802469135802
