2 0.9277777777777778 0.3296296296296296 0.14722222222222223 0.20987654320987653
0 0.33611111111111114 0.7506172839506172 0.3277777777777778 0.5037037037037037
0 0.6479166666666667 0.7617283950617284 0.29583333333333334 0.48148148148148145
0 0.9354166666666667 0.5209876543209876 0.13194444444444445 0.6123456790123457
0 0.6326388888888889 0.20493827160493827 0.20972222222222223 0.35555555555555557
2 0.6791666666666667 0.06666666666666667 0.21944444444444444 0.12839506172839507
2 0.5236111111111111 0.23950617283950618 0.1638888888888889 0.4740740740740741
2 0.40208333333333335 0.0728395061728395 0.12916666666666668 0.14074074074074075
3 0.23541666666666666 0.48148148148148145 0.18472222222222223 0.32098765432098764
3 0.2826388888888889 0.2604938271604938 0.14305555555555557 0.19012345679012346
