4 0.13055555555555556 0.2654320987654321 0.25833333333333336 0.5209876543209876
1 0.38125000000000003 0.254320987654321 0.09027777777777778 0.09876543209876543
2 0.3354166666666667 0.3333333333333333 0.0763888888888889 0.1580246913580247
2 0.24097222222222223 0.5209876543209876 0.09305555555555556 0.291358024691358
2 0.4013888888888889 0.42962962962962964 0.2138888888888889 0.1728395061728395
3 0.11805555555555557 0.42962962962962964 0.1277777777777778 0.09876543209876543
3 0.1076388888888889 0.5395061728395062 0.14583333333333334 0.13580246913580246
3 0.06944444444444445 0.774074074074074 0.13611111111111113 0.2740740740740741
0 0.07777777777777778 0.9246913580246914 0.1527777777777778 0.15555555555555556
3 0.5125000000000001 0.2271604938271605 0.11666666666666667 0.12839506172839507
3 0.5229166666666667 0.33209876543209876 0.11527777777777778 0.1111111111111111
3 0.5493055555555556 0.4604938271604938 0.14305555555555557 0.18518518518518517
3 0.6763888888888889 0.3987654320987654 0.14444444444444446 0.17037037037037037
3 0.6395833333333334 0.0691358024691358 0.06527777777777778 0.1037037037037037
3 0.7131944444444445 0.05925925925925926 0.0763888888888889 0.08395061728395062
3 0.7895833333333334 0.22962962962962963 0.1125 0.13333333333333333
2 0.8611111111111112 0.23703703703703705 0.005555555555555556 0.0
2 0.8159722222222222 0.14320987654320988 0.11527777777777778 0.08395061728395062
3 0.9840277777777778 0.19999999999999998 0.034722222222222224 0.11851851851851852
3 0.8562500000000001 0.06049382716049383 0.09027777777777778 0.10123456790123457
2 0.6201388888888889 0.7592592592592592 0.2986111111111111 0.37777777777777777
0 0.6458333333333334 0.6493827160493827 0.17222222222222222 0.25679012345679014
3 0.4222222222222222 0.8444444444444444 0.18333333333333335 0.3160493827160494
3 0.8284722222222223 0.5209876543209876 0.17916666666666667 0.2271604938271605
3 0.9743055555555556 0.5135802469135803 0.05416666666666667 0.2074074074074074
0 0.8819444444444445 0.808641975308642 0.23055555555555557 0.3876543209876543
