3 0.1125 0.5345679012345679 0.22222222222222224 0.23950617283950618
0 0.33333333333333337 0.14814814814814814 0.17500000000000002 0.2271604938271605
0 0.11736111111111111 0.7469135802469136 0.23194444444444445 0.3382716049382716
3 0.33194444444444443 0.3530864197530864 0.18055555555555555 0.23703703703703705
3 0.37986111111111115 0.528395061728395 0.19861111111111113 0.3111111111111111
3 0.2673611111111111 0.8518518518518519 0.2569444444444445 0.30123456790123454
3 0.4847222222222222 0.18395061728395062 0.14166666666666666 0.18518518518518517
3 0.5319444444444444 0.0691358024691358 0.13333333333333333 0.13333333333333333
3 0.6631944444444444 0.2962962962962963 0.20416666666666666 0.2814814814814815
3 0.7298611111111112 0.5320987654320988 0.3625 0.2938271604938272
0 0.6472222222222223 0.10246913580246914 0.1638888888888889 0.19999999999999998
0 0.78125 0.1691358024691358 0.1875 0.3333333333333333
0 0.8166666666666667 0.7432098765432099 0.2111111111111111 0.345679012345679
0 0.6451388888888889 0.7506172839506172 0.2013888888888889 0.34074074074074073
0 0.7375 0.9382716049382716 0.30833333333333335 0.12839506172839507
