3 0.0375 0.3148148148148148 0.07222222222222223 0.2641975308641975
0 0.08888888888888889 0.1654320987654321 0.15833333333333333 0.30617283950617286
0 0.2263888888888889 0.09382716049382715 0.15 0.1728395061728395
0 0.22847222222222224 0.28641975308641976 0.14583333333333334 0.2716049382716049
0 0.3527777777777778 0.22962962962962963 0.1527777777777778 0.2271604938271605
3 0.26875 0.4419753086419753 0.1625 0.1728395061728395
3 0.44027777777777777 0.027160493827160494 0.13055555555555556 0.04938271604938271
0 0.6673611111111112 0.0691358024691358 0.1902777777777778 0.13333333333333333
2 0.44583333333333336 0.26296296296296295 0.225 0.38271604938271603
2 0.5965277777777778 0.2876543209876543 0.2652777777777778 0.41728395061728396
2 0.7590277777777779 0.42839506172839503 0.3041666666666667 0.5111111111111111
0 0.9548611111111112 0.28641975308641976 0.09305555555555556 0.35061728395061725
3 0.5152777777777778 0.7172839506172839 0.2611111111111111 0.4271604938271605
3 0.7979166666666667 0.7938271604938272 0.3652777777777778 0.41728395061728396
