0 0.28958333333333336 0.145679012345679 0.06527777777777778 0.10864197530864197
0 0.7111111111111111 0.08271604938271605 0.11666666666666667 0.16049382716049382
0 0.45 0.037037037037037035 0.0638888888888889 0.0691358024691358
3 0.4861111111111111 0.04814814814814815 0.07222222222222223 0.09135802469135802
3 0.6180555555555556 0.10246913580246914 0.08611111111111111 0.1111111111111111
3 0.5243055555555556 0.13950617283950617 0.08472222222222223 0.10123456790123457
0 0.5576388888888889 0.03209876543209877 0.08750000000000001 0.05925925925925926
2 0.5652777777777778 0.06419753086419754 0.15833333333333333 0.1037037037037037
2 0.857638888888889 0.17160493827160495 0.12638888888888888 0.19999999999999998
2 0.9604166666666667 0.20864197530864198 0.07916666666666666 0.19012345679012346
2 0.7555555555555555 0.22469135802469134 0.16111111111111112 0.1728395061728395
2 0.7020833333333334 0.32098765432098764 0.12638888888888888 0.20246913580246914
2 0.38472222222222224 0.48271604938271606 0.2833333333333333 0.25925925925925924
0 0.4277777777777778 0.1765432098765432 0.08333333333333334 0.12098765432098765
0 0.31736111111111115 0.24320987654320989 0.09861111111111112 0.14074074074074075
0 0.14791666666666667 0.4246913580246913 0.09861111111111112 0.15308641975308643
3 0.2152777777777778 0.3469135802469136 0.075 0.15061728395061727
2 0.04027777777777778 0.3469135802469136 0.07777777777777778 0.0962962962962963
3 0.03263888888888889 0.4493827160493827 0.0625 0.13333333333333333
3 0.06458333333333334 0.5506172839506173 0.12361111111111112 0.11851851851851852
2 0.061111111111111116 0.6432098765432098 0.11944444444444445 0.13580246913580246
2 0.06458333333333334 0.7074074074074074 0.12361111111111112 0.21481481481481482
0 0.18680555555555556 0.5851851851851851 0.14305555555555557 0.2222222222222222
0 0.18194444444444446 0.8135802469135802 0.13611111111111113 0.24938271604938272
0 0.07430555555555556 0.9012345679012346 0.14583333333333334 0.20246913580246914
