4 0.22013888888888888 0.12469135802469136 0.20416666666666666 0.24444444444444444
4 0.15625 0.3037037037037037 0.30694444444444446 0.6024691358024691
3 0.7833333333333333 0.14814814814814814 0.05277777777777778 0.07901234567901234
3 0.8284722222222223 0.13209876543209875 0.0625 0.07160493827160494
3 0.8493055555555555 0.09382716049382715 0.0625 0.04938271604938271
0 0.8597222222222223 0.05185185185185185 0.058333333333333334 0.07407407407407407
0 0.9333333333333333 0.025925925925925925 0.07222222222222223 0.046913580246913576
0 0.9118055555555555 0.09259259259259259 0.07083333333333333 0.09135802469135802
0 0.9840277777777778 0.08271604938271605 0.034722222222222224 0.12098765432098765
3 0.9229166666666667 0.15432098765432098 0.06527777777777778 0.10123456790123457
3 0.8395833333333333 0.21728395061728395 0.07083333333333333 0.11358024691358025
3 0.8597222222222223 0.3 0.075 0.08641975308641975
3 0.7277777777777779 0.11481481481481481 0.06666666666666667 0.08641975308641975
3 0.7194444444444444 0.17037037037037037 0.061111111111111116 0.11358024691358025
3 0.6611111111111111 0.1962962962962963 0.06666666666666667 0.10617283950617283
3 0.5833333333333334 0.0691358024691358 0.0638888888888889 0.08888888888888889
3 0.44722222222222224 0.09012345679012346 0.05555555555555556 0.08641975308641975
3 0.5388888888888889 0.17160493827160495 0.075 0.07654320987654321
3 0.4902777777777778 0.20493827160493827 0.0638888888888889 0.08888888888888889
0 0.7847222222222222 0.3135802469135802 0.061111111111111116 0.10864197530864197
0 0.8131944444444444 0.37777777777777777 0.07916666666666666 0.13333333333333333
0 0.7090277777777778 0.3259259259259259 0.0625 0.08888888888888889
2 0.7104166666666667 0.3962962962962963 0.1125 0.15555555555555556
2 0.6541666666666667 0.4271604938271605 0.125 0.14814814814814814
3 0.6347222222222223 0.345679012345679 0.075 0.07901234567901234
0 0.6062500000000001 0.2938271604938272 0.06805555555555556 0.09876543209876543
0 0.5375 0.27901234567901234 0.058333333333333334 0.09876543209876543
2 0.5604166666666667 0.337037037037037 0.04027777777777778 0.14074074074074075
2 0.49722222222222223 0.30123456790123454 0.04722222222222222 0.10864197530864197
3 0.46805555555555556 0.345679012345679 0.07222222222222223 0.1037037037037037
2 0.4236111111111111 0.21234567901234566 0.09722222222222222 0.08395061728395062
2 0.3680555555555556 0.24444444444444444 0.06666666666666667 0.10864197530864197
3 0.2986111111111111 0.17530864197530863 0.0638888888888889 0.08395061728395062
3 0.23472222222222222 0.3172839506172839 0.0638888888888889 0.09135802469135802
0 0.3354166666666667 0.4308641975308642 0.07083333333333333 0.1111111111111111
3 0.30069444444444443 0.36049382716049383 0.07361111111111111 0.08888888888888889
3 0.2659722222222222 0.4506172839506173 0.08750000000000001 0.10123456790123457
3 0.47500000000000003 0.5604938271604938 0.08611111111111111 0.11851851851851852
2 0.33194444444444443 0.5098765432098765 0.07777777777777778 0.08148148148148147
2 0.27222222222222225 0.508641975308642 0.08333333333333334 0.11358024691358025
2 0.37569444444444444 0.5049382716049383 0.05694444444444444 0.18518518518518517
2 0.25 0.6432098765432098 0.08333333333333334 0.1654320987654321
2 0.29930555555555555 0.7604938271604939 0.08194444444444444 0.24691358024691357
0 0.6743055555555556 0.5345679012345679 0.08472222222222223 0.14074074074074075
1 0.9006944444444445 0.3851851851851852 0.10138888888888889 0.15308641975308643
0 0.9604166666666667 0.3395061728395062 0.08194444444444444 0.1308641975308642
0 0.945138888888889 0.5950617283950617 0.09861111111111112 0.1580246913580247
3 0.9076388888888889 0.562962962962963 0.07083333333333333 0.14814814814814814
3 0.6152777777777778 0.7839506172839505 0.11388888888888889 0.18024691358024691
