0 0.8416666666666667 0.35802469135802467 0.13333333333333333 0.1925925925925926
2 0.9 0.18271604938271604 0.13055555555555556 0.18271604938271604
2 0.9395833333333333 0.2580246913580247 0.12361111111111112 0.14074074074074075
2 0.45625000000000004 0.8222222222222222 0.09583333333333334 0.36049382716049383
2 0.5423611111111112 0.7506172839506172 0.16527777777777777 0.2765432098765432
2 0.545138888888889 0.8617283950617284 0.18194444444444446 0.2814814814814815
2 0.6833333333333333 0.8728395061728395 0.15833333333333333 0.20493827160493827
2 0.8159722222222222 0.8580246913580247 0.20972222222222223 0.24444444444444444
2 0.8604166666666667 0.7580246913580246 0.24861111111111112 0.2716049382716049
2 0.9548611111111112 0.5962962962962963 0.09305555555555556 0.1654320987654321
2 0.9187500000000001 0.4876543209876543 0.16527777777777777 0.1654320987654321
2 0.6791666666666667 0.6851851851851851 0.18611111111111112 0.19999999999999998
2 0.6159722222222223 0.5851851851851851 0.11805555555555557 0.23209876543209876
2 0.607638888888889 0.528395061728395 0.13472222222222222 0.21234567901234566
2 0.6986111111111112 0.5160493827160494 0.09166666666666667 0.2074074074074074
2 0.7583333333333334 0.49135802469135803 0.09722222222222222 0.2074074074074074
2 0.8291666666666667 0.4580246913580247 0.1 0.12098765432098765
2 0.5902777777777778 0.36049382716049383 0.13333333333333333 0.11358024691358025
