0 0.2423611111111111 0.04938271604938271 0.09027777777777778 0.09382716049382715
3 0.08611111111111111 0.4049382716049383 0.1638888888888889 0.2074074074074074
3 0.13958333333333334 0.2074074074074074 0.14027777777777778 0.10864197530864197
3 0.37777777777777777 0.3259259259259259 0.11388888888888889 0.13333333333333333
0 0.6020833333333333 0.14320987654320988 0.14583333333333334 0.21234567901234566
0 0.3298611111111111 0.4691358024691358 0.19305555555555556 0.24691358024691357
3 0.5368055555555555 0.3259259259259259 0.1625 0.16790123456790124
3 0.49930555555555556 0.5259259259259259 0.1736111111111111 0.2419753086419753
3 0.31875000000000003 0.7345679012345678 0.1763888888888889 0.3333333333333333
3 0.1513888888888889 0.6703703703703704 0.23333333333333334 0.24444444444444444
3 0.7222222222222222 0.2765432098765432 0.17222222222222222 0.21234567901234566
3 0.851388888888889 0.16296296296296295 0.2 0.2271604938271605
3 0.6944444444444444 0.8111111111111111 0.33333333333333337 0.38271604938271603
3 0.7986111111111112 0.5666666666666667 0.25277777777777777 0.3382716049382716
0 0.14027777777777778 0.854320987654321 0.27222222222222225 0.2962962962962963
0 0.9472222222222223 0.645679012345679 0.10833333333333334 0.41234567901234565
0 0.9416666666666667 0.34444444444444444 0.11944444444444445 0.32839506172839505
