3 0.93125 0.03333333333333333 0.14027777777777778 0.06172839506172839
0 0.38125000000000003 0.06172839506172839 0.07916666666666666 0.09382716049382715
0 0.3527777777777778 0.2345679012345679 0.09722222222222222 0.16790123456790124
3 0.4548611111111111 0.08024691358024691 0.09583333333333334 0.07654320987654321
3 0.36041666666666666 0.13580246913580246 0.0763888888888889 0.09382716049382715
0 0.27361111111111114 0.18395061728395062 0.08611111111111111 0.14074074074074075
3 0.2729166666666667 0.2641975308641975 0.08194444444444444 0.13333333333333333
0 0.5701388888888889 0.1469135802469136 0.10972222222222222 0.28888888888888886
0 0.6770833333333334 0.1617283950617284 0.12638888888888888 0.20987654320987653
2 0.7034722222222223 0.3296296296296296 0.22916666666666669 0.23950617283950618
2 0.8951388888888889 0.6641975308641975 0.2125 0.6765432098765432
2 0.9243055555555556 0.4111111111111111 0.15416666666666667 0.2740740740740741
0 0.9534722222222223 0.18024691358024691 0.09583333333333334 0.2617283950617284
3 0.5513888888888889 0.619753086419753 0.20555555555555557 0.2962962962962963
3 0.5569444444444445 0.8666666666666667 0.275 0.2716049382716049
