2 0.6263888888888889 0.34444444444444444 0.08611111111111111 0.10617283950617283
3 0.6159722222222223 0.591358024691358 0.029166666666666667 0.06666666666666667
0 0.043750000000000004 0.9716049382716049 0.0763888888888889 0.06172839506172839
0 0.5097222222222222 0.8469135802469135 0.08611111111111111 0.12345679012345678
0 0.9729166666666667 0.8814814814814814 0.04861111111111111 0.12345679012345678
0 0.7069444444444445 0.608641975308642 0.061111111111111116 0.10617283950617283
0 0.46111111111111114 0.21481481481481482 0.075 0.1037037037037037
0 0.5069444444444444 0.09012345679012346 0.0638888888888889 0.0962962962962963
1 0.14583333333333334 0.5925925925925926 0.08055555555555556 0.1382716049382716
1 0.40694444444444444 0.8222222222222222 0.09166666666666667 0.12839506172839507
1 0.4548611111111111 0.9592592592592593 0.0763888888888889 0.08641975308641975
1 0.81875 0.7407407407407407 0.1125 0.18271604938271604
1 0.9 0.6061728395061728 0.09722222222222222 0.17037037037037037
1 0.7465277777777778 0.4407407407407407 0.07916666666666666 0.1308641975308642
1 0.5347222222222222 0.29753086419753083 0.075 0.1111111111111111
1 0.38680555555555557 0.34074074074074073 0.0625 0.10864197530864197
