0 0.12135416666666667 0.07268518518518519 0.03958333333333333 0.05462962962962963
0 0.5690104166666666 0.6425925925925926 0.028645833333333332 0.053703703703703705
0 0.45598958333333334 0.33101851851851855 0.04114583333333333 0.05092592592592593
0 0.14973958333333334 0.36574074074074076 0.0453125 0.05185185185185186
0 0.15598958333333332 0.5092592592592593 0.04739583333333333 0.07037037037037037
0 0.25755208333333335 0.5092592592592593 0.04010416666666666 0.07222222222222223
0 0.459375 0.9203703703703704 0.042708333333333334 0.08518518518518518
0 0.30625 0.9365740740740741 0.06770833333333333 0.1175925925925926
2 0.32708333333333334 0.6828703703703703 0.13020833333333334 0.10462962962962963
2 0.6356770833333333 0.9578703703703704 0.09322916666666667 0.08240740740740742
1 0.6114583333333333 0.9083333333333333 0.06145833333333333 0.07037037037037037
