2 0.753125 0.7319444444444445 0.11562499999999999 0.3509259259259259
0 0.3859375 0.09861111111111112 0.04791666666666666 0.08240740740740742
0 0.5057291666666667 0.19305555555555556 0.04583333333333333 0.09166666666666667
0 0.9302083333333333 0.6217592592592592 0.05416666666666667 0.09537037037037037
0 0.49374999999999997 0.42083333333333334 0.07083333333333333 0.12685185185185185
0 0.46953125 0.5203703703703704 0.050520833333333334 0.09444444444444444
0 0.10677083333333333 0.6087962962962963 0.13333333333333333 0.1953703703703704
0 0.2520833333333333 0.8976851851851853 0.109375 0.2064814814814815
3 0.43671875 0.6472222222222223 0.0484375 0.08333333333333334
3 0.3567708333333333 0.8777777777777778 0.04791666666666666 0.0925925925925926
0 0.7901041666666666 0.3226851851851852 0.0375 0.06018518518518519
