0 0.23750000000000002 0.12222222222222222 0.13055555555555556 0.19999999999999998
0 0.24027777777777778 0.9592592592592593 0.09722222222222222 0.08641975308641975
0 0.05486111111111111 0.7654320987654321 0.09861111111111112 0.18271604938271604
0 0.8458333333333333 0.6432098765432098 0.06944444444444445 0.10617283950617283
0 0.9347222222222222 0.5790123456790124 0.08888888888888889 0.14074074074074075
0 0.9069444444444444 0.3790123456790123 0.08055555555555556 0.13580246913580246
0 0.4881944444444445 0.7777777777777778 0.0763888888888889 0.14814814814814814
0 0.34444444444444444 0.36666666666666664 0.07777777777777778 0.14074074074074075
0 0.19861111111111113 0.32469135802469135 0.07777777777777778 0.17530864197530863
1 0.24027777777777778 0.5 0.13055555555555556 0.20493827160493827
1 0.3340277777777778 0.5209876543209876 0.09027777777777778 0.15308641975308643
