0 0.2715277777777778 0.5802469135802469 0.06805555555555556 0.11358024691358025
0 0.3791666666666667 0.917283950617284 0.0638888888888889 0.11604938271604938
1 0.15625 0.5617283950617283 0.08472222222222223 0.12098765432098765
1 0.07222222222222223 0.7901234567901234 0.11111111111111112 0.1382716049382716
1 0.28750000000000003 0.7024691358024692 0.07777777777777778 0.1111111111111111
0 0.3027777777777778 0.046913580246913576 0.04166666666666667 0.05925925925925926
0 0.35000000000000003 0.10123456790123457 0.044444444444444446 0.07901234567901234
0 0.28541666666666665 0.19753086419753085 0.059722222222222225 0.09382716049382715
3 0.6215277777777778 0.9814814814814815 0.04027777777777778 0.04197530864197531
3 0.7305555555555556 0.6345679012345679 0.036111111111111115 0.0691358024691358
3 0.4166666666666667 0.6148148148148148 0.036111111111111115 0.07901234567901234
3 0.3513888888888889 0.4407407407407407 0.02777777777777778 0.03209876543209877
3 0.41458333333333336 0.4765432098765432 0.020833333333333336 0.02962962962962963
3 0.6152777777777778 0.36419753086419754 0.02777777777777778 0.046913580246913576
3 0.5222222222222223 0.06296296296296296 0.03333333333333333 0.04197530864197531
0 0.1763888888888889 0.8962962962962963 0.06944444444444445 0.16790123456790124
