0 0.7458333333333333 0.36419753086419754 0.08611111111111111 0.19012345679012346
0 0.8465277777777778 0.4271604938271605 0.13194444444444445 0.2271604938271605
0 0.7298611111111112 0.6358024691358024 0.07083333333333333 0.1654320987654321
0 0.6444444444444445 0.5950617283950617 0.07777777777777778 0.1580246913580247
3 0.6229166666666667 0.774074074074074 0.034722222222222224 0.04197530864197531
3 0.8458333333333333 0.5246913580246914 0.030555555555555558 0.06666666666666667
3 0.7131944444444445 0.4580246913580247 0.03194444444444445 0.056790123456790124
3 0.9465277777777779 0.31234567901234567 0.08472222222222223 0.08641975308641975
0 0.8916666666666667 0.6506172839506172 0.15555555555555556 0.254320987654321
0 0.9430555555555556 0.12222222222222222 0.09166666666666667 0.15555555555555556
0 0.7791666666666667 0.16419753086419753 0.10833333333333334 0.19012345679012346
0 0.5444444444444445 0.16296296296296295 0.08611111111111111 0.14814814814814814
0 0.5625 0.36790123456790125 0.058333333333333334 0.09382716049382715
1 0.22777777777777777 0.5567901234567901 0.07777777777777778 0.1654320987654321
1 0.2590277777777778 0.3876543209876543 0.07361111111111111 0.16790123456790124
