0 0.21067708333333332 0.30694444444444446 0.025520833333333333 0.05092592592592593
0 0.6307291666666667 0.3023148148148148 0.025 0.03981481481481482
0 0.70234375 0.5194444444444445 0.025520833333333333 0.03888888888888889
0 0.7088541666666667 0.45092592592592595 0.025 0.040740740740740744
0 0.48828125 0.2962962962962963 0.019270833333333334 0.04814814814814815
0 0.16015625 0.1287037037037037 0.027604166666666666 0.04259259259259259
0 0.04010416666666666 0.2587962962962963 0.04583333333333333 0.06759259259259259
2 0.3255208333333333 0.7939814814814815 0.08229166666666667 0.23796296296296296
2 0.29375 0.899537037037037 0.06458333333333333 0.20277777777777778
2 0.8046875 0.7722222222222223 0.06041666666666667 0.12407407407407407
2 0.3481770833333333 0.5819444444444445 0.0734375 0.05648148148148149
1 0.10729166666666666 0.3111111111111111 0.06770833333333333 0.053703703703703705
