0 0.3770833333333333 0.4050925925925926 0.029166666666666667 0.04537037037037037
0 0.14479166666666665 0.8726851851851852 0.035416666666666666 0.05648148148148149
0 0.49765624999999997 0.6810185185185186 0.0609375 0.09351851851851853
0 0.44453125 0.6962962962962963 0.04739583333333333 0.06666666666666667
0 0.17760416666666667 0.9703703703703704 0.04375 0.061111111111111116
0 0.7661458333333333 0.5185185185185185 0.0375 0.04814814814814815
0 0.6510416666666666 0.4851851851851852 0.02395833333333333 0.037037037037037035
0 0.6765625 0.33333333333333337 0.02395833333333333 0.04814814814814815
0 0.8708333333333333 0.20462962962962963 0.03958333333333333 0.05925925925925926
0 0.984375 0.29444444444444445 0.03125 0.061111111111111116
1 0.6111979166666667 0.5078703703703704 0.04010416666666666 0.058333333333333334
1 0.46848958333333335 0.8097222222222222 0.1015625 0.14907407407407408
