2 0.4296875 0.8490740740740741 0.11458333333333333 0.19814814814814816
2 0.92734375 0.6763888888888889 0.1453125 0.1564814814814815
2 0.6393229166666666 0.2967592592592593 0.10260416666666666 0.10092592592592593
0 0.4888020833333333 0.6842592592592592 0.044270833333333336 0.05925925925925926
0 0.6096354166666667 0.36435185185185187 0.057812499999999996 0.0712962962962963
0 0.81640625 0.28564814814814815 0.034895833333333334 0.04351851851851852
0 0.70703125 0.07361111111111111 0.034895833333333334 0.05462962962962963
0 0.5653645833333333 0.13240740740740742 0.034895833333333334 0.06481481481481481
0 0.5921875 0.11805555555555557 0.034375 0.05648148148148149
0 0.4171875 0.20972222222222223 0.03854166666666667 0.05648148148148149
0 0.121875 0.49583333333333335 0.03125 0.04166666666666667
0 0.05755208333333333 0.36342592592592593 0.04739583333333333 0.0787037037037037
0 0.11484375 0.15555555555555556 0.04114583333333333 0.053703703703703705
1 0.48541666666666666 0.1787037037037037 0.03125 0.03518518518518519
1 0.8312499999999999 0.12962962962962962 0.06458333333333333 0.10370370370370371
1 0.4359375 0.4027777777777778 0.058333333333333334 0.07777777777777778
