1 0.2743055555555556 0.662962962962963 0.0625 0.13580246913580246
0 0.8354166666666667 0.6370370370370371 0.0763888888888889 0.1580246913580247
0 0.5736111111111112 0.5901234567901235 0.08055555555555556 0.14814814814814814
0 0.4666666666666667 0.5950617283950617 0.07777777777777778 0.17777777777777778
0 0.5743055555555556 0.7666666666666666 0.07361111111111111 0.15061728395061727
0 0.33194444444444443 0.05555555555555555 0.05 0.08148148148148147
0 0.44236111111111115 0.23950617283950618 0.0625 0.11851851851851852
0 0.4729166666666667 0.41728395061728396 0.08472222222222223 0.11851851851851852
0 0.16527777777777777 0.7358024691358025 0.1 0.16296296296296295
0 0.05625 0.8864197530864197 0.10972222222222222 0.1728395061728395
0 0.9729166666666667 0.7901234567901234 0.05694444444444444 0.13333333333333333
3 0.9812500000000001 0.40987654320987654 0.029166666666666667 0.07407407407407407
3 0.8069444444444445 0.9345679012345679 0.03888888888888889 0.06666666666666667
3 0.6555555555555556 0.7296296296296296 0.036111111111111115 0.10123456790123457
3 0.6194444444444445 0.30246913580246915 0.036111111111111115 0.046913580246913576
3 0.5729166666666667 0.43333333333333335 0.018055555555555557 0.04197530864197531
3 0.6541666666666667 0.37037037037037035 0.022222222222222223 0.0345679012345679
