0 0.12291666666666666 0.20185185185185187 0.040625 0.061111111111111116
2 0.3372395833333333 0.8393518518518519 0.1453125 0.24722222222222223
2 0.9252604166666667 0.9305555555555556 0.14947916666666666 0.14074074074074075
0 0.9770833333333333 0.8365740740740741 0.04583333333333333 0.08796296296296297
0 0.8703124999999999 0.725462962962963 0.03854166666666667 0.05462962962962963
0 0.81328125 0.6722222222222223 0.034895833333333334 0.053703703703703705
0 0.7046875 0.7162037037037037 0.06354166666666666 0.06574074074074074
0 0.7526041666666666 0.6787037037037037 0.036458333333333336 0.05185185185185186
0 0.7489583333333333 0.6273148148148149 0.028125 0.04351851851851852
0 0.8640625 0.43703703703703706 0.027083333333333334 0.040740740740740744
0 0.44609375 0.763425925925926 0.0421875 0.05648148148148149
0 0.2484375 0.29814814814814816 0.034375 0.053703703703703705
0 0.4828125 0.3912037037037037 0.04479166666666667 0.06759259259259259
0 0.25494791666666666 0.2337962962962963 0.03802083333333333 0.07314814814814816
0 0.17369791666666667 0.19722222222222224 0.03697916666666667 0.06481481481481481
0 0.19947916666666665 0.27222222222222225 0.036458333333333336 0.07592592592592592
0 0.04296875 0.5319444444444444 0.04010416666666666 0.06018518518518519
0 0.008333333333333333 0.7583333333333334 0.015625 0.0925925925925926
1 0.8265625 0.9370370370370371 0.06979166666666667 0.09814814814814815
