1 0.25885416666666666 0.9212962962962963 0.11354166666666667 0.15925925925925927
0 0.721875 0.3148148148148148 0.042708333333333334 0.06851851851851852
2 0.8479166666666667 0.4189814814814815 0.10625 0.11018518518518519
2 0.4986979166666667 0.2884259259259259 0.11614583333333334 0.08425925925925926
2 0.25677083333333334 0.6263888888888889 0.08125 0.2138888888888889
0 0.31666666666666665 0.40972222222222227 0.030208333333333334 0.05092592592592593
0 0.26796875 0.1962962962962963 0.04010416666666666 0.06296296296296297
0 0.8908854166666667 0.39351851851851855 0.04010416666666666 0.0462962962962963
0 0.8578125 0.5282407407407408 0.05416666666666667 0.058333333333333334
0 0.9041666666666667 0.6472222222222223 0.046875 0.053703703703703705
0 0.92421875 0.7569444444444444 0.049479166666666664 0.05462962962962963
0 0.6127604166666667 0.5083333333333333 0.04739583333333333 0.07592592592592592
0 0.20182291666666666 0.5078703703703704 0.06302083333333333 0.075
