3 0.8606770833333334 0.625 0.03177083333333333 0.0462962962962963
0 0.8536458333333333 0.9185185185185185 0.04791666666666666 0.08518518518518518
0 0.6067708333333334 0.9800925925925926 0.052083333333333336 0.04166666666666667
0 0.5747395833333333 0.9407407407407408 0.0328125 0.06296296296296297
0 0.52265625 0.8277777777777778 0.03177083333333333 0.061111111111111116
0 0.4361979166666667 0.8870370370370371 0.0484375 0.08703703703703704
0 0.0890625 0.5671296296296297 0.03854166666666667 0.05648148148148149
0 0.04479166666666667 0.5296296296296297 0.041666666666666664 0.05555555555555556
0 0.0390625 0.4217592592592593 0.030208333333333334 0.0712962962962963
0 0.24348958333333334 0.34351851851851856 0.0296875 0.053703703703703705
0 0.29635416666666664 0.38981481481481484 0.034375 0.04259259259259259
0 0.43385416666666665 0.3819444444444445 0.028125 0.04166666666666667
0 0.5026041666666666 0.44212962962962965 0.03229166666666666 0.04166666666666667
