1 0.4953125 0.3611111111111111 0.03958333333333333 0.06481481481481481
1 0.04375 0.5356481481481482 0.08645833333333333 0.09722222222222222
1 0.16354166666666667 0.5537037037037037 0.08125 0.0925925925925926
2 0.4473958333333333 0.8875000000000001 0.15208333333333332 0.1675925925925926
2 0.08307291666666666 0.15925925925925927 0.0671875 0.06666666666666667
2 0.46901041666666665 0.23842592592592593 0.08385416666666666 0.06759259259259259
0 0.47890625 0.1476851851851852 0.03697916666666667 0.04722222222222222
0 0.72109375 0.15 0.034895833333333334 0.05555555555555556
0 0.6572916666666666 0.1615740740740741 0.027083333333333334 0.04351851851851852
0 0.7536458333333333 0.46435185185185185 0.05 0.06944444444444445
0 0.95859375 0.7384259259259259 0.07239583333333333 0.1175925925925926
0 0.7432291666666666 0.6245370370370371 0.0375 0.07314814814814816
0 0.18151041666666667 0.4324074074074074 0.0328125 0.06666666666666667
