1 0.37222222222222223 0.35432098765432096 0.061111111111111116 0.08148148148148147
1 0.051388888888888894 0.8419753086419753 0.05555555555555556 0.10864197530864197
0 0.6590277777777778 0.24074074074074073 0.04861111111111111 0.0962962962962963
0 0.7506944444444444 0.26666666666666666 0.0763888888888889 0.12345679012345678
0 0.7958333333333334 0.37777777777777777 0.061111111111111116 0.10864197530864197
0 0.9541666666666667 0.4111111111111111 0.0638888888888889 0.14074074074074075
0 0.6208333333333333 0.591358024691358 0.0638888888888889 0.1111111111111111
0 0.6180555555555556 0.8395061728395061 0.058333333333333334 0.11851851851851852
3 0.9076388888888889 0.3037037037037037 0.04583333333333334 0.05432098765432099
3 0.8805555555555555 0.3765432098765432 0.03333333333333333 0.046913580246913576
3 0.6541666666666667 0.5382716049382716 0.025 0.0345679012345679
