0 0.20859375 0.6680555555555556 0.0421875 0.06018518518518519
0 0.14296875 0.9726851851851852 0.06614583333333333 0.05648148148148149
0 0.3567708333333333 0.4851851851851852 0.02395833333333333 0.037037037037037035
0 0.55859375 0.40601851851851856 0.024479166666666666 0.028703703703703703
0 0.6091145833333333 0.5115740740740741 0.027604166666666666 0.04537037037037037
0 0.4432291666666667 0.8046296296296297 0.027083333333333334 0.05
0 0.5403645833333334 0.7949074074074074 0.0328125 0.0638888888888889
0 0.6572916666666666 0.9550925925925926 0.08020833333333333 0.09166666666666667
0 0.8927083333333333 0.9231481481481482 0.06145833333333333 0.09074074074074075
1 0.36354166666666665 0.5546296296296297 0.05 0.0462962962962963
1 0.7950520833333333 0.8430555555555556 0.06510416666666667 0.10092592592592593
1 0.6635416666666667 0.6995370370370371 0.075 0.1175925925925926
