1 0.4847222222222222 0.4604938271604938 0.10555555555555556 0.09135802469135802
1 0.4326388888888889 0.5358024691358024 0.08750000000000001 0.11358024691358025
1 0.5868055555555556 0.32469135802469135 0.08750000000000001 0.1111111111111111
1 0.8090277777777778 0.5901234567901235 0.06805555555555556 0.13333333333333333
1 0.8423611111111111 0.7506172839506172 0.09583333333333334 0.16790123456790124
1 0.8840277777777779 0.8666666666666667 0.10138888888888889 0.16296296296296295
1 0.5777777777777778 0.6419753086419753 0.06666666666666667 0.11358024691358025
0 0.7875 0.15432098765432098 0.06666666666666667 0.07654320987654321
0 0.46458333333333335 0.1259259259259259 0.051388888888888894 0.10864197530864197
0 0.3909722222222222 0.7061728395061728 0.08472222222222223 0.12839506172839507
0 0.48194444444444445 0.7777777777777778 0.0638888888888889 0.1037037037037037
0 0.5006944444444444 0.5580246913580247 0.05416666666666667 0.09382716049382715
0 0.6166666666666667 0.5345679012345679 0.07222222222222223 0.12098765432098765
0 0.7520833333333333 0.5024691358024691 0.059722222222222225 0.08641975308641975
3 0.8534722222222223 0.562962962962963 0.029166666666666667 0.06419753086419754
3 0.22222222222222224 0.5024691358024691 0.030555555555555558 0.06172839506172839
3 0.44583333333333336 0.27037037037037037 0.019444444444444445 0.04197530864197531
0 0.6861111111111111 0.08024691358024691 0.07222222222222223 0.08641975308641975
