1 0.2729166666666667 0.08024691358024691 0.059722222222222225 0.07160493827160494
3 0.7743055555555556 0.10246913580246914 0.029166666666666667 0.05185185185185185
3 0.795138888888889 0.03950617283950617 0.034722222222222224 0.05925925925925926
0 0.8430555555555556 0.12222222222222222 0.0638888888888889 0.12098765432098765
0 0.53125 0.2962962962962963 0.0763888888888889 0.10864197530864197
0 0.5347222222222222 0.5148148148148148 0.06944444444444445 0.09135802469135802
0 0.3652777777777778 0.7209876543209877 0.05277777777777778 0.1580246913580247
0 0.5520833333333334 0.7296296296296296 0.05694444444444444 0.12098765432098765
0 0.47361111111111115 0.9197530864197531 0.075 0.1654320987654321
3 0.2534722222222222 0.7790123456790123 0.034722222222222224 0.046913580246913576
3 0.8604166666666667 0.7185185185185186 0.0375 0.04938271604938271
3 0.7104166666666667 0.6 0.02361111111111111 0.024691358024691357
1 0.16319444444444445 0.8703703703703703 0.09027777777777778 0.12098765432098765
