0 0.7033854166666667 0.2138888888888889 0.03802083333333333 0.05185185185185186
0 0.4140625 0.18564814814814815 0.026041666666666668 0.04351851851851852
0 0.2721354166666667 0.4777777777777778 0.0328125 0.04814814814814815
0 0.45338541666666665 0.31157407407407406 0.0390625 0.04722222222222222
0 0.8510416666666667 0.6435185185185185 0.04375 0.0462962962962963
1 0.19036458333333334 0.5921296296296297 0.057812499999999996 0.05648148148148149
1 0.3731770833333333 0.6981481481481482 0.043229166666666666 0.06296296296296297
1 0.4622395833333333 0.6402777777777778 0.05677083333333333 0.06018518518518519
2 0.64375 0.40925925925925927 0.08333333333333333 0.053703703703703705
2 0.525 0.5430555555555556 0.052083333333333336 0.09537037037037037
2 0.35182291666666665 0.9092592592592593 0.0859375 0.1277777777777778
1 0.76640625 0.19212962962962965 0.06927083333333334 0.06759259259259259
0 0.3520833333333333 0.3689814814814815 0.029166666666666667 0.04722222222222222
0 0.2986979166666667 0.500925925925926 0.033854166666666664 0.03333333333333333
