1 0.8197916666666667 0.2791666666666667 0.034375 0.06018518518518519
1 0.29270833333333335 0.032407407407407406 0.05416666666666667 0.05925925925925926
0 0.7848958333333333 0.30462962962962964 0.03229166666666666 0.053703703703703705
0 0.5481770833333334 0.16527777777777777 0.0359375 0.06018518518518519
0 0.3723958333333333 0.4393518518518519 0.036458333333333336 0.06018518518518519
0 0.5872395833333334 0.4532407407407408 0.03802083333333333 0.06574074074074074
0 0.5151041666666667 0.6976851851851852 0.0375 0.0787037037037037
2 0.6072916666666667 0.27175925925925926 0.065625 0.09907407407407408
2 0.41302083333333334 0.29305555555555557 0.08229166666666667 0.1175925925925926
2 0.15182291666666667 0.5027777777777778 0.12447916666666667 0.08518518518518518
1 0.49557291666666664 0.28055555555555556 0.03802083333333333 0.06666666666666667
