1 0.88515625 0.062037037037037036 0.0890625 0.0962962962962963
0 0.44765625 0.2138888888888889 0.025520833333333333 0.037037037037037035
0 0.43046875 0.26851851851851855 0.0234375 0.04259259259259259
0 0.4119791666666667 0.30694444444444446 0.026041666666666668 0.03425925925925926
0 0.4856770833333333 0.3037037037037037 0.0265625 0.037037037037037035
0 0.20781249999999998 0.7055555555555556 0.019791666666666666 0.037037037037037035
0 0.3333333333333333 0.5041666666666667 0.020833333333333332 0.04537037037037037
0 0.42552083333333335 0.4791666666666667 0.034375 0.06018518518518519
0 0.9484374999999999 0.0925925925925926 0.04479166666666667 0.09814814814814815
0 0.7567708333333333 0.5555555555555556 0.04375 0.06481481481481481
2 0.8299479166666667 0.5865740740740741 0.1265625 0.08981481481481482
2 0.53046875 0.7449074074074075 0.11927083333333333 0.09351851851851853
1 0.6372395833333333 0.4439814814814815 0.05260416666666667 0.10092592592592593
