3 0.3265625 0.7245370370370371 0.035416666666666666 0.08981481481481482
0 0.7799479166666666 0.6675925925925926 0.0390625 0.06851851851851852
0 0.86171875 0.6162037037037037 0.03177083333333333 0.06574074074074074
0 0.91796875 0.5810185185185185 0.030729166666666665 0.04351851851851852
0 0.59921875 0.5472222222222223 0.0421875 0.07592592592592592
0 0.5471354166666667 0.5087962962962963 0.04010416666666666 0.06759259259259259
0 0.5294270833333333 0.3662037037037037 0.049479166666666664 0.08796296296296297
0 0.5505208333333333 0.287962962962963 0.03229166666666666 0.06666666666666667
0 0.5135416666666667 0.2087962962962963 0.0375 0.06574074074074074
0 0.5861979166666667 0.2611111111111111 0.022395833333333334 0.06296296296296297
0 0.7169270833333333 0.9750000000000001 0.059895833333333336 0.05185185185185186
1 0.4934895833333333 0.8731481481481482 0.09114583333333333 0.1851851851851852
1 0.9567708333333333 0.6939814814814815 0.08645833333333333 0.26944444444444443
1 0.2911458333333333 0.08657407407407408 0.04583333333333333 0.05648148148148149
