0 0.7565104166666666 0.6763888888888889 0.03177083333333333 0.05277777777777778
0 0.2640625 0.350462962962963 0.040625 0.075
0 0.48411458333333335 0.7828703703703704 0.05677083333333333 0.075
0 0.5354166666666667 0.6782407407407408 0.025 0.05277777777777778
0 0.53828125 0.7328703703703704 0.0328125 0.05277777777777778
0 0.5981770833333333 0.7194444444444444 0.03177083333333333 0.05555555555555556
0 0.6580729166666667 0.775 0.030729166666666665 0.06666666666666667
0 0.63984375 0.8101851851851852 0.0453125 0.061111111111111116
0 0.8643229166666666 0.9023148148148149 0.04635416666666667 0.0712962962962963
0 0.7229166666666667 0.9342592592592593 0.052083333333333336 0.0925925925925926
0 0.16510416666666666 0.8444444444444444 0.06145833333333333 0.07037037037037037
1 0.8252604166666666 0.9722222222222222 0.0734375 0.05740740740740741
2 0.06197916666666667 0.8949074074074075 0.12291666666666666 0.21203703703703705
2 0.6278645833333333 0.5273148148148148 0.06614583333333333 0.09166666666666667
