1 0.037760416666666664 0.9212962962962963 0.07447916666666667 0.12592592592592594
0 0.7364583333333333 0.7680555555555556 0.02395833333333333 0.030555555555555558
0 0.8151041666666666 0.8305555555555556 0.029166666666666667 0.05185185185185186
0 0.47369791666666666 0.3476851851851852 0.022395833333333334 0.03981481481481482
0 0.47812499999999997 0.4083333333333333 0.021875 0.05185185185185186
0 0.41875 0.5240740740740741 0.030208333333333334 0.044444444444444446
0 0.37734375 0.5523148148148148 0.0328125 0.06944444444444445
0 0.3020833333333333 0.5787037037037037 0.027083333333333334 0.04259259259259259
0 0.2984375 0.625925925925926 0.03125 0.040740740740740744
0 0.0890625 0.3425925925925926 0.02395833333333333 0.04259259259259259
0 0.13151041666666666 0.4666666666666667 0.0484375 0.05740740740740741
0 0.05859375 0.7875 0.04635416666666667 0.05648148148148149
0 0.25390625 0.7833333333333333 0.050520833333333334 0.07407407407407407
1 0.52890625 0.9671296296296297 0.0515625 0.06759259259259259
1 0.159375 0.6888888888888889 0.052083333333333336 0.07407407407407407
1 0.22109375 0.6833333333333333 0.06197916666666667 0.08148148148148149
