0 0.5159722222222223 0.854320987654321 0.09027777777777778 0.14814814814814814
0 0.5951388888888889 0.23703703703703705 0.08194444444444444 0.17777777777777778
0 0.69375 0.09259259259259259 0.0763888888888889 0.17037037037037037
0 0.7868055555555555 0.18395061728395062 0.07361111111111111 0.12098765432098765
0 0.5055555555555555 0.44814814814814813 0.10833333333333334 0.17530864197530863
0 0.61875 0.7148148148148148 0.07083333333333333 0.13580246913580246
0 0.7215277777777778 0.7617283950617284 0.07083333333333333 0.1111111111111111
0 0.8166666666666667 0.5740740740740741 0.05555555555555556 0.13580246913580246
0 0.07569444444444445 0.5493827160493827 0.1486111111111111 0.2345679012345679
0 0.6833333333333333 0.2777777777777778 0.11944444444444445 0.19012345679012346
