3 0.20755208333333333 0.8925925925925926 0.0421875 0.0462962962962963
3 0.21223958333333334 0.6134259259259259 0.0328125 0.05092592592592593
2 0.8057291666666666 0.6662037037037037 0.09479166666666666 0.22870370370370371
2 0.5466145833333333 0.7430555555555556 0.11510416666666666 0.12685185185185185
0 0.3609375 0.5226851851851853 0.0375 0.04722222222222222
0 0.34765625 0.5638888888888889 0.0265625 0.053703703703703705
0 0.3421875 0.6310185185185185 0.028125 0.058333333333333334
0 0.5393229166666667 0.3625 0.04635416666666667 0.06759259259259259
0 0.5286458333333334 0.24629629629629632 0.027083333333333334 0.05555555555555556
0 0.51875 0.19398148148148148 0.027083333333333334 0.032407407407407406
0 0.5190104166666667 0.16296296296296298 0.0203125 0.03333333333333333
0 0.5953125 0.15972222222222224 0.019791666666666666 0.036111111111111115
0 0.5846354166666666 0.11944444444444445 0.0171875 0.03333333333333333
0 0.5697916666666667 0.09814814814814815 0.022916666666666665 0.024074074074074074
0 0.7848958333333333 0.12361111111111112 0.020833333333333332 0.030555555555555558
0 0.7408854166666666 0.1300925925925926 0.024479166666666666 0.03981481481481482
0 0.78515625 0.08055555555555556 0.019270833333333334 0.037037037037037035
0 0.76171875 0.07175925925925926 0.021354166666666667 0.026851851851851852
0 0.74296875 0.09351851851851853 0.019270833333333334 0.022222222222222223
2 0.6846354166666666 0.11296296296296297 0.05677083333333333 0.040740740740740744
