1 0.07083333333333333 0.4148148148148148 0.09722222222222222 0.15308641975308643
1 0.45555555555555555 0.9555555555555555 0.1527777777777778 0.09382716049382715
1 0.788888888888889 0.8679012345679012 0.08055555555555556 0.17037037037037037
1 0.8402777777777778 0.6802469135802469 0.09166666666666667 0.13580246913580246
1 0.8020833333333334 0.3234567901234568 0.09861111111111112 0.14814814814814814
1 0.3902777777777778 0.7259259259259259 0.06666666666666667 0.12839506172839507
1 0.33263888888888893 0.5950617283950617 0.08472222222222223 0.12345679012345678
1 0.7222222222222222 0.47777777777777775 0.10277777777777779 0.16049382716049382
1 0.6590277777777778 0.19506172839506172 0.08194444444444444 0.12839506172839507
1 0.44722222222222224 0.08641975308641975 0.08333333333333334 0.09876543209876543
1 0.2951388888888889 0.1469135802469136 0.08194444444444444 0.10617283950617283
0 0.6090277777777778 0.36419753086419754 0.0625 0.10123456790123457
0 0.9791666666666667 0.5135802469135803 0.044444444444444446 0.12345679012345678
0 0.8611111111111112 0.5814814814814815 0.05555555555555556 0.08641975308641975
0 0.7194444444444444 0.845679012345679 0.08611111111111111 0.1308641975308642
0 0.42986111111111114 0.6061728395061728 0.07916666666666666 0.1259259259259259
0 0.04583333333333334 0.8901234567901234 0.08888888888888889 0.1308641975308642
0 0.37986111111111115 0.04938271604938271 0.08194444444444444 0.07407407407407407
3 0.30833333333333335 0.6765432098765432 0.030555555555555558 0.05925925925925926
3 0.5291666666666667 0.3691358024691358 0.036111111111111115 0.05185185185185185
3 0.6972222222222223 0.5592592592592592 0.030555555555555558 0.037037037037037035
