3 0.20729166666666665 0.5981481481481482 0.036458333333333336 0.044444444444444446
0 0.5408854166666667 0.2990740740740741 0.027604166666666666 0.04259259259259259
0 0.7627604166666666 0.5162037037037037 0.033854166666666664 0.0638888888888889
2 0.6346354166666667 0.913425925925926 0.14114583333333333 0.17500000000000002
0 0.3033854166666667 0.7768518518518519 0.07864583333333333 0.09444444444444444
0 0.09296875 0.8546296296296296 0.057812499999999996 0.08148148148148149
0 0.0515625 0.7560185185185185 0.084375 0.13611111111111113
0 0.23723958333333334 0.5101851851851852 0.049479166666666664 0.07962962962962963
0 0.2515625 0.44537037037037036 0.05416666666666667 0.08518518518518518
0 0.6380208333333334 0.4620370370370371 0.057291666666666664 0.08703703703703704
0 0.1734375 0.27037037037037037 0.03958333333333333 0.061111111111111116
0 0.28203125 0.2990740740740741 0.04114583333333333 0.06296296296296297
