3 0.37916666666666665 0.7625000000000001 0.042708333333333334 0.0712962962962963
0 0.6361979166666667 0.45833333333333337 0.04635416666666667 0.08888888888888889
0 0.7302083333333333 0.35185185185185186 0.034375 0.05925925925925926
0 0.5018229166666667 0.7912037037037037 0.03802083333333333 0.06574074074074074
0 0.4354166666666667 0.5319444444444444 0.0375 0.0638888888888889
0 0.26666666666666666 0.2212962962962963 0.03854166666666667 0.05925925925925926
2 0.21171874999999998 0.8634259259259259 0.12760416666666666 0.2490740740740741
2 0.5768229166666666 0.7902777777777779 0.08072916666666667 0.16018518518518518
2 0.6682291666666667 0.6087962962962963 0.052083333333333336 0.06759259259259259
2 0.9604166666666667 0.47500000000000003 0.07916666666666666 0.12407407407407407
0 0.13854166666666667 0.14027777777777778 0.0375 0.06018518518518519
