1 0.18984375 0.37592592592592594 0.0671875 0.061111111111111116
0 0.029947916666666668 0.38101851851851853 0.027604166666666666 0.06018518518518519
0 0.22265625 0.1550925925925926 0.030729166666666665 0.062037037037037036
0 0.35130208333333335 0.2300925925925926 0.0421875 0.062037037037037036
0 0.3598958333333333 0.34490740740740744 0.035416666666666666 0.0638888888888889
0 0.4388020833333333 0.3453703703703704 0.033854166666666664 0.08888888888888889
0 0.6036458333333333 0.21064814814814817 0.026041666666666668 0.058333333333333334
0 0.7216145833333333 0.4953703703703704 0.030729166666666665 0.040740740740740744
0 0.6213541666666667 0.6671296296296296 0.042708333333333334 0.0712962962962963
0 0.49192708333333335 0.6643518518518519 0.05364583333333333 0.08055555555555556
2 0.5018229166666667 0.48564814814814816 0.0921875 0.08240740740740742
2 0.7736979166666667 0.7611111111111112 0.1140625 0.2111111111111111
