1 0.5442708333333334 0.22037037037037038 0.040625 0.061111111111111116
1 0.9044270833333333 0.2111111111111111 0.08489583333333334 0.06481481481481481
1 0.159375 0.46481481481481485 0.0375 0.053703703703703705
2 0.33541666666666664 0.8231481481481482 0.07604166666666666 0.16481481481481483
0 0.9765625 0.062037037037037036 0.046875 0.07777777777777778
0 0.7255208333333333 0.026851851851851852 0.030208333333333334 0.05
0 0.659375 0.0712962962962963 0.03125 0.044444444444444446
0 0.6736979166666667 0.16944444444444445 0.044270833333333336 0.06851851851851852
0 0.5630208333333333 0.7657407407407407 0.0375 0.05185185185185186
0 0.75703125 0.9203703703703704 0.09114583333333333 0.16111111111111112
