0 0.72265625 0.30462962962962964 0.027604166666666666 0.05185185185185186
0 0.6908854166666667 0.3490740740740741 0.024479166666666666 0.05
0 0.7010416666666667 0.39675925925925926 0.028125 0.04351851851851852
0 0.3515625 0.14444444444444446 0.0375 0.07592592592592592
1 0.21953124999999998 0.31527777777777777 0.09635416666666667 0.13055555555555556
0 0.20572916666666666 0.7430555555555556 0.051041666666666666 0.08240740740740742
0 0.303125 0.3138888888888889 0.051041666666666666 0.07592592592592592
0 0.5986979166666666 0.6416666666666667 0.04010416666666666 0.05740740740740741
0 0.05572916666666666 0.02175925925925926 0.040625 0.04166666666666667
0 0.02005208333333333 0.03657407407407408 0.0390625 0.0712962962962963
0 0.45208333333333334 0.29212962962962963 0.035416666666666666 0.06574074074074074
2 0.6989583333333333 0.9115740740740741 0.153125 0.1787037037037037
1 0.5627604166666667 0.7518518518518519 0.05260416666666667 0.08518518518518518
