3 0.25625000000000003 0.4567901234567901 0.04027777777777778 0.03950617283950617
3 0.23819444444444446 0.508641975308642 0.043055555555555555 0.06419753086419754
3 0.18333333333333335 0.5617283950617283 0.03888888888888889 0.04197530864197531
3 0.5340277777777778 0.5987654320987654 0.029166666666666667 0.06172839506172839
3 0.4083333333333333 0.8493827160493826 0.036111111111111115 0.07407407407407407
0 0.6118055555555556 0.9444444444444444 0.08472222222222223 0.11604938271604938
0 0.5319444444444444 0.854320987654321 0.06944444444444445 0.16296296296296295
0 0.4673611111111111 0.9493827160493827 0.08472222222222223 0.10617283950617283
0 0.3416666666666667 0.8506172839506173 0.08333333333333334 0.1308641975308642
0 0.42083333333333334 0.7506172839506172 0.07777777777777778 0.11851851851851852
0 0.49444444444444446 0.7012345679012345 0.05277777777777778 0.1037037037037037
0 0.5951388888888889 0.6382716049382716 0.05416666666666667 0.09135802469135802
0 0.63125 0.5493827160493827 0.04861111111111111 0.07654320987654321
0 0.47708333333333336 0.5518518518518518 0.043055555555555555 0.10123456790123457
0 0.375 0.5234567901234568 0.06666666666666667 0.1037037037037037
0 0.4604166666666667 0.4641975308641975 0.06527777777777778 0.08395061728395062
0 0.5145833333333334 0.15061728395061727 0.04027777777777778 0.04938271604938271
0 0.44930555555555557 0.24567901234567902 0.059722222222222225 0.08641975308641975
0 0.43680555555555556 0.37037037037037035 0.059722222222222225 0.07407407407407407
