1 0.65859375 0.5523148148148148 0.050520833333333334 0.05092592592592593
1 0.42213541666666665 0.887962962962963 0.06927083333333334 0.10185185185185186
1 0.48984374999999997 0.8782407407407408 0.0734375 0.09351851851851853
0 0.23359375 0.32407407407407407 0.033854166666666664 0.0462962962962963
0 0.26666666666666666 0.3416666666666667 0.027083333333333334 0.03888888888888889
0 0.39010416666666664 0.4916666666666667 0.02395833333333333 0.05
0 0.30807291666666664 0.4810185185185185 0.025520833333333333 0.04537037037037037
0 0.07109375 0.600462962962963 0.0421875 0.058333333333333334
0 0.04348958333333333 0.700462962962963 0.0765625 0.08055555555555556
0 0.11562499999999999 0.9194444444444445 0.07083333333333333 0.11111111111111112
0 0.35885416666666664 0.6046296296296296 0.05520833333333333 0.06481481481481481
0 0.69375 0.3666666666666667 0.02395833333333333 0.03518518518518519
0 0.7192708333333333 0.45231481481481484 0.030208333333333334 0.058333333333333334
0 0.6817708333333333 0.6087962962962963 0.040625 0.05462962962962963
0 0.6401041666666667 0.6583333333333333 0.051041666666666666 0.08333333333333334
0 0.5588541666666667 0.7162037037037037 0.036458333333333336 0.062037037037037036
0 0.56328125 0.7777777777777778 0.034895833333333334 0.06296296296296297
