0 0.690625 0.2712962962962963 0.035416666666666666 0.05185185185185186
0 0.8432291666666667 0.4291666666666667 0.03333333333333333 0.04537037037037037
0 0.7169270833333333 0.36203703703703705 0.03177083333333333 0.05555555555555556
1 0.5276041666666667 0.3509259259259259 0.042708333333333334 0.040740740740740744
2 0.8190104166666666 0.575462962962963 0.0796875 0.075
0 0.9054687499999999 0.47314814814814815 0.028645833333333332 0.05185185185185186
0 0.9786458333333333 0.5652777777777778 0.042708333333333334 0.075
0 0.67890625 0.3814814814814815 0.0328125 0.05740740740740741
0 0.6614583333333334 0.5337962962962963 0.028125 0.04537037037037037
0 0.5796875 0.5157407407407407 0.03333333333333333 0.06851851851851852
0 0.28802083333333334 0.8851851851851852 0.040625 0.05925925925925926
0 0.5713541666666666 0.950925925925926 0.05416666666666667 0.06296296296296297
0 0.6044270833333333 0.9 0.0484375 0.07592592592592592
0 0.90703125 0.788888888888889 0.059895833333333336 0.08148148148148149
0 0.7526041666666666 0.8685185185185186 0.05 0.08148148148148149
0 0.640625 0.9685185185185186 0.04895833333333333 0.06481481481481481
1 0.54453125 0.7222222222222222 0.06927083333333334 0.10370370370370371
1 0.25416666666666665 0.5842592592592593 0.06041666666666667 0.05555555555555556
