1 0.40182291666666664 0.47962962962962963 0.044270833333333336 0.044444444444444446
1 0.47760416666666666 0.8101851851851852 0.06666666666666667 0.11111111111111112
0 0.5013020833333334 0.08009259259259259 0.021354166666666667 0.030555555555555558
0 0.5955729166666667 0.09675925925925927 0.018229166666666668 0.036111111111111115
0 0.56875 0.14537037037037037 0.025 0.03888888888888889
0 0.46484375 0.11805555555555557 0.0203125 0.05092592592592593
0 0.3502604166666667 0.2888888888888889 0.028645833333333332 0.04814814814814815
0 0.3692708333333333 0.3416666666666667 0.03333333333333333 0.05
0 0.2989583333333333 0.6462962962962964 0.030208333333333334 0.03888888888888889
0 0.35078125 0.5615740740740741 0.0296875 0.04537037037037037
0 0.7401041666666667 0.42083333333333334 0.034375 0.05462962962962963
0 0.8934895833333333 0.4981481481481482 0.0359375 0.061111111111111116
0 0.7705729166666666 0.5560185185185186 0.04635416666666667 0.058333333333333334
0 0.6830729166666667 0.6620370370370371 0.0515625 0.06666666666666667
0 0.2877604166666667 0.9078703703703704 0.0515625 0.09537037037037037
