1 0.5541666666666667 0.9160493827160494 0.08888888888888889 0.1728395061728395
0 0.14583333333333334 0.15061728395061727 0.08611111111111111 0.16296296296296295
0 0.39166666666666666 0.6876543209876543 0.075 0.11604938271604938
0 0.4777777777777778 0.7098765432098765 0.06666666666666667 0.10617283950617283
0 0.5743055555555556 0.5987654320987654 0.059722222222222225 0.12098765432098765
0 0.6659722222222223 0.7728395061728395 0.0625 0.10864197530864197
0 0.20833333333333334 0.8753086419753087 0.1 0.145679012345679
0 0.7819444444444444 0.8407407407407407 0.06944444444444445 0.1259259259259259
0 0.638888888888889 0.3530864197530864 0.0638888888888889 0.1037037037037037
0 0.6472222222222223 0.5777777777777777 0.036111111111111115 0.09382716049382715
0 0.7131944444444445 0.39382716049382716 0.04861111111111111 0.14074074074074075
0 0.7472222222222222 0.3172839506172839 0.044444444444444446 0.1111111111111111
0 0.7180555555555556 0.23950617283950618 0.05277777777777778 0.09876543209876543
0 0.7347222222222223 0.14814814814814814 0.061111111111111116 0.08888888888888889
