1 0.43255208333333334 0.39722222222222225 0.0390625 0.053703703703703705
2 0.19791666666666666 0.45833333333333337 0.07604166666666666 0.05555555555555556
0 0.4765625 0.35185185185185186 0.020833333333333332 0.03888888888888889
0 0.4895833333333333 0.5106481481481482 0.03333333333333333 0.05648148148148149
0 0.3380208333333333 0.45833333333333337 0.027083333333333334 0.044444444444444446
0 0.42994791666666665 0.6282407407407408 0.033854166666666664 0.05648148148148149
0 0.6260416666666666 0.8912037037037037 0.042708333333333334 0.0712962962962963
2 0.4083333333333333 0.8319444444444445 0.11562499999999999 0.08055555555555556
2 0.37447916666666664 0.4046296296296297 0.06354166666666666 0.05555555555555556
1 0.19713541666666667 0.18703703703703706 0.049479166666666664 0.053703703703703705
