1 0.6205729166666667 0.29583333333333334 0.050520833333333334 0.05277777777777778
2 0.17552083333333332 0.4712962962962963 0.084375 0.09074074074074075
0 0.0453125 0.36712962962962964 0.03854166666666667 0.06944444444444445
0 0.21197916666666666 0.1726851851851852 0.040625 0.062037037037037036
0 0.30625 0.22314814814814815 0.041666666666666664 0.061111111111111116
0 0.4432291666666667 0.2490740740740741 0.034375 0.053703703703703705
0 0.7625 0.6453703703703704 0.04479166666666667 0.09074074074074075
0 0.3984375 0.887962962962963 0.05625 0.1
0 0.13723958333333333 0.9601851851851853 0.0609375 0.08148148148148149
2 0.5036458333333333 0.8662037037037037 0.07395833333333333 0.2564814814814815
2 0.5708333333333333 0.6898148148148149 0.075 0.29444444444444445
2 0.5247395833333334 0.5694444444444444 0.0796875 0.1685185185185185
1 0.78828125 0.45462962962962966 0.06302083333333333 0.06481481481481481
