1 0.9 0.6175925925925926 0.052083333333333336 0.08148148148148149
0 0.9809895833333333 0.500925925925926 0.0296875 0.05555555555555556
0 0.8385416666666666 0.34074074074074073 0.026041666666666668 0.053703703703703705
0 0.5760416666666667 0.33611111111111114 0.03333333333333333 0.05
0 0.2942708333333333 0.300462962962963 0.029166666666666667 0.049074074074074076
0 0.2708333333333333 0.5555555555555556 0.03333333333333333 0.06296296296296297
0 0.5283854166666666 0.5083333333333333 0.0390625 0.06851851851851852
0 0.7765625 0.5074074074074074 0.03854166666666667 0.07592592592592592
0 0.45260416666666664 0.5101851851851852 0.03958333333333333 0.06481481481481481
2 0.35390625 0.5412037037037037 0.09635416666666667 0.0787037037037037
2 0.24765625 0.8236111111111112 0.06822916666666666 0.21944444444444444
1 0.5947916666666666 0.7416666666666667 0.06875 0.12222222222222223
1 0.6260416666666666 0.8462962962962963 0.06145833333333333 0.10185185185185186
