2 0.7619791666666667 0.21296296296296297 0.05416666666666667 0.07407407407407407
0 0.6356770833333333 0.23611111111111113 0.0265625 0.06296296296296297
1 0.6565104166666667 0.20925925925925926 0.03802083333333333 0.05185185185185186
0 0.8830729166666667 0.1537037037037037 0.028645833333333332 0.05185185185185186
0 0.9643229166666667 0.2212962962962963 0.043229166666666666 0.06666666666666667
0 0.7028645833333333 0.12453703703703704 0.027604166666666666 0.04351851851851852
0 0.73671875 0.3490740740740741 0.03697916666666667 0.05555555555555556
0 0.9533854166666667 0.8481481481481482 0.05572916666666666 0.0925925925925926
0 0.5546875 0.3263888888888889 0.029166666666666667 0.05462962962962963
0 0.6729166666666666 0.5199074074074074 0.03333333333333333 0.058333333333333334
0 0.07239583333333333 0.16435185185185186 0.034375 0.05648148148148149
1 0.3671875 0.04490740740740741 0.065625 0.06018518518518519
2 0.6705729166666666 0.7953703703703704 0.14010416666666667 0.1
2 0.4080729166666667 0.3717592592592593 0.08489583333333334 0.06018518518518519
2 0.5885416666666666 0.24953703703703706 0.058333333333333334 0.05462962962962963
