1 0.8479166666666667 0.5703703703703703 0.08750000000000001 0.12345679012345678
1 0.7388888888888889 0.6160493827160494 0.1 0.11604938271604938
1 0.5104166666666667 0.8962962962962963 0.11527777777777778 0.14320987654320988
0 0.9020833333333333 0.3592592592592593 0.08194444444444444 0.12098765432098765
0 0.920138888888889 0.9444444444444444 0.07916666666666666 0.0962962962962963
0 0.75625 0.9209876543209876 0.08472222222222223 0.1580246913580247
0 0.7229166666666667 0.12839506172839507 0.07083333333333333 0.10864197530864197
0 0.6423611111111112 0.30864197530864196 0.07361111111111111 0.10864197530864197
0 0.5423611111111112 0.23209876543209876 0.04861111111111111 0.10864197530864197
0 0.4277777777777778 0.03580246913580247 0.08333333333333334 0.06172839506172839
3 0.3055555555555556 0.6049382716049383 0.03333333333333333 0.06419753086419754
3 0.38819444444444445 0.6444444444444445 0.0375 0.08888888888888889
