2 0.39609375 0.16018518518518518 0.04010416666666666 0.0462962962962963
0 0.6653645833333334 0.1925925925925926 0.0296875 0.04259259259259259
0 0.6203125 0.1537037037037037 0.028125 0.04259259259259259
0 0.9309895833333334 0.24537037037037038 0.03802083333333333 0.0462962962962963
0 0.9611979166666667 0.3300925925925926 0.043229166666666666 0.06944444444444445
0 0.7151041666666667 0.27731481481481485 0.035416666666666666 0.04722222222222222
0 0.5559895833333334 0.19583333333333333 0.0296875 0.04351851851851852
0 0.5859375 0.2814814814814815 0.034375 0.06481481481481481
0 0.63046875 0.4027777777777778 0.0484375 0.08518518518518518
0 0.6794270833333333 0.6796296296296297 0.05572916666666666 0.10925925925925926
0 0.23255208333333333 0.3087962962962963 0.0359375 0.04537037037037037
0 0.11666666666666667 0.2763888888888889 0.058333333333333334 0.05277777777777778
1 0.05651041666666667 0.29444444444444445 0.06197916666666667 0.05185185185185186
1 0.3609375 0.24305555555555555 0.06979166666666667 0.04351851851851852
1 0.88125 0.3592592592592593 0.06354166666666666 0.05
2 0.8434895833333333 0.23796296296296296 0.09947916666666666 0.0962962962962963
