0 0.5684895833333333 0.5518518518518519 0.0328125 0.06481481481481481
0 0.390625 0.3175925925925926 0.020833333333333332 0.040740740740740744
0 0.31484375 0.2240740740740741 0.0265625 0.03888888888888889
0 0.3104166666666667 0.47685185185185186 0.035416666666666666 0.053703703703703705
0 0.8895833333333333 0.8467592592592593 0.034375 0.062037037037037036
0 0.39296875 0.8472222222222222 0.034895833333333334 0.06481481481481481
0 0.31953125 0.7541666666666667 0.0515625 0.0787037037037037
2 0.6078125 0.9222222222222223 0.10625 0.11111111111111112
1 0.16041666666666665 0.4476851851851852 0.05520833333333333 0.062037037037037036
1 0.209375 0.32407407407407407 0.046875 0.06851851851851852
