3 0.6911458333333333 0.6263888888888889 0.042708333333333334 0.058333333333333334
0 0.5950520833333334 0.2777777777777778 0.0328125 0.05
0 0.8273437499999999 0.3236111111111111 0.0390625 0.06759259259259259
0 0.7122395833333334 0.33333333333333337 0.04635416666666667 0.06666666666666667
2 0.5315104166666667 0.8351851851851853 0.11822916666666666 0.07592592592592592
0 0.60859375 0.8935185185185186 0.03697916666666667 0.08518518518518518
0 0.66875 0.7791666666666667 0.04479166666666667 0.08055555555555556
0 0.4708333333333333 0.5226851851851853 0.035416666666666666 0.062037037037037036
0 0.6208333333333333 0.5305555555555556 0.036458333333333336 0.07037037037037037
0 0.42135416666666664 0.5365740740740741 0.040625 0.04537037037037037
0 0.41562499999999997 0.7277777777777779 0.05 0.08518518518518518
