1 0.4705729166666667 0.27592592592592596 0.0765625 0.10185185185185186
2 0.6953125 0.5092592592592593 0.040625 0.10740740740740741
2 0.41692708333333334 0.35694444444444445 0.0984375 0.0712962962962963
0 0.49192708333333335 0.20925925925925926 0.0265625 0.040740740740740744
0 0.525 0.23425925925925928 0.026041666666666668 0.05
0 0.15130208333333334 0.5203703703703704 0.04635416666666667 0.08518518518518518
0 0.7390625 0.4949074074074074 0.035416666666666666 0.0712962962962963
0 0.7799479166666666 0.6092592592592593 0.049479166666666664 0.07962962962962963
0 0.44557291666666665 0.6217592592592592 0.050520833333333334 0.09537037037037037
0 0.60859375 0.9550925925925926 0.05572916666666666 0.09166666666666667
0 0.8622395833333333 0.8152777777777778 0.0671875 0.125
