1 0.5799479166666667 0.8402777777777778 0.07447916666666667 0.10277777777777779
0 0.47031249999999997 0.4365740740740741 0.022916666666666665 0.03796296296296296
0 0.2046875 0.47175925925925927 0.042708333333333334 0.08796296296296297
0 0.86015625 0.4416666666666667 0.030729166666666665 0.05740740740740741
0 0.8494791666666667 0.5032407407407408 0.036458333333333336 0.05648148148148149
0 0.6622395833333333 0.36388888888888893 0.0296875 0.05925925925925926
0 0.66484375 0.4351851851851852 0.03177083333333333 0.06296296296296297
0 0.62109375 0.5203703703703704 0.0359375 0.06296296296296297
0 0.465625 0.5453703703703704 0.0375 0.04814814814814815
0 0.40520833333333334 0.5976851851851852 0.042708333333333334 0.062037037037037036
0 0.48723958333333334 0.6949074074074074 0.049479166666666664 0.07685185185185185
0 0.2203125 0.7226851851851852 0.05625 0.0787037037037037
0 0.7822916666666666 0.6708333333333334 0.05 0.06018518518518519
0 0.7861979166666666 0.9712962962962963 0.07864583333333333 0.05925925925925926
