0 0.6841145833333333 0.3189814814814815 0.0296875 0.03981481481481482
0 0.8190104166666666 0.5842592592592593 0.024479166666666666 0.04814814814814815
0 0.5559895833333334 0.20231481481481484 0.022395833333333334 0.04722222222222222
3 0.46119791666666665 0.575925925925926 0.018229166666666668 0.037037037037037035
3 0.023697916666666666 0.5981481481481482 0.04635416666666667 0.07222222222222223
0 0.13802083333333334 0.8564814814814815 0.125 0.1814814814814815
0 0.08984375 0.412962962962963 0.0796875 0.08888888888888889
0 0.06380208333333333 0.49074074074074076 0.04739583333333333 0.08888888888888889
0 0.55390625 0.4981481481481482 0.0453125 0.07777777777777778
0 0.6966145833333334 0.6231481481481481 0.028645833333333332 0.053703703703703705
0 0.6736979166666667 0.5750000000000001 0.03697916666666667 0.06851851851851852
0 0.4510416666666667 0.300462962962963 0.026041666666666668 0.03981481481481482
0 0.14375 0.24537037037037038 0.04895833333333333 0.07037037037037037
0 0.015364583333333333 0.16805555555555557 0.0296875 0.06574074074074074
2 0.37265625 0.5449074074074074 0.11614583333333334 0.1675925925925926
2 0.490625 0.9675925925925927 0.08854166666666667 0.06666666666666667
