0 0.16484375 0.42453703703703705 0.0328125 0.05648148148148149
0 0.23541666666666666 0.30833333333333335 0.026041666666666668 0.0462962962962963
0 0.21927083333333333 0.23796296296296296 0.026041666666666668 0.031481481481481485
0 0.253125 0.19074074074074074 0.03125 0.03888888888888889
0 0.3125 0.21435185185185185 0.028125 0.05092592592592593
0 0.4002604166666667 0.0962962962962963 0.0234375 0.037037037037037035
0 0.46822916666666664 0.1638888888888889 0.036458333333333336 0.04259259259259259
0 0.496875 0.08981481481481482 0.030208333333333334 0.05555555555555556
0 0.73515625 0.2587962962962963 0.043229166666666666 0.06944444444444445
0 0.821875 0.312962962962963 0.06145833333333333 0.08518518518518518
0 0.8674479166666667 0.24814814814814815 0.0484375 0.09074074074074075
0 0.7471354166666666 0.7268518518518519 0.06927083333333334 0.13703703703703704
0 0.6208333333333333 0.8180555555555555 0.07708333333333334 0.13796296296296298
2 0.07942708333333333 0.7532407407407408 0.1578125 0.1638888888888889
