1 0.3423611111111111 0.4641975308641975 0.10972222222222222 0.1728395061728395
3 0.5409722222222222 0.8567901234567901 0.034722222222222224 0.07901234567901234
0 0.8944444444444445 0.8802469135802469 0.10833333333333334 0.15555555555555556
0 0.8562500000000001 0.6728395061728395 0.08750000000000001 0.1259259259259259
0 0.7604166666666667 0.4049382716049383 0.07083333333333333 0.12839506172839507
0 0.6229166666666667 0.3358024691358025 0.06805555555555556 0.10864197530864197
0 0.5972222222222222 0.554320987654321 0.07777777777777778 0.1111111111111111
0 0.49930555555555556 0.5222222222222223 0.06805555555555556 0.13580246913580246
0 0.4604166666666667 0.6925925925925925 0.051388888888888894 0.1111111111111111
0 0.37083333333333335 0.9345679012345679 0.08055555555555556 0.1111111111111111
0 0.24791666666666667 0.17037037037037037 0.059722222222222225 0.09876543209876543
0 0.7701388888888889 0.06049382716049383 0.06527777777777778 0.08148148148148147
0 0.11180555555555556 0.09753086419753086 0.07361111111111111 0.1259259259259259
0 0.02847222222222222 0.1925925925925926 0.0375 0.12345679012345678
1 0.6875 0.9246913580246914 0.08333333333333334 0.15555555555555556
