1 0.8222222222222223 0.754320987654321 0.11388888888888889 0.16049382716049382
0 0.4715277777777778 0.41604938271604935 0.05694444444444444 0.056790123456790124
0 0.19722222222222224 0.40617283950617283 0.058333333333333334 0.10617283950617283
0 0.25972222222222224 0.41234567901234565 0.03333333333333333 0.1037037037037037
0 0.2972222222222222 0.5160493827160494 0.04166666666666667 0.09382716049382715
0 0.40208333333333335 0.5506172839506173 0.0375 0.08888888888888889
0 0.11875000000000001 0.8938271604938272 0.0763888888888889 0.12345679012345678
0 0.14027777777777778 0.6876543209876543 0.06666666666666667 0.10123456790123457
0 0.8013888888888889 0.9012345679012346 0.044444444444444446 0.07901234567901234
0 0.7826388888888889 0.8074074074074074 0.05416666666666667 0.07901234567901234
3 0.3701388888888889 0.4839506172839506 0.029166666666666667 0.03950617283950617
3 0.36041666666666666 0.5333333333333333 0.018055555555555557 0.0345679012345679
