1 0.39739583333333334 0.26435185185185184 0.05 0.058333333333333334
1 0.54140625 0.4310185185185185 0.05364583333333333 0.06574074074074074
2 0.18411458333333333 0.75 0.17239583333333333 0.14444444444444446
2 0.7690104166666667 0.6101851851851852 0.06302083333333333 0.06296296296296297
2 0.36223958333333334 0.37453703703703706 0.1296875 0.05648148148148149
2 0.33828125 0.2986111111111111 0.09739583333333333 0.10277777777777779
0 0.07760416666666667 0.40740740740740744 0.04895833333333333 0.05740740740740741
0 0.06848958333333333 0.3527777777777778 0.0296875 0.04259259259259259
0 0.24166666666666667 0.1550925925925926 0.02395833333333333 0.04537037037037037
0 0.4328125 0.23981481481481481 0.03958333333333333 0.061111111111111116
0 0.4315104166666667 0.19953703703703704 0.03697916666666667 0.05092592592592593
0 0.4002604166666667 0.1962962962962963 0.028645833333333332 0.040740740740740744
0 0.3484375 0.26481481481481484 0.03125 0.061111111111111116
1 0.2638020833333333 0.3763888888888889 0.0609375 0.058333333333333334
1 0.3416666666666667 0.6055555555555556 0.07395833333333333 0.1
1 0.66796875 0.7601851851851852 0.07135416666666666 0.1277777777777778
1 0.68046875 0.6356481481481482 0.0796875 0.13055555555555556
