1 0.31328125 0.5898148148148148 0.07447916666666667 0.14444444444444446
2 0.6690104166666666 0.07407407407407407 0.11614583333333334 0.1462962962962963
0 0.33359375 0.21435185185185185 0.0421875 0.06944444444444445
0 0.43645833333333334 0.17037037037037037 0.03229166666666666 0.053703703703703705
0 0.8403645833333333 0.32037037037037036 0.0953125 0.1277777777777778
0 0.3578125 0.9671296296296297 0.071875 0.06759259259259259
0 0.4 0.8537037037037037 0.06354166666666666 0.11111111111111112
0 0.45989583333333334 0.9495370370370371 0.084375 0.10277777777777779
0 0.7734375 0.9217592592592593 0.07604166666666666 0.1175925925925926
0 0.6236979166666666 0.6347222222222223 0.08177083333333333 0.11388888888888889
