1 0.6552083333333333 0.8310185185185186 0.052083333333333336 0.06759259259259259
1 0.6442708333333333 0.9222222222222223 0.052083333333333336 0.08148148148148149
1 0.22994791666666667 0.912962962962963 0.07135416666666666 0.11481481481481481
0 0.4044270833333333 0.31203703703703706 0.027604166666666666 0.06296296296296297
0 0.38828125 0.4412037037037037 0.028645833333333332 0.04722222222222222
0 0.8276041666666667 0.5597222222222222 0.03229166666666666 0.0638888888888889
0 0.6203125 0.42453703703703705 0.02395833333333333 0.04351851851851852
0 0.590625 0.5666666666666667 0.036458333333333336 0.05555555555555556
0 0.7583333333333333 0.6393518518518518 0.03333333333333333 0.08240740740740742
0 0.6932291666666667 0.6268518518518519 0.035416666666666666 0.08518518518518518
0 0.9223958333333333 0.8648148148148148 0.05520833333333333 0.10185185185185186
0 0.8989583333333333 0.7606481481481482 0.036458333333333336 0.05462962962962963
0 0.12473958333333333 0.5037037037037038 0.050520833333333334 0.07407407407407407
0 0.34791666666666665 0.5157407407407407 0.036458333333333336 0.06851851851851852
0 0.4106770833333333 0.612037037037037 0.0484375 0.08518518518518518
