1 0.8872395833333333 0.9648148148148149 0.0984375 0.07222222222222223
1 0.2544270833333333 0.85 0.0734375 0.11296296296296297
0 0.04869791666666667 0.34351851851851856 0.033854166666666664 0.05
0 0.10208333333333333 0.27731481481481485 0.026041666666666668 0.03796296296296296
0 0.11953124999999999 0.24675925925925926 0.028645833333333332 0.036111111111111115
0 0.15416666666666667 0.2851851851851852 0.034375 0.06666666666666667
0 0.2796875 0.4740740740740741 0.041666666666666664 0.05185185185185186
0 0.74140625 0.7060185185185186 0.03697916666666667 0.05277777777777778
0 0.8059895833333334 0.7097222222222223 0.043229166666666666 0.049074074074074076
0 0.7622395833333333 0.8958333333333334 0.050520833333333334 0.08611111111111111
0 0.38307291666666665 0.8467592592592593 0.049479166666666664 0.07685185185185185
