0 0.4840277777777778 0.8148148148148148 0.0763888888888889 0.11358024691358025
0 0.22569444444444445 0.5333333333333333 0.10138888888888889 0.20246913580246914
0 0.08958333333333333 0.20246913580246914 0.0625 0.11851851851851852
0 0.10833333333333334 0.5839506172839506 0.058333333333333334 0.12098765432098765
0 0.5604166666666667 0.05185185185185185 0.0625 0.07901234567901234
0 0.6576388888888889 0.12345679012345678 0.059722222222222225 0.05925925925925926
0 0.36180555555555555 0.46543209876543207 0.05694444444444444 0.1111111111111111
0 0.4715277777777778 0.3382716049382716 0.06527777777777778 0.09876543209876543
0 0.6381944444444445 0.5975308641975309 0.059722222222222225 0.09382716049382715
3 0.4173611111111111 0.6641975308641975 0.059722222222222225 0.05925925925925926
