0 0.58203125 0.23796296296296296 0.03802083333333333 0.06666666666666667
0 0.615625 0.2240740740740741 0.042708333333333334 0.07777777777777778
0 0.16484375 0.8555555555555556 0.03802083333333333 0.07777777777777778
0 0.9768229166666667 0.45046296296296295 0.04635416666666667 0.0712962962962963
0 0.9815104166666666 0.3472222222222222 0.03697916666666667 0.12407407407407407
0 0.7036458333333333 0.3824074074074074 0.04583333333333333 0.07222222222222223
0 0.7518229166666667 0.2990740740740741 0.03802083333333333 0.05555555555555556
0 0.7276041666666666 0.21851851851851853 0.041666666666666664 0.061111111111111116
2 0.4 0.5555555555555556 0.05416666666666667 0.05555555555555556
2 0.4942708333333333 0.9402777777777778 0.04895833333333333 0.1212962962962963
2 0.4614583333333333 0.9259259259259259 0.041666666666666664 0.15
