0 0.3109375 0.33981481481481485 0.027083333333333334 0.0462962962962963
1 0.6528645833333333 0.6537037037037037 0.06822916666666666 0.09074074074074075
0 0.4783854166666667 0.8268518518518518 0.04739583333333333 0.07777777777777778
0 0.43463541666666666 0.8393518518518519 0.043229166666666666 0.06944444444444445
0 0.58984375 0.6814814814814815 0.0390625 0.08888888888888889
0 0.6 0.576388888888889 0.046875 0.0787037037037037
0 0.8684895833333334 0.2550925925925926 0.049479166666666664 0.06759259259259259
0 0.9135416666666667 0.09398148148148149 0.053125 0.08981481481481482
0 0.6544270833333333 0.14444444444444446 0.0515625 0.05925925925925926
0 0.26458333333333334 0.7402777777777778 0.036458333333333336 0.05277777777777778
0 0.22786458333333334 0.6370370370370371 0.0359375 0.061111111111111116
0 0.19453125 0.6615740740740741 0.0265625 0.026851851851851852
0 0.20390624999999998 0.5930555555555556 0.0390625 0.05277777777777778
