2 0.6796875 0.9337962962962963 0.06979166666666667 0.1212962962962963
1 0.07369791666666667 0.15833333333333333 0.04739583333333333 0.061111111111111116
2 0.8231770833333333 0.5162037037037037 0.09739583333333333 0.10462962962962963
2 0.5278645833333333 0.47314814814814815 0.0640625 0.1
2 0.13098958333333333 0.4425925925925926 0.0765625 0.07592592592592592
0 0.06302083333333333 0.34490740740740744 0.046875 0.06574074074074074
0 0.2916666666666667 0.5837962962962964 0.04583333333333333 0.06944444444444445
0 0.2682291666666667 0.8236111111111112 0.06666666666666667 0.09722222222222222
0 0.6263020833333334 0.9398148148148149 0.04635416666666667 0.1
0 0.62734375 0.649537037037037 0.04114583333333333 0.0712962962962963
0 0.7817708333333333 0.6611111111111111 0.04375 0.06296296296296297
0 0.8481770833333333 0.6814814814814815 0.0328125 0.061111111111111116
