1 0.37734375 0.6620370370370371 0.057812499999999996 0.0925925925925926
1 0.35546875 0.5805555555555556 0.050520833333333334 0.0925925925925926
0 0.53203125 0.4152777777777778 0.03177083333333333 0.06574074074074074
2 0.019010416666666665 0.5662037037037038 0.03697916666666667 0.09351851851851853
0 0.31015625 0.3717592592592593 0.04739583333333333 0.08611111111111111
0 0.23255208333333333 0.35694444444444445 0.03177083333333333 0.06944444444444445
0 0.0390625 0.3717592592592593 0.041666666666666664 0.05648148148148149
0 0.6903645833333333 0.5106481481481482 0.0359375 0.0638888888888889
0 0.72421875 0.5699074074074074 0.03802083333333333 0.05648148148148149
0 0.7458333333333333 0.7851851851851852 0.05 0.06851851851851852
0 0.4669270833333333 0.9166666666666667 0.044270833333333336 0.07962962962962963
2 0.13567708333333334 0.3726851851851852 0.0953125 0.06944444444444445
