1 0.23671875 0.2337962962962963 0.07760416666666667 0.06944444444444445
2 0.14895833333333333 0.09953703703703703 0.07916666666666666 0.08611111111111111
2 0.5169270833333334 0.5527777777777778 0.08072916666666667 0.06481481481481481
2 0.51875 0.8449074074074074 0.12083333333333333 0.31203703703703706
2 0.49765624999999997 0.9018518518518519 0.06302083333333333 0.19814814814814816
0 0.9203125 0.5148148148148148 0.021875 0.053703703703703705
0 0.9057291666666667 0.4324074074074074 0.03229166666666666 0.06481481481481481
0 0.79921875 0.24351851851851852 0.0359375 0.04259259259259259
0 0.6455729166666666 0.22962962962962963 0.025520833333333333 0.05
0 0.5557291666666666 0.08148148148148149 0.0375 0.05740740740740741
0 0.490625 0.05694444444444444 0.019791666666666666 0.03425925925925926
0 0.4002604166666667 0.10462962962962963 0.024479166666666666 0.05
0 0.3484375 0.22222222222222224 0.02395833333333333 0.04259259259259259
0 0.2916666666666667 0.040740740740740744 0.026041666666666668 0.0462962962962963
0 0.171875 0.16898148148148148 0.052083333333333336 0.075
0 0.06953125 0.7518518518518519 0.0796875 0.11481481481481481
