0 0.2555555555555556 0.24691358024691357 0.11388888888888889 0.17777777777777778
0 0.7055555555555556 0.3098765432098765 0.04166666666666667 0.07160493827160494
0 0.6618055555555555 0.30617283950617286 0.04027777777777778 0.07407407407407407
3 0.7125 0.8012345679012346 0.022222222222222223 0.04197530864197531
3 0.03263888888888889 0.4604938271604938 0.029166666666666667 0.06666666666666667
0 0.1 0.291358024691358 0.09444444444444444 0.15308641975308643
0 0.25833333333333336 0.46296296296296297 0.08333333333333334 0.1308641975308642
0 0.08055555555555556 0.5987654320987654 0.08333333333333334 0.1111111111111111
0 0.05763888888888889 0.737037037037037 0.0763888888888889 0.14074074074074075
0 0.17569444444444446 0.6234567901234568 0.08194444444444444 0.1308641975308642
0 0.22569444444444445 0.7209876543209877 0.07083333333333333 0.12839506172839507
0 0.21319444444444446 0.34814814814814815 0.10138888888888889 0.16790123456790124
0 0.4076388888888889 0.3395061728395062 0.059722222222222225 0.08641975308641975
0 0.33333333333333337 0.13209876543209875 0.058333333333333334 0.09135802469135802
0 0.24375000000000002 0.10493827160493827 0.10138888888888889 0.09135802469135802
1 0.4569444444444445 0.6666666666666666 0.08333333333333334 0.20246913580246914
1 0.53125 0.5345679012345679 0.05694444444444444 0.1308641975308642
1 0.33958333333333335 0.5358024691358024 0.0625 0.14320987654320988
1 0.3909722222222222 0.4604938271604938 0.07083333333333333 0.12098765432098765
