1 0.4669270833333333 0.15416666666666667 0.05260416666666667 0.0787037037037037
2 0.6502604166666667 0.23657407407407408 0.0859375 0.08425925925925926
0 0.14921875 0.6962962962962963 0.0484375 0.06851851851851852
0 0.265625 0.48240740740740745 0.034375 0.05555555555555556
0 0.2950520833333333 0.5527777777777778 0.03697916666666667 0.06296296296296297
0 0.5489583333333333 0.1787037037037037 0.041666666666666664 0.05740740740740741
0 0.7565104166666666 0.07962962962962963 0.03177083333333333 0.053703703703703705
0 0.90234375 0.09953703703703703 0.04010416666666666 0.04537037037037037
0 0.5190104166666667 0.7083333333333334 0.0390625 0.07222222222222223
0 0.6846354166666666 0.513888888888889 0.03802083333333333 0.06481481481481481
0 0.6971354166666667 0.6185185185185186 0.06302083333333333 0.10925925925925926
0 0.9036458333333334 0.5180555555555556 0.05 0.0787037037037037
0 0.72421875 0.7648148148148148 0.05260416666666667 0.07962962962962963
1 0.6713541666666667 0.7736111111111111 0.08958333333333333 0.11203703703703705
