0 0.6731770833333334 0.13703703703703704 0.028645833333333332 0.05185185185185186
3 0.70703125 0.4486111111111111 0.0171875 0.04351851851851852
3 0.24791666666666667 0.34861111111111115 0.051041666666666666 0.05648148148148149
3 0.12473958333333333 0.5435185185185185 0.0546875 0.07407407407407407
2 0.63125 0.4013888888888889 0.11041666666666666 0.20277777777777778
0 0.40234375 0.7023148148148148 0.1328125 0.2212962962962963
0 0.05 0.725 0.09895833333333333 0.15185185185185185
0 0.03515625 0.5222222222222223 0.06927083333333334 0.23703703703703705
0 0.8005208333333333 0.38703703703703707 0.05 0.08333333333333334
0 0.9369791666666667 0.5143518518518518 0.03958333333333333 0.08240740740740742
0 0.96875 0.5847222222222223 0.03333333333333333 0.0712962962962963
0 0.290625 0.24074074074074076 0.06041666666666667 0.09444444444444444
0 0.32057291666666665 0.1462962962962963 0.07552083333333333 0.12962962962962962
