0 0.059375 0.36944444444444446 0.029166666666666667 0.037037037037037035
0 0.19609375 0.3685185185185185 0.028645833333333332 0.05
0 0.22864583333333333 0.5083333333333333 0.030208333333333334 0.04814814814814815
0 0.39791666666666664 0.24351851851851852 0.02395833333333333 0.044444444444444446
0 0.6315104166666666 0.09907407407407408 0.03697916666666667 0.04259259259259259
0 0.5880208333333333 0.23333333333333334 0.02395833333333333 0.04259259259259259
0 0.71796875 0.10185185185185186 0.027604166666666666 0.04814814814814815
0 0.6971354166666667 0.1875 0.034895833333333334 0.06944444444444445
0 0.8138020833333334 0.11296296296296297 0.034895833333333334 0.0462962962962963
0 0.8778645833333333 0.10370370370370371 0.04114583333333333 0.05185185185185186
0 0.9046875 0.40231481481481485 0.06875 0.09907407407407408
0 0.24687499999999998 0.7560185185185185 0.03854166666666667 0.04537037037037037
1 0.29973958333333334 0.7111111111111111 0.0390625 0.06666666666666667
