2 0.60625 0.1837962962962963 0.058333333333333334 0.062037037037037036
1 0.4778645833333333 0.5166666666666667 0.06197916666666667 0.11296296296296297
0 0.09427083333333333 0.7787037037037038 0.02395833333333333 0.05185185185185186
0 0.4890625 0.22037037037037038 0.026041666666666668 0.031481481481481485
0 0.5125 0.19768518518518519 0.028125 0.03796296296296296
0 0.49140625 0.27870370370370373 0.0296875 0.037037037037037035
0 0.39609375 0.3652777777777778 0.027604166666666666 0.05277777777777778
0 0.5216145833333333 0.3287037037037037 0.025520833333333333 0.0462962962962963
0 0.57578125 0.1449074074074074 0.0265625 0.03796296296296296
0 0.6419270833333334 0.24583333333333335 0.034895833333333334 0.04166666666666667
0 0.68125 0.26944444444444443 0.03958333333333333 0.061111111111111116
0 0.7302083333333333 0.26666666666666666 0.03333333333333333 0.04259259259259259
0 0.45416666666666666 0.4814814814814815 0.035416666666666666 0.05925925925925926
0 0.26484375 0.6175925925925926 0.025520833333333333 0.05
0 0.2598958333333333 0.6810185185185186 0.03125 0.04166666666666667
0 0.20833333333333334 0.775462962962963 0.02395833333333333 0.04537037037037037
0 0.39557291666666666 0.6615740740740741 0.0296875 0.04722222222222222
0 0.2544270833333333 0.9041666666666667 0.04635416666666667 0.075
0 0.31015625 0.9527777777777778 0.0390625 0.05925925925925926
0 0.34661458333333334 0.9240740740740742 0.03177083333333333 0.061111111111111116
0 0.4028645833333333 0.8851851851851852 0.0359375 0.061111111111111116
0 0.5815104166666667 0.5648148148148149 0.030729166666666665 0.04814814814814815
