0 0.4791666666666667 0.09012345679012346 0.11944444444444445 0.17530864197530863
0 0.33194444444444443 0.4604938271604938 0.10555555555555556 0.18518518518518517
0 0.4291666666666667 0.26296296296296295 0.075 0.17037037037037037
0 0.56875 0.337037037037037 0.08194444444444444 0.14074074074074075
0 0.2513888888888889 0.6790123456790124 0.10833333333333334 0.17777777777777778
0 0.42291666666666666 0.9320987654320988 0.09027777777777778 0.14074074074074075
0 0.5743055555555556 0.9691358024691358 0.09305555555555556 0.06666666666666667
0 0.6909722222222222 0.808641975308642 0.07916666666666666 0.15061728395061727
1 0.4465277777777778 0.4679012345679012 0.12638888888888888 0.19999999999999998
1 0.5527777777777778 0.49382716049382713 0.08333333333333334 0.15308641975308643
