1 0.7125 0.3419753086419753 0.08055555555555556 0.11604938271604938
1 0.5131944444444445 0.6691358024691358 0.10416666666666667 0.16296296296296295
0 0.4027777777777778 0.3197530864197531 0.06666666666666667 0.11604938271604938
0 0.36458333333333337 0.5493827160493827 0.07083333333333333 0.13580246913580246
0 0.33472222222222225 0.7506172839506172 0.07777777777777778 0.12839506172839507
0 0.14375000000000002 0.8765432098765432 0.08750000000000001 0.1728395061728395
0 0.02638888888888889 0.9185185185185185 0.05 0.16790123456790124
0 0.01875 0.5111111111111111 0.03194444444444445 0.14814814814814814
3 0.7902777777777779 0.23333333333333334 0.03888888888888889 0.056790123456790124
3 0.8305555555555556 0.8691358024691358 0.03333333333333333 0.044444444444444446
