0 0.06354166666666666 0.2101851851851852 0.03125 0.04814814814814815
0 0.7244791666666667 0.8115740740740741 0.090625 0.1638888888888889
0 0.9635416666666666 0.5097222222222222 0.06875 0.09351851851851853
0 0.7971354166666667 0.034722222222222224 0.044270833333333336 0.06759259259259259
0 0.7510416666666666 0.1277777777777778 0.03333333333333333 0.0462962962962963
0 0.6963541666666666 0.14907407407407408 0.03854166666666667 0.053703703703703705
0 0.57109375 0.2791666666666667 0.044270833333333336 0.05648148148148149
0 0.5986979166666666 0.21157407407407408 0.05260416666666667 0.09537037037037037
0 0.5611979166666666 0.15833333333333333 0.0359375 0.05
0 0.4669270833333333 0.44074074074074077 0.0484375 0.08888888888888889
0 0.0859375 0.4791666666666667 0.06041666666666667 0.062037037037037036
0 0.24609375 0.14814814814814814 0.03177083333333333 0.044444444444444446
0 0.2799479166666667 0.06944444444444445 0.034895833333333334 0.05185185185185186
2 0.7216145833333333 0.6060185185185185 0.15572916666666667 0.25833333333333336
1 0.15 0.0962962962962963 0.040625 0.06296296296296297
1 0.525 0.24351851851851852 0.06875 0.0925925925925926
1 0.8541666666666666 0.6199074074074075 0.11458333333333333 0.18611111111111112
