1 0.33333333333333337 0.30123456790123454 0.1527777777777778 0.18271604938271604
0 0.10486111111111111 0.5172839506172839 0.12083333333333333 0.18024691358024691
0 0.28750000000000003 0.745679012345679 0.08333333333333334 0.1382716049382716
0 0.40694444444444444 0.754320987654321 0.075 0.10617283950617283
0 0.7388888888888889 0.9259259259259259 0.061111111111111116 0.09876543209876543
0 0.48333333333333334 0.5481481481481482 0.04722222222222222 0.11358024691358025
0 0.6930555555555555 0.3098765432098765 0.05 0.11604938271604938
0 0.7597222222222223 0.17530864197530863 0.03888888888888889 0.08395061728395062
0 0.3979166666666667 0.20123456790123456 0.04583333333333334 0.10123456790123457
0 0.29791666666666666 0.12345679012345678 0.07083333333333333 0.14814814814814814
