3 0.68046875 0.6060185185185185 0.04010416666666666 0.11944444444444445
3 0.8083333333333333 0.9365740740740741 0.05 0.08240740740740742
3 0.7911458333333333 0.2152777777777778 0.04791666666666666 0.06944444444444445
3 0.33203125 0.8481481481481482 0.0515625 0.07777777777777778
3 0.4317708333333333 0.8078703703703703 0.04479166666666667 0.08981481481481482
3 0.5856770833333333 0.6967592592592593 0.03697916666666667 0.06759259259259259
0 0.6697916666666667 0.9476851851851852 0.11458333333333333 0.10648148148148148
0 0.38776041666666666 0.4240740740740741 0.0484375 0.08518518518518518
0 0.26848958333333334 0.6175925925925926 0.0484375 0.07407407407407407
0 0.16822916666666665 0.674074074074074 0.08020833333333333 0.12222222222222223
0 0.028125 0.4217592592592593 0.05520833333333333 0.08981481481481482
3 0.38255208333333335 0.701388888888889 0.07552083333333333 0.125
2 0.12239583333333333 0.9055555555555556 0.24375 0.19074074074074074
