0 0.49930555555555556 0.8481481481481481 0.09583333333333334 0.1654320987654321
0 0.48958333333333337 0.26296296296296295 0.08194444444444444 0.15061728395061727
1 0.044444444444444446 0.5987654320987654 0.08611111111111111 0.21481481481481482
0 0.9013888888888889 0.817283950617284 0.08333333333333334 0.16790123456790124
0 0.9222222222222223 0.5592592592592592 0.05555555555555556 0.10617283950617283
0 0.9548611111111112 0.3728395061728395 0.04861111111111111 0.10864197530864197
0 0.7222222222222222 0.5666666666666667 0.058333333333333334 0.10617283950617283
0 0.6416666666666667 0.7592592592592592 0.058333333333333334 0.1111111111111111
0 0.5319444444444444 0.7098765432098765 0.0638888888888889 0.1259259259259259
0 0.4104166666666667 0.46296296296296297 0.09027777777777778 0.145679012345679
0 0.6694444444444445 0.21728395061728395 0.06666666666666667 0.07901234567901234
0 0.5805555555555556 0.15185185185185185 0.07777777777777778 0.15555555555555556
1 0.5847222222222223 0.3037037037037037 0.10833333333333334 0.1580246913580247
