0 0.4765625 0.44953703703703707 0.02395833333333333 0.036111111111111115
0 0.4419270833333333 0.3731481481481482 0.022395833333333334 0.0462962962962963
1 0.6919270833333333 0.6328703703703704 0.05364583333333333 0.07314814814814816
0 0.49374999999999997 0.9333333333333333 0.04895833333333333 0.08148148148148149
0 0.14322916666666666 0.6097222222222223 0.035416666666666666 0.06018518518518519
0 0.6596354166666667 0.4939814814814815 0.034895833333333334 0.05277777777777778
0 0.42916666666666664 0.5828703703703704 0.03229166666666666 0.04166666666666667
0 0.39557291666666666 0.7726851851851853 0.0328125 0.05277777777777778
0 0.2799479166666667 0.24212962962962964 0.0296875 0.05277777777777778
0 0.15130208333333334 0.29305555555555557 0.03177083333333333 0.04722222222222222
