2 0.5427083333333333 0.4898148148148148 0.084375 0.0962962962962963
2 0.40911458333333334 0.46944444444444444 0.09114583333333333 0.10370370370370371
0 0.6828125 0.6481481481481481 0.03333333333333333 0.05740740740740741
0 0.5763020833333333 0.41203703703703703 0.0234375 0.040740740740740744
0 0.10208333333333333 0.3662037037037037 0.06875 0.11018518518518519
0 0.28151041666666665 0.4791666666666667 0.03177083333333333 0.05277777777777778
0 0.45 0.736574074074074 0.034375 0.062037037037037036
0 0.4544270833333333 0.8083333333333333 0.04010416666666666 0.06481481481481481
0 0.51953125 0.7486111111111111 0.033854166666666664 0.0638888888888889
0 0.58515625 0.8018518518518519 0.027604166666666666 0.05185185185185186
0 0.7955729166666666 0.9166666666666667 0.044270833333333336 0.07222222222222223
0 0.6651041666666666 0.9851851851851853 0.05520833333333333 0.031481481481481485
0 0.5677083333333334 0.8870370370370371 0.042708333333333334 0.07222222222222223
0 0.38984375 0.9055555555555556 0.06822916666666666 0.08518518518518518
