0 0.10833333333333334 0.29012345679012347 0.07222222222222223 0.10123456790123457
0 0.07777777777777778 0.41728395061728396 0.06944444444444445 0.09876543209876543
0 0.19097222222222224 0.11604938271604938 0.034722222222222224 0.08888888888888889
0 0.2902777777777778 0.30123456790123454 0.06944444444444445 0.09382716049382715
0 0.36041666666666666 0.20493827160493827 0.08194444444444444 0.11851851851851852
0 0.2847222222222222 0.5901234567901235 0.08611111111111111 0.17777777777777778
0 0.18333333333333335 0.6888888888888889 0.08611111111111111 0.14320987654320988
0 0.23680555555555557 0.8037037037037037 0.09305555555555556 0.1259259259259259
0 0.11180555555555556 0.8148148148148148 0.09305555555555556 0.14320987654320988
0 0.39305555555555555 0.817283950617284 0.09166666666666667 0.15308641975308643
0 0.5027777777777778 0.3962962962962963 0.06944444444444445 0.12098765432098765
0 0.6708333333333334 0.3148148148148148 0.08055555555555556 0.12098765432098765
0 0.8590277777777778 0.2604938271604938 0.06805555555555556 0.1308641975308642
0 0.7409722222222223 0.645679012345679 0.09583333333333334 0.15061728395061727
0 0.6402777777777778 0.7049382716049383 0.09166666666666667 0.14074074074074075
0 0.607638888888889 0.9358024691358025 0.08194444444444444 0.13333333333333333
0 0.7229166666666667 0.8691358024691358 0.08194444444444444 0.15308641975308643
