3 0.684375 0.5148148148148148 0.021875 0.05185185185185186
3 0.8184895833333333 0.6486111111111111 0.030729166666666665 0.0638888888888889
3 0.7497395833333333 0.6375000000000001 0.04635416666666667 0.0712962962962963
0 0.5825520833333333 0.8226851851851852 0.06822916666666666 0.11018518518518519
0 0.6427083333333333 0.4777777777777778 0.046875 0.08333333333333334
0 0.83671875 0.3662037037037037 0.0421875 0.03981481481481482
0 0.15572916666666667 0.36388888888888893 0.06041666666666667 0.07777777777777778
0 0.22604166666666667 0.5638888888888889 0.05520833333333333 0.05740740740740741
0 0.35651041666666666 0.061111111111111116 0.04010416666666666 0.06296296296296297
2 0.8010416666666667 0.5125000000000001 0.1375 0.0787037037037037
1 0.5307291666666667 0.4078703703703704 0.053125 0.075
1 0.5372395833333333 0.03518518518518519 0.050520833333333334 0.053703703703703705
