0 0.8291666666666666 0.9337962962962963 0.052083333333333336 0.0712962962962963
0 0.7291666666666666 0.9703703703703704 0.04375 0.061111111111111116
0 0.9760416666666667 0.787962962962963 0.04375 0.05740740740740741
0 0.9354166666666667 0.6962962962962963 0.03958333333333333 0.053703703703703705
0 0.93046875 0.6555555555555556 0.0453125 0.05555555555555556
0 0.8713541666666667 0.7069444444444445 0.04895833333333333 0.04537037037037037
0 0.5591145833333333 0.8055555555555556 0.03802083333333333 0.05740740740740741
0 0.4817708333333333 0.888425925925926 0.030208333333333334 0.05648148148148149
0 0.3268229166666667 0.8736111111111111 0.0671875 0.09351851851851853
0 0.46770833333333334 0.7657407407407407 0.04583333333333333 0.06481481481481481
0 0.13645833333333332 0.7458333333333333 0.041666666666666664 0.04351851851851852
0 0.4002604166666667 0.6361111111111112 0.024479166666666666 0.0462962962962963
0 0.48151041666666666 0.6134259259259259 0.03697916666666667 0.03425925925925926
0 0.53125 0.5606481481481481 0.03333333333333333 0.03981481481481482
0 0.6166666666666667 0.5300925925925926 0.02395833333333333 0.03796296296296296
0 0.63203125 0.5532407407407408 0.025520833333333333 0.032407407407407406
0 0.6825520833333333 0.6240740740740741 0.024479166666666666 0.040740740740740744
0 0.6690104166666666 0.513888888888889 0.03697916666666667 0.05
0 0.4393229166666667 0.5027777777777778 0.022395833333333334 0.03518518518518519
0 0.4036458333333333 0.4486111111111111 0.03854166666666667 0.05092592592592593
0 0.34661458333333334 0.4291666666666667 0.028645833333333332 0.03796296296296296
0 0.3067708333333333 0.43194444444444446 0.026041666666666668 0.028703703703703703
0 0.2669270833333333 0.5162037037037037 0.022395833333333334 0.032407407407407406
0 0.23880208333333333 0.4240740740740741 0.0296875 0.03518518518518519
0 0.2630208333333333 0.39537037037037037 0.022916666666666665 0.03518518518518519
0 0.19583333333333333 0.49722222222222223 0.027083333333333334 0.040740740740740744
0 0.11458333333333333 0.5092592592592593 0.03333333333333333 0.037037037037037035
0 0.11875 0.4759259259259259 0.027083333333333334 0.037037037037037035
2 0.5645833333333333 0.5884259259259259 0.07083333333333333 0.04351851851851852
2 0.5854166666666667 0.9226851851851853 0.11875 0.10833333333333334
1 0.23854166666666665 0.6416666666666667 0.06041666666666667 0.07777777777777778
1 0.6518229166666667 0.6828703703703703 0.06302083333333333 0.06574074074074074
1 0.76328125 0.6532407407407408 0.04739583333333333 0.05648148148148149
1 0.33307291666666666 0.36944444444444446 0.04114583333333333 0.0462962962962963
1 0.06432291666666666 0.8111111111111111 0.049479166666666664 0.06851851851851852
