3 0.38671875 0.6606481481481482 0.044270833333333336 0.0712962962962963
1 0.6838541666666667 0.7449074074074075 0.04895833333333333 0.08055555555555556
1 0.896875 0.6726851851851852 0.11354166666666667 0.1787037037037037
0 0.89921875 0.10046296296296296 0.0359375 0.05092592592592593
0 0.5440104166666666 0.16018518518518518 0.044270833333333336 0.05
0 0.5927083333333333 0.30324074074074076 0.03958333333333333 0.04351851851851852
0 0.16666666666666666 0.23750000000000002 0.027083333333333334 0.03981481481481482
0 0.08723958333333333 0.2601851851851852 0.03802083333333333 0.040740740740740744
0 0.04791666666666666 0.350462962962963 0.03125 0.04537037037037037
0 0.09505208333333333 0.33194444444444443 0.0359375 0.05092592592592593
0 0.18645833333333334 0.3106481481481482 0.0375 0.0638888888888889
0 0.24505208333333334 0.3388888888888889 0.049479166666666664 0.07777777777777778
0 0.3020833333333333 0.36203703703703705 0.03229166666666666 0.05185185185185186
0 0.4270833333333333 0.39583333333333337 0.03854166666666667 0.05648148148148149
0 0.46432291666666664 0.4467592592592593 0.044270833333333336 0.09537037037037037
0 0.49453125 0.42962962962962964 0.03697916666666667 0.061111111111111116
0 0.39140625 0.6078703703703704 0.0328125 0.05277777777777778
0 0.45729166666666665 0.9212962962962963 0.06145833333333333 0.08333333333333334
0 0.66640625 0.9689814814814816 0.06197916666666667 0.0638888888888889
0 0.8747395833333333 0.787962962962963 0.05572916666666666 0.07777777777777778
0 0.9643229166666667 0.7097222222222223 0.0671875 0.10833333333333334
