3 0.6638888888888889 0.4888888888888889 0.044444444444444446 0.04938271604938271
3 0.4791666666666667 0.5419753086419753 0.022222222222222223 0.07160493827160494
3 0.5618055555555556 0.9197530864197531 0.04861111111111111 0.06666666666666667
3 0.2076388888888889 0.8049382716049382 0.004166666666666667 0.009876543209876543
3 0.2013888888888889 0.8308641975308642 0.04166666666666667 0.056790123456790124
3 0.17777777777777778 0.7135802469135802 0.022222222222222223 0.03950617283950617
3 0.2013888888888889 0.7518518518518519 0.036111111111111115 0.04197530864197531
3 0.19305555555555556 0.6308641975308642 0.036111111111111115 0.06666666666666667
0 0.6083333333333334 0.6320987654320988 0.08888888888888889 0.09382716049382715
0 0.84375 0.45185185185185184 0.10694444444444445 0.11851851851851852
0 0.5694444444444444 0.08395061728395062 0.044444444444444446 0.08395061728395062
0 0.1375 0.8358024691358025 0.08611111111111111 0.1111111111111111
