3 0.4840277777777778 0.7617283950617284 0.020833333333333336 0.037037037037037035
3 0.34861111111111115 0.7432098765432099 0.022222222222222223 0.019753086419753086
3 0.39861111111111114 0.6641975308641975 0.019444444444444445 0.0345679012345679
3 0.42083333333333334 0.8012345679012346 0.019444444444444445 0.037037037037037035
1 0.8805555555555555 0.9580246913580247 0.09166666666666667 0.08888888888888889
1 0.5402777777777777 0.8617283950617284 0.04166666666666667 0.08395061728395062
0 0.6006944444444444 0.5555555555555556 0.02638888888888889 0.04938271604938271
0 0.545138888888889 0.9320987654320988 0.051388888888888894 0.06666666666666667
0 0.5826388888888889 0.9111111111111111 0.04583333333333334 0.07901234567901234
0 0.7340277777777778 0.9222222222222222 0.06805555555555556 0.08148148148148147
