3 0.7402777777777778 0.5444444444444444 0.022222222222222223 0.037037037037037035
3 0.7215277777777778 0.42345679012345677 0.029166666666666667 0.037037037037037035
1 0.8340277777777778 0.9740740740740741 0.07916666666666666 0.056790123456790124
1 0.1798611111111111 0.9765432098765432 0.07361111111111111 0.05185185185185185
1 0.3104166666666667 0.591358024691358 0.1513888888888889 0.23950617283950618
1 0.8402777777777778 0.6160493827160494 0.08333333333333334 0.1111111111111111
1 0.9215277777777778 0.47777777777777775 0.15972222222222224 0.21481481481481482
0 0.45972222222222225 0.9617283950617284 0.09166666666666667 0.08148148148148147
0 0.7118055555555556 0.8888888888888888 0.08750000000000001 0.1876543209876543
0 0.7347222222222223 0.7259259259259259 0.09444444444444444 0.15308641975308643
0 0.6729166666666667 0.6234567901234568 0.06805555555555556 0.10123456790123457
0 0.5798611111111112 0.6851851851851851 0.06805555555555556 0.09135802469135802
0 0.6041666666666667 0.5604938271604938 0.07777777777777778 0.10864197530864197
0 0.6013888888888889 0.27901234567901234 0.07777777777777778 0.11851851851851852
0 0.7201388888888889 0.05802469135802469 0.09305555555555556 0.1111111111111111
