1 0.8534722222222223 0.6777777777777778 0.10972222222222222 0.15061728395061727
0 0.8125 0.5358024691358024 0.04166666666666667 0.05432098765432099
0 0.07291666666666667 0.4580246913580247 0.0625 0.0962962962962963
0 0.14930555555555555 0.5148148148148148 0.06527777777777778 0.1308641975308642
0 0.2701388888888889 0.4666666666666667 0.051388888888888894 0.07901234567901234
0 0.5798611111111112 0.7753086419753086 0.0625 0.09876543209876543
2 0.49444444444444446 0.42345679012345677 0.15555555555555556 0.1111111111111111
2 0.7722222222222223 0.6851851851851851 0.05555555555555556 0.18518518518518517
2 0.2659722222222222 0.8358024691358025 0.1486111111111111 0.09135802469135802
2 0.04861111111111111 0.7617283950617284 0.09444444444444444 0.24444444444444444
2 0.225 0.3135802469135802 0.11111111111111112 0.07407407407407407
