1 0.3236111111111111 0.9703703703703703 0.06944444444444445 0.06419753086419754
1 0.3013888888888889 0.828395061728395 0.09166666666666667 0.10123456790123457
1 0.03888888888888889 0.6975308641975309 0.0638888888888889 0.09135802469135802
1 0.03958333333333333 0.3160493827160494 0.07083333333333333 0.13333333333333333
0 0.13611111111111113 0.6641975308641975 0.09444444444444444 0.16296296296296295
0 0.24930555555555556 0.5259259259259259 0.0625 0.11851851851851852
0 0.2951388888888889 0.22962962962962963 0.051388888888888894 0.0691358024691358
0 0.28055555555555556 0.14074074074074075 0.07222222222222223 0.09876543209876543
1 0.4083333333333333 0.02962962962962963 0.03888888888888889 0.05432098765432099
1 0.4861111111111111 0.29259259259259257 0.05 0.11604938271604938
0 0.37083333333333335 0.1691358024691358 0.08888888888888889 0.11604938271604938
0 0.4152777777777778 0.2654320987654321 0.058333333333333334 0.07654320987654321
0 0.4430555555555556 0.3333333333333333 0.061111111111111116 0.08395061728395062
3 0.5493055555555556 0.18148148148148147 0.02361111111111111 0.04197530864197531
3 0.5423611111111112 0.29259259259259257 0.03194444444444445 0.05185185185185185
3 0.7604166666666667 0.17037037037037037 0.0375 0.044444444444444446
3 0.7215277777777778 0.15061728395061727 0.02361111111111111 0.024691358024691357
3 0.7416666666666667 0.056790123456790124 0.03888888888888889 0.024691358024691357
3 0.9229166666666667 0.05802469135802469 0.05694444444444444 0.07160493827160494
3 0.8381944444444445 0.07037037037037037 0.043055555555555555 0.04197530864197531
2 0.6430555555555556 0.8246913580246913 0.05555555555555556 0.1876543209876543
0 0.46944444444444444 0.4111111111111111 0.058333333333333334 0.11604938271604938
0 0.545138888888889 0.4271604938271605 0.07361111111111111 0.14814814814814814
0 0.40972222222222227 0.5938271604938271 0.06944444444444445 0.0962962962962963
0 0.5680555555555555 0.6753086419753086 0.09444444444444444 0.15555555555555556
0 0.6368055555555556 0.6037037037037037 0.10138888888888889 0.13580246913580246
0 0.7027777777777778 0.7012345679012345 0.06944444444444445 0.1037037037037037
3 0.40208333333333335 0.6604938271604938 0.02638888888888889 0.04197530864197531
3 0.8229166666666667 0.5185185185185185 0.02638888888888889 0.0345679012345679
3 0.6819444444444445 0.5148148148148148 0.03888888888888889 0.046913580246913576
3 0.8097222222222222 0.5580246913580247 0.03888888888888889 0.044444444444444446
1 0.5840277777777778 0.9395061728395061 0.0763888888888889 0.1259259259259259
1 0.8701388888888889 0.808641975308642 0.12638888888888888 0.13580246913580246
