1 0.051388888888888894 0.7580246913580246 0.1 0.11358024691358025
1 0.3458333333333333 0.7012345679012345 0.0638888888888889 0.08888888888888889
0 0.8736111111111111 0.9851851851851852 0.1388888888888889 0.0345679012345679
0 0.48541666666666666 0.8790123456790123 0.051388888888888894 0.08395061728395062
0 0.5527777777777778 0.7580246913580246 0.058333333333333334 0.08888888888888889
0 0.6375000000000001 0.5469135802469136 0.061111111111111116 0.09135802469135802
1 0.7277777777777779 0.5987654320987654 0.1 0.17530864197530863
1 0.8340277777777778 0.591358024691358 0.08472222222222223 0.1111111111111111
0 0.7986111111111112 0.3358024691358025 0.08888888888888889 0.11851851851851852
0 0.7194444444444444 0.36049382716049383 0.058333333333333334 0.08395061728395062
0 0.7944444444444445 0.13209876543209875 0.05277777777777778 0.10617283950617283
1 0.7173611111111111 0.2506172839506173 0.07361111111111111 0.15061728395061727
3 0.5208333333333334 0.17407407407407408 0.030555555555555558 0.056790123456790124
3 0.6291666666666667 0.09753086419753086 0.04166666666666667 0.056790123456790124
