2 0.4201388888888889 0.9098765432098765 0.0763888888888889 0.18518518518518517
2 0.4277777777777778 0.20617283950617282 0.061111111111111116 0.17530864197530863
2 0.33611111111111114 0.21728395061728395 0.061111111111111116 0.09876543209876543
2 0.6604166666666667 0.3382716049382716 0.10416666666666667 0.09382716049382715
2 0.6951388888888889 0.23580246913580247 0.08472222222222223 0.09135802469135802
2 0.9416666666666667 0.391358024691358 0.08055555555555556 0.09135802469135802
2 0.7986111111111112 0.7296296296296296 0.10555555555555556 0.17530864197530863
0 0.763888888888889 0.4802469135802469 0.06666666666666667 0.11604938271604938
0 0.5965277777777778 0.38395061728395063 0.043055555555555555 0.09135802469135802
0 0.5340277777777778 0.33209876543209876 0.04583333333333334 0.10123456790123457
0 0.4916666666666667 0.22469135802469134 0.03888888888888889 0.06419753086419754
0 0.0638888888888889 0.12222222222222222 0.058333333333333334 0.08641975308641975
3 0.7916666666666667 0.8962962962962963 0.025 0.03950617283950617
3 0.6138888888888889 0.5567901234567901 0.03888888888888889 0.06666666666666667
3 0.04930555555555556 0.39012345679012345 0.0625 0.09382716049382715
3 0.2548611111111111 0.3567901234567901 0.05416666666666667 0.08148148148148147
3 0.5972222222222222 0.9320987654320988 0.05555555555555556 0.08148148148148147
