0 0.8881944444444445 0.3296296296296296 0.03194444444444445 0.05185185185185185
0 0.9597222222222223 0.24444444444444444 0.04722222222222222 0.06419753086419754
0 0.9784722222222223 0.3469135802469136 0.04583333333333334 0.05185185185185185
0 0.2611111111111111 0.6407407407407407 0.10833333333333334 0.1654320987654321
0 0.53125 0.7864197530864198 0.051388888888888894 0.1111111111111111
0 0.5493055555555556 0.6 0.043055555555555555 0.07407407407407407
0 0.5972222222222222 0.5469135802469136 0.04722222222222222 0.1111111111111111
0 0.3993055555555556 0.24074074074074073 0.051388888888888894 0.09135802469135802
0 0.5986111111111111 0.44320987654320987 0.05555555555555556 0.06666666666666667
0 0.5215277777777778 0.09382716049382715 0.05416666666666667 0.07901234567901234
0 0.7388888888888889 0.5555555555555556 0.04722222222222222 0.09382716049382715
0 0.8048611111111111 0.4888888888888889 0.05416666666666667 0.09876543209876543
0 0.8625 0.5567901234567901 0.04722222222222222 0.10617283950617283
0 0.9750000000000001 0.591358024691358 0.05277777777777778 0.08148148148148147
0 0.8138888888888889 0.3691358024691358 0.061111111111111116 0.08641975308641975
0 0.8645833333333334 0.43950617283950616 0.02361111111111111 0.05432098765432099
0 0.84375 0.2617283950617284 0.04027777777777778 0.05432098765432099
1 0.3263888888888889 0.19876543209876543 0.08888888888888889 0.1259259259259259
1 0.4138888888888889 0.16419753086419753 0.06666666666666667 0.11604938271604938
1 0.3125 0.03827160493827161 0.10555555555555556 0.07160493827160494
1 0.6680555555555556 0.14814814814814814 0.06666666666666667 0.09382716049382715
1 0.7215277777777778 0.12469135802469136 0.04861111111111111 0.07654320987654321
1 0.6736111111111112 0.024691358024691357 0.061111111111111116 0.044444444444444446
3 0.11180555555555556 0.020987654320987655 0.043055555555555555 0.037037037037037035
3 0.14305555555555557 0.06419753086419754 0.075 0.03950617283950617
3 0.20208333333333334 0.02962962962962963 0.04027777777777778 0.05432098765432099
3 0.3493055555555556 0.6061728395061728 0.051388888888888894 0.06172839506172839
3 0.4013888888888889 0.5358024691358024 0.03333333333333333 0.05925925925925926
3 0.4048611111111111 0.5802469135802469 0.03194444444444445 0.044444444444444446
3 0.4222222222222222 0.6296296296296297 0.022222222222222223 0.0345679012345679
3 0.4 0.7716049382716049 0.016666666666666666 0.037037037037037035
3 0.35208333333333336 0.454320987654321 0.02638888888888889 0.0345679012345679
1 0.5340277777777778 0.5679012345679012 0.0375 0.09382716049382715
1 0.5013888888888889 0.7234567901234568 0.036111111111111115 0.07901234567901234
1 0.9527777777777778 0.43209876543209874 0.05 0.04938271604938271
1 0.9187500000000001 0.5592592592592592 0.043055555555555555 0.07654320987654321
1 0.8076388888888889 0.5641975308641975 0.04027777777777778 0.056790123456790124
1 0.5173611111111112 0.020987654320987655 0.0375 0.037037037037037035
