1 0.11111111111111112 0.8629629629629629 0.06666666666666667 0.12098765432098765
1 0.2423611111111111 0.8098765432098766 0.06805555555555556 0.08395061728395062
1 0.2798611111111111 0.8950617283950617 0.08194444444444444 0.1259259259259259
2 0.7861111111111111 0.41728395061728396 0.11388888888888889 0.11851851851851852
2 0.39861111111111114 0.8185185185185185 0.17777777777777778 0.12098765432098765
2 0.7104166666666667 0.8901234567901234 0.14583333333333334 0.22469135802469134
0 0.7854166666666667 0.28518518518518515 0.04027777777777778 0.08148148148148147
0 0.6590277777777778 0.4839506172839506 0.04027777777777778 0.08395061728395062
0 0.37777777777777777 0.24691358024691357 0.03333333333333333 0.05432098765432099
0 0.41875 0.39012345679012345 0.02638888888888889 0.06419753086419754
3 0.5472222222222223 0.7320987654320987 0.04166666666666667 0.05185185185185185
3 0.45625000000000004 0.5345679012345679 0.05416666666666667 0.06172839506172839
3 0.9375 0.30123456790123454 0.044444444444444446 0.0345679012345679
