3 0.19583333333333333 0.691358024691358 0.03888888888888889 0.05925925925925926
3 0.13333333333333333 0.671604938271605 0.06666666666666667 0.05432098765432099
3 0.28194444444444444 0.8580246913580247 0.044444444444444446 0.08641975308641975
3 0.21458333333333335 0.5444444444444444 0.07361111111111111 0.06172839506172839
3 0.3104166666666667 0.6888888888888889 0.06527777777777778 0.09382716049382715
3 0.5895833333333333 0.791358024691358 0.02638888888888889 0.056790123456790124
3 0.5395833333333333 0.6296296296296297 0.1125 0.12345679012345678
0 0.6083333333333334 0.9296296296296296 0.08611111111111111 0.145679012345679
0 0.31875000000000003 0.5888888888888889 0.0375 0.06172839506172839
0 0.7902777777777779 0.6802469135802469 0.03888888888888889 0.08148148148148147
0 0.8347222222222223 0.508641975308642 0.044444444444444446 0.0691358024691358
0 0.7798611111111111 0.4345679012345679 0.02638888888888889 0.05432098765432099
0 0.75625 0.2641975308641975 0.043055555555555555 0.05432098765432099
0 0.6625 0.27037037037037037 0.04166666666666667 0.06666666666666667
0 0.3194444444444445 0.27901234567901234 0.03333333333333333 0.05925925925925926
