3 0.8451388888888889 0.9123456790123456 0.03194444444444445 0.046913580246913576
1 0.7583333333333334 0.2691358024691358 0.036111111111111115 0.05925925925925926
1 0.7381944444444445 0.49753086419753084 0.051388888888888894 0.07160493827160494
0 0.21041666666666667 0.4444444444444444 0.034722222222222224 0.05925925925925926
0 0.30833333333333335 0.45925925925925926 0.030555555555555558 0.05432098765432099
0 0.3479166666666667 0.3617283950617284 0.04027777777777778 0.07160493827160494
0 0.545138888888889 0.06296296296296296 0.051388888888888894 0.10617283950617283
0 0.6666666666666667 0.32222222222222224 0.06944444444444445 0.1111111111111111
0 0.58125 0.49876543209876545 0.07083333333333333 0.11851851851851852
0 0.5263888888888889 0.5987654320987654 0.058333333333333334 0.0962962962962963
0 0.5972222222222222 0.6259259259259259 0.07777777777777778 0.12098765432098765
0 0.8069444444444445 0.4876543209876543 0.07222222222222223 0.1308641975308642
0 0.8361111111111111 0.6024691358024691 0.1 0.08888888888888889
0 0.9500000000000001 0.7197530864197531 0.10277777777777779 0.09135802469135802
0 0.6368055555555556 0.8148148148148148 0.04861111111111111 0.09382716049382715
0 0.3472222222222222 0.7851851851851852 0.075 0.11851851851851852
1 0.9097222222222222 0.23086419753086418 0.09444444444444444 0.07160493827160494
1 0.6708333333333334 0.13703703703703704 0.06944444444444445 0.10123456790123457
1 0.6020833333333333 0.3765432098765432 0.04027777777777778 0.06666666666666667
1 0.4902777777777778 0.35432098765432096 0.05 0.07160493827160494
1 0.37777777777777777 0.5358024691358024 0.058333333333333334 0.13333333333333333
1 0.4388888888888889 0.5037037037037037 0.044444444444444446 0.09876543209876543
1 0.49375 0.5790123456790124 0.051388888888888894 0.1111111111111111
1 0.3111111111111111 0.7 0.04722222222222222 0.07654320987654321
1 0.4340277777777778 0.6666666666666666 0.0763888888888889 0.12839506172839507
1 0.3680555555555556 0.8679012345679012 0.07777777777777778 0.11604938271604938
