3 0.5125000000000001 0.05802469135802469 0.025 0.037037037037037035
3 0.6062500000000001 0.13333333333333333 0.02638888888888889 0.044444444444444446
3 0.5465277777777778 0.17037037037037037 0.02361111111111111 0.0345679012345679
3 0.4756944444444445 0.5864197530864197 0.02361111111111111 0.037037037037037035
3 0.33819444444444446 0.4901234567901234 0.03194444444444445 0.04197530864197531
3 0.20833333333333334 0.945679012345679 0.02777777777777778 0.044444444444444446
3 0.6277777777777778 0.6259259259259259 0.019444444444444445 0.027160493827160494
3 0.7402777777777778 0.9666666666666667 0.036111111111111115 0.037037037037037035
0 0.9361111111111111 0.5296296296296297 0.12222222222222223 0.1259259259259259
0 0.9722222222222222 0.28888888888888886 0.058333333333333334 0.09382716049382715
0 0.9458333333333334 0.18024691358024691 0.10833333333333334 0.06419753086419754
1 0.6618055555555555 0.2345679012345679 0.043055555555555555 0.09382716049382715
1 0.7868055555555555 0.3098765432098765 0.04583333333333334 0.06666666666666667
1 0.7208333333333333 0.37407407407407406 0.061111111111111116 0.1111111111111111
0 0.6854166666666667 0.1925925925925926 0.0375 0.08395061728395062
0 0.7208333333333333 0.2382716049382716 0.05 0.056790123456790124
0 0.68125 0.29012345679012347 0.034722222222222224 0.07160493827160494
0 0.6506944444444445 0.391358024691358 0.04861111111111111 0.06666666666666667
0 0.6104166666666667 0.5666666666666667 0.04861111111111111 0.07160493827160494
1 0.18680555555555556 0.5839506172839506 0.08194444444444444 0.07654320987654321
1 0.4340277777777778 0.5246913580246914 0.05416666666666667 0.06172839506172839
1 0.47708333333333336 0.8802469135802469 0.043055555555555555 0.08148148148148147
0 0.4486111111111111 0.43580246913580245 0.0638888888888889 0.1111111111111111
0 0.5638888888888889 0.671604938271605 0.04166666666666667 0.07407407407407407
0 0.14375000000000002 0.6666666666666666 0.08472222222222223 0.09382716049382715
0 0.22569444444444445 0.6839506172839506 0.08194444444444444 0.11851851851851852
