2 0.2881944444444445 0.6518518518518518 0.043055555555555555 0.044444444444444446
2 0.545138888888889 0.5271604938271605 0.1486111111111111 0.11604938271604938
3 0.7777777777777778 0.6506172839506172 0.058333333333333334 0.06666666666666667
3 0.9055555555555556 0.928395061728395 0.08333333333333334 0.14814814814814814
3 0.8076388888888889 0.8271604938271605 0.07916666666666666 0.11358024691358025
1 0.5527777777777778 0.8012345679012346 0.09444444444444444 0.14074074074074075
0 0.7902777777777779 0.23580246913580247 0.04722222222222222 0.06172839506172839
0 0.757638888888889 0.3111111111111111 0.06805555555555556 0.08888888888888889
0 0.9152777777777779 0.6012345679012345 0.07222222222222223 0.09135802469135802
0 0.9243055555555556 0.7222222222222222 0.09027777777777778 0.10123456790123457
2 0.93125 0.4444444444444444 0.14027777777777778 0.09876543209876543
