0 0.7972222222222223 0.9790123456790123 0.09166666666666667 0.046913580246913576
3 0.80625 0.828395061728395 0.05694444444444444 0.05185185185185185
3 0.9819444444444445 0.48148148148148145 0.03888888888888889 0.04938271604938271
3 0.9277777777777778 0.4407407407407407 0.03888888888888889 0.037037037037037035
3 0.9736111111111111 0.3358024691358025 0.044444444444444446 0.0345679012345679
3 0.9222222222222223 0.19135802469135801 0.04722222222222222 0.03209876543209877
3 0.8819444444444445 0.25679012345679014 0.025 0.03950617283950617
3 0.8250000000000001 0.2234567901234568 0.03333333333333333 0.03209876543209877
3 0.6916666666666667 0.42098765432098767 0.030555555555555558 0.05185185185185185
3 0.6923611111111111 0.21234567901234566 0.02638888888888889 0.0345679012345679
0 0.5965277777777778 0.5098765432098765 0.04583333333333334 0.13580246913580246
0 0.5715277777777777 0.09382716049382715 0.08750000000000001 0.12839506172839507
0 0.5472222222222223 0.19506172839506172 0.03888888888888889 0.07901234567901234
0 0.44236111111111115 0.18518518518518517 0.0375 0.05432098765432099
0 0.15347222222222223 0.408641975308642 0.1513888888888889 0.19012345679012346
0 0.12152777777777778 0.782716049382716 0.08750000000000001 0.08888888888888889
0 0.34444444444444444 0.9654320987654321 0.09166666666666667 0.07407407407407407
0 0.35208333333333336 0.06172839506172839 0.05694444444444444 0.09382716049382715
0 0.41111111111111115 0.2777777777777778 0.058333333333333334 0.10617283950617283
0 0.4138888888888889 0.3753086419753086 0.05 0.07901234567901234
0 0.48958333333333337 0.32222222222222224 0.0763888888888889 0.12098765432098765
0 0.5236111111111111 0.454320987654321 0.058333333333333334 0.08888888888888889
0 0.5423611111111112 0.5308641975308642 0.05416666666666667 0.07901234567901234
0 0.5694444444444444 0.6098765432098765 0.06666666666666667 0.12839506172839507
0 0.6506944444444445 0.6888888888888889 0.08472222222222223 0.14814814814814814
0 0.4847222222222222 0.782716049382716 0.06666666666666667 0.1037037037037037
0 0.33819444444444446 0.662962962962963 0.06805555555555556 0.13580246913580246
0 0.21319444444444446 0.745679012345679 0.1125 0.13333333333333333
