3 0.3402777777777778 0.15185185185185185 0.030555555555555558 0.03209876543209877
3 0.25277777777777777 0.19753086419753085 0.030555555555555558 0.044444444444444446
3 0.37222222222222223 0.27530864197530863 0.03333333333333333 0.05185185185185185
3 0.3013888888888889 0.3308641975308642 0.030555555555555558 0.03950617283950617
3 0.6826388888888889 0.7197530864197531 0.02361111111111111 0.037037037037037035
0 0.44583333333333336 0.39012345679012345 0.05 0.11358024691358025
0 0.5277777777777778 0.48641975308641977 0.04166666666666667 0.0691358024691358
0 0.4847222222222222 0.5419753086419753 0.036111111111111115 0.1308641975308642
0 0.13958333333333334 0.7999999999999999 0.08472222222222223 0.1037037037037037
0 0.1513888888888889 0.6901234567901234 0.11111111111111112 0.10123456790123457
0 0.3458333333333333 0.9037037037037037 0.06666666666666667 0.07901234567901234
0 0.4 0.7617283950617284 0.05 0.07160493827160494
0 0.43194444444444446 0.5753086419753086 0.03888888888888889 0.07901234567901234
0 0.4590277777777778 0.45925925925925926 0.043055555555555555 0.07407407407407407
0 0.49236111111111114 0.40987654320987654 0.034722222222222224 0.06419753086419754
0 0.6194444444444445 0.35802469135802467 0.04722222222222222 0.07407407407407407
0 0.6576388888888889 0.46543209876543207 0.06527777777777778 0.10123456790123457
0 0.6256944444444444 0.7012345679012345 0.0625 0.09382716049382715
0 0.7548611111111111 0.8962962962962963 0.08750000000000001 0.10864197530864197
