1 0.7722222222222223 0.2222222222222222 0.0638888888888889 0.06419753086419754
1 0.5222222222222223 0.09506172839506173 0.04166666666666667 0.046913580246913576
1 0.41875 0.2506172839506173 0.07361111111111111 0.0962962962962963
1 0.4715277777777778 0.21728395061728395 0.043055555555555555 0.07901234567901234
1 0.4840277777777778 0.35802469135802467 0.07083333333333333 0.12839506172839507
1 0.5256944444444445 0.28518518518518515 0.0625 0.05185185185185185
1 0.41805555555555557 0.5395061728395062 0.08611111111111111 0.1111111111111111
1 0.22083333333333335 0.8592592592592593 0.08611111111111111 0.11851851851851852
0 0.34652777777777777 0.19382716049382714 0.034722222222222224 0.03209876543209877
0 0.38125000000000003 0.11234567901234567 0.043055555555555555 0.06666666666666667
0 0.7069444444444445 0.06172839506172839 0.07222222222222223 0.11851851851851852
0 0.8388888888888889 0.2111111111111111 0.08055555555555556 0.09135802469135802
0 0.8736111111111111 0.2962962962962963 0.1 0.09876543209876543
0 0.9638888888888889 0.3876543209876543 0.075 0.08888888888888889
0 0.6215277777777778 0.2111111111111111 0.059722222222222225 0.10617283950617283
0 0.64375 0.3 0.07083333333333333 0.1111111111111111
0 0.5618055555555556 0.2938271604938272 0.05694444444444444 0.08888888888888889
0 0.6736111111111112 0.47901234567901235 0.04722222222222222 0.0691358024691358
0 0.5652777777777778 0.5938271604938271 0.06944444444444445 0.12098765432098765
0 0.3979166666666667 0.4444444444444444 0.07361111111111111 0.12839506172839507
