0 0.0328125 0.2064814814814815 0.06458333333333333 0.10740740740740741
1 0.17421875 0.4981481481481482 0.0984375 0.13333333333333333
1 0.3541666666666667 0.11388888888888889 0.06145833333333333 0.0962962962962963
1 0.38776041666666666 0.43842592592592594 0.050520833333333334 0.13796296296296298
1 0.31953125 0.3851851851851852 0.04739583333333333 0.10740740740740741
0 0.2513020833333333 0.36712962962962964 0.05677083333333333 0.08981481481481482
0 0.703125 0.13611111111111113 0.04375 0.07407407407407407
0 0.46640624999999997 0.2574074074074074 0.049479166666666664 0.09814814814814815
3 0.296875 0.8717592592592593 0.03125 0.04351851851851852
1 0.52265625 0.5055555555555555 0.057812499999999996 0.08518518518518518
3 0.6325520833333333 0.8986111111111111 0.034895833333333334 0.036111111111111115
3 0.6091145833333333 0.925 0.030729166666666665 0.03888888888888889
1 0.8666666666666667 0.951388888888889 0.06875 0.09907407407407408
1 0.6307291666666667 0.6287037037037038 0.07083333333333333 0.10740740740740741
1 0.734375 0.700925925925926 0.051041666666666666 0.0962962962962963
1 0.5130208333333334 0.9236111111111112 0.11875 0.15462962962962964
