3 0.8736111111111111 0.7728395061728395 0.022222222222222223 0.0345679012345679
3 0.8 0.825925925925926 0.02777777777777778 0.03209876543209877
0 0.9180555555555556 0.36296296296296293 0.036111111111111115 0.05925925925925926
0 0.7847222222222222 0.4419753086419753 0.036111111111111115 0.04938271604938271
0 0.5805555555555556 0.49753086419753084 0.02777777777777778 0.037037037037037035
0 0.33472222222222225 0.46172839506172836 0.04166666666666667 0.06419753086419754
0 0.6138888888888889 0.5530864197530864 0.044444444444444446 0.06419753086419754
0 0.43680555555555556 0.5765432098765432 0.05416666666666667 0.07160493827160494
0 0.36388888888888893 0.5604938271604938 0.05 0.08888888888888889
0 0.12361111111111112 0.6580246913580247 0.05277777777777778 0.10123456790123457
0 0.4986111111111111 0.8160493827160493 0.05555555555555556 0.08148148148148147
2 0.8347222222222223 0.8950617283950617 0.125 0.06666666666666667
2 0.6715277777777778 0.8382716049382716 0.11527777777777778 0.1111111111111111
2 0.6798611111111111 0.6555555555555556 0.08194444444444444 0.08148148148148147
