3 0.4715277777777778 0.2345679012345679 0.02638888888888889 0.05432098765432099
1 0.4708333333333333 0.3111111111111111 0.0638888888888889 0.1037037037037037
3 0.47222222222222227 0.4444444444444444 0.030555555555555558 0.05432098765432099
3 0.8618055555555556 0.9592592592592593 0.029166666666666667 0.04197530864197531
3 0.8138888888888889 0.5172839506172839 0.05 0.07160493827160494
3 0.851388888888889 0.49876543209876545 0.04722222222222222 0.05432098765432099
3 0.9187500000000001 0.5061728395061729 0.059722222222222225 0.06419753086419754
0 0.576388888888889 0.7098765432098765 0.09166666666666667 0.1308641975308642
0 0.6777777777777778 0.7666666666666666 0.08055555555555556 0.10617283950617283
0 0.5701388888888889 0.8493827160493826 0.05694444444444444 0.0691358024691358
0 0.9527777777777778 0.928395061728395 0.09722222222222222 0.14814814814814814
1 0.61875 0.5814814814814815 0.06805555555555556 0.11604938271604938
1 0.6375000000000001 0.9407407407407408 0.06666666666666667 0.12345679012345678
