3 0.37005208333333334 0.5995370370370371 0.0328125 0.03796296296296296
3 0.14557291666666666 0.23240740740740742 0.0515625 0.05740740740740741
3 0.28359375 0.27314814814814814 0.0546875 0.07592592592592592
0 0.75234375 0.33842592592592596 0.059895833333333336 0.10648148148148148
3 0.5713541666666666 0.05416666666666667 0.025 0.05462962962962963
3 0.5231770833333333 0.18981481481481483 0.03802083333333333 0.03333333333333333
3 0.7747395833333334 0.1837962962962963 0.034895833333333334 0.05648148148148149
3 0.5122395833333333 0.3652777777777778 0.027604166666666666 0.075
3 0.6869791666666667 0.6810185185185186 0.030208333333333334 0.0787037037037037
3 0.5567708333333333 0.8449074074074074 0.03958333333333333 0.05462962962962963
3 0.67265625 0.7495370370370371 0.0296875 0.06759259259259259
