0 0.9463541666666666 0.09490740740740741 0.0625 0.09537037037037037
0 0.8473958333333333 0.9472222222222223 0.071875 0.10740740740740741
0 0.6221354166666666 0.9472222222222223 0.0640625 0.10740740740740741
0 0.5614583333333333 0.8796296296296297 0.04375 0.11666666666666667
0 0.5026041666666666 0.8768518518518519 0.07604166666666666 0.15555555555555556
0 0.5315104166666667 0.6361111111111112 0.058854166666666666 0.1
0 0.6046875 0.5685185185185185 0.06979166666666667 0.10555555555555556
0 0.6088541666666667 0.4652777777777778 0.057291666666666664 0.08611111111111111
0 0.7442708333333333 0.5708333333333333 0.05625 0.08240740740740742
0 0.77890625 0.5328703703703704 0.05260416666666667 0.10462962962962963
0 0.725 0.4791666666666667 0.053125 0.10462962962962963
0 0.8255208333333334 0.4361111111111111 0.04375 0.0962962962962963
1 0.7403645833333333 0.9365740740740741 0.08385416666666666 0.1287037037037037
1 0.5598958333333334 0.40925925925925927 0.07916666666666666 0.1277777777777778
1 0.15833333333333333 0.850462962962963 0.059375 0.11574074074074074
3 0.09479166666666666 0.6046296296296296 0.040625 0.03333333333333333
3 0.2265625 0.8111111111111111 0.030208333333333334 0.061111111111111116
3 0.14791666666666667 0.7657407407407407 0.016666666666666666 0.03333333333333333
3 0.409375 0.8300925925925926 0.016666666666666666 0.036111111111111115
3 0.33515625 0.44722222222222224 0.021354166666666667 0.02777777777777778
0 0.7255208333333333 0.061111111111111116 0.05625 0.09444444444444444
