3 0.9444444444444445 0.3098765432098765 0.058333333333333334 0.04197530864197531
3 0.6833333333333333 0.28888888888888886 0.025 0.03950617283950617
3 0.7847222222222222 0.40617283950617283 0.04166666666666667 0.06666666666666667
3 0.8333333333333334 0.8358024691358025 0.06666666666666667 0.09135802469135802
1 0.21666666666666667 0.23703703703703705 0.10555555555555556 0.16296296296296295
1 0.22013888888888888 0.0654320987654321 0.09027777777777778 0.12098765432098765
1 0.08125 0.32222222222222224 0.08750000000000001 0.0962962962962963
1 0.7312500000000001 0.0962962962962963 0.059722222222222225 0.09876543209876543
1 0.5458333333333334 0.24444444444444444 0.044444444444444446 0.08395061728395062
1 0.3513888888888889 0.41604938271604935 0.08888888888888889 0.15061728395061727
1 0.49583333333333335 0.5888888888888889 0.04722222222222222 0.08148148148148147
1 0.5888888888888889 0.9703703703703703 0.061111111111111116 0.06419753086419754
0 0.11805555555555557 0.18024691358024691 0.08333333333333334 0.1037037037037037
0 0.2652777777777778 0.33209876543209876 0.07222222222222223 0.10617283950617283
0 0.6083333333333334 0.04197530864197531 0.06666666666666667 0.07407407407407407
0 0.4340277777777778 0.3753086419753086 0.04027777777777778 0.04938271604938271
0 0.7069444444444445 0.4580246913580247 0.08611111111111111 0.10617283950617283
0 0.8506944444444445 0.5666666666666667 0.09305555555555556 0.0962962962962963
0 0.7506944444444444 0.5641975308641975 0.09583333333333334 0.10617283950617283
0 0.5993055555555555 0.48518518518518516 0.07916666666666666 0.12098765432098765
0 0.011805555555555555 0.5555555555555556 0.020833333333333336 0.09382716049382715
0 0.2451388888888889 0.7296296296296296 0.09027777777777778 0.12098765432098765
0 0.3423611111111111 0.9703703703703703 0.07916666666666666 0.06419753086419754
