0 0.7104166666666667 0.1567901234567901 0.059722222222222225 0.08641975308641975
1 0.9305555555555556 0.03333333333333333 0.11111111111111112 0.06172839506172839
1 0.6229166666666667 0.18518518518518517 0.08750000000000001 0.13333333333333333
1 0.4444444444444445 0.08024691358024691 0.04722222222222222 0.08641975308641975
0 0.3375 0.1962962962962963 0.022222222222222223 0.10617283950617283
0 0.3784722222222222 0.24074074074074073 0.04861111111111111 0.08641975308641975
0 0.5638888888888889 0.09012345679012346 0.058333333333333334 0.0962962962962963
0 0.9423611111111111 0.26666666666666666 0.11805555555555557 0.16296296296296295
1 0.6243055555555556 0.8308641975308642 0.02638888888888889 0.06666666666666667
0 0.513888888888889 0.43333333333333335 0.06666666666666667 0.1259259259259259
0 0.65 0.47530864197530864 0.075 0.11604938271604938
0 0.5631944444444444 0.7049382716049383 0.0625 0.1308641975308642
0 0.6625 0.9753086419753086 0.06666666666666667 0.05432098765432099
0 0.5916666666666667 0.9506172839506173 0.06944444444444445 0.1037037037037037
1 0.7736111111111111 0.38395061728395063 0.06944444444444445 0.07654320987654321
1 0.8680555555555556 0.8975308641975308 0.1638888888888889 0.20987654320987653
1 0.3416666666666667 0.9666666666666667 0.08333333333333334 0.07160493827160494
