1 0.5997395833333333 0.8282407407407407 0.10572916666666667 0.20277777777777778
1 0.7541666666666667 0.9208333333333334 0.07395833333333333 0.16018518518518518
1 0.8596354166666667 0.8981481481481481 0.0921875 0.13148148148148148
1 0.8942708333333333 0.725925925925926 0.046875 0.13333333333333333
1 0.9276041666666667 0.575462962962963 0.14583333333333334 0.1564814814814815
1 0.8677083333333333 0.4486111111111111 0.1125 0.18611111111111112
1 0.7765625 0.5625 0.109375 0.18611111111111112
1 0.7682291666666666 0.3814814814814815 0.08645833333333333 0.14814814814814814
1 0.8216145833333334 0.21944444444444444 0.06822916666666666 0.15
1 0.7296875 0.2601851851851852 0.08958333333333333 0.1425925925925926
1 0.46041666666666664 0.8731481481481482 0.09375 0.1851851851851852
1 0.5080729166666667 0.7416666666666667 0.0859375 0.14444444444444446
1 0.48385416666666664 0.625925925925926 0.084375 0.13703703703703704
1 0.36302083333333335 0.5375 0.09166666666666666 0.13611111111111113
1 0.3145833333333333 0.6236111111111111 0.059375 0.0787037037037037
1 0.221875 0.875925925925926 0.08645833333333333 0.15925925925925927
1 0.1734375 0.563425925925926 0.08854166666666667 0.11203703703703705
1 0.21640625 0.39212962962962966 0.06510416666666667 0.13425925925925927
1 0.4380208333333333 0.36064814814814816 0.08541666666666667 0.1175925925925926
1 0.5145833333333333 0.34120370370370373 0.0875 0.10648148148148148
1 0.62421875 0.18935185185185185 0.04739583333333333 0.0638888888888889
1 0.0671875 0.29814814814814816 0.058333333333333334 0.10740740740740741
1 0.6395833333333333 0.5833333333333334 0.0625 0.10925925925925926
1 0.6666666666666666 0.3421296296296296 0.06458333333333333 0.13055555555555556
2 0.91953125 0.2569444444444445 0.1296875 0.1287037037037037
0 0.36822916666666666 0.9194444444444445 0.05625 0.1388888888888889
0 0.3536458333333333 0.7703703703703704 0.057291666666666664 0.09814814814814815
0 0.2916666666666667 0.7087962962962964 0.046875 0.0712962962962963
0 0.21223958333333334 0.6717592592592593 0.058854166666666666 0.10648148148148148
0 0.6088541666666667 0.513425925925926 0.08125 0.11574074074074074
0 0.6859375 0.45462962962962966 0.07604166666666666 0.14814814814814814
0 0.5973958333333333 0.38842592592592595 0.0625 0.11203703703703705
0 0.5471354166666667 0.08796296296296297 0.07447916666666667 0.1
0 0.4927083333333333 0.17500000000000002 0.057291666666666664 0.0962962962962963
0 0.41953124999999997 0.25787037037037036 0.0703125 0.12685185185185185
0 0.3703125 0.1125 0.0625 0.125
0 0.31328125 0.2490740740740741 0.06822916666666666 0.11666666666666667
0 0.25677083333333334 0.12962962962962962 0.08229166666666667 0.14074074074074075
1 0.47760416666666666 0.08518518518518518 0.06875 0.07777777777777778
1 0.03697916666666667 0.4986111111111111 0.058333333333333334 0.10277777777777779
1 0.11953124999999999 0.34444444444444444 0.050520833333333334 0.12592592592592594
1 0.18619791666666666 0.2212962962962963 0.0515625 0.13148148148148148
1 0.10807291666666667 0.7986111111111112 0.09427083333333333 0.10277777777777779
1 0.4322916666666667 0.7194444444444444 0.06041666666666667 0.12592592592592594
