0 0.9381944444444444 0.554320987654321 0.09583333333333334 0.10123456790123457
0 0.3909722222222222 0.23950617283950618 0.03194444444444445 0.0691358024691358
0 0.7722222222222223 0.3530864197530864 0.04722222222222222 0.07901234567901234
0 0.4847222222222222 0.08888888888888889 0.025 0.044444444444444446
1 0.40069444444444446 0.04814814814814815 0.043055555555555555 0.03209876543209877
1 0.4083333333333333 0.17777777777777778 0.036111111111111115 0.04938271604938271
1 0.9305555555555556 0.2074074074074074 0.06944444444444445 0.03950617283950617
1 0.8534722222222223 0.2654320987654321 0.05694444444444444 0.07160493827160494
1 0.7826388888888889 0.2617283950617284 0.06527777777777778 0.05925925925925926
1 0.9187500000000001 0.3234567901234568 0.06805555555555556 0.04938271604938271
1 0.85 0.3493827160493827 0.08888888888888889 0.09135802469135802
1 0.7715277777777778 0.42839506172839503 0.06527777777777778 0.09135802469135802
1 0.18472222222222223 0.44320987654320987 0.036111111111111115 0.06172839506172839
1 0.2263888888888889 0.5160493827160494 0.03333333333333333 0.044444444444444446
1 0.31527777777777777 0.6567901234567901 0.0638888888888889 0.08888888888888889
1 0.5673611111111111 0.5481481481481482 0.059722222222222225 0.12345679012345678
1 0.40208333333333335 0.8888888888888888 0.051388888888888894 0.10864197530864197
