1 0.49236111111111114 0.27901234567901234 0.07361111111111111 0.13333333333333333
0 0.5083333333333333 0.18024691358024691 0.05277777777777778 0.09382716049382715
0 0.47361111111111115 0.04567901234567901 0.06666666666666667 0.08641975308641975
0 0.24930555555555556 0.671604938271605 0.12361111111111112 0.1580246913580247
3 0.5486111111111112 0.5432098765432098 0.025 0.03950617283950617
3 0.3055555555555556 0.5506172839506173 0.030555555555555558 0.05925925925925926
3 0.26875 0.5790123456790124 0.029166666666666667 0.06172839506172839
3 0.7055555555555556 0.7209876543209877 0.030555555555555558 0.03950617283950617
3 0.7173611111111111 0.8580246913580247 0.020833333333333336 0.037037037037037035
3 0.6645833333333333 0.8703703703703703 0.03194444444444445 0.05185185185185185
3 0.6222222222222222 0.8753086419753087 0.03333333333333333 0.03209876543209877
0 0.6583333333333333 0.6395061728395062 0.06666666666666667 0.09382716049382715
0 0.8125 0.6864197530864198 0.09166666666666667 0.08888888888888889
0 0.9736111111111111 0.7617283950617284 0.05555555555555556 0.0962962962962963
1 0.8451388888888889 0.6308641975308642 0.10694444444444445 0.12098765432098765
1 0.9347222222222222 0.6555555555555556 0.08611111111111111 0.10617283950617283
1 0.4222222222222222 0.6469135802469136 0.08611111111111111 0.14320987654320988
1 0.5305555555555556 0.7765432098765432 0.07222222222222223 0.1259259259259259
1 0.22847222222222224 0.9444444444444444 0.08472222222222223 0.10617283950617283
