0 0.5434895833333333 0.4199074074074074 0.08697916666666666 0.14351851851851852
0 0.5807291666666666 0.5532407407407408 0.08854166666666667 0.13425925925925927
0 0.54765625 0.7388888888888889 0.0859375 0.1685185185185185
0 0.40729166666666666 0.9300925925925926 0.08541666666666667 0.14166666666666666
0 0.6614583333333334 0.9435185185185185 0.08541666666666667 0.11481481481481481
0 0.5703125 0.9083333333333333 0.11458333333333333 0.1851851851851852
0 0.7028645833333333 0.6615740740740741 0.08072916666666667 0.13055555555555556
0 0.53671875 0.058333333333333334 0.08697916666666666 0.10555555555555556
1 0.33828125 0.8527777777777779 0.12239583333333333 0.22037037037037038
1 0.4315104166666667 0.07453703703703704 0.07864583333333333 0.14722222222222223
3 0.48593749999999997 0.4527777777777778 0.022916666666666665 0.05740740740740741
3 0.4395833333333333 0.48842592592592593 0.019791666666666666 0.04351851851851852
3 0.23880208333333333 0.17083333333333334 0.0328125 0.05092592592592593
3 0.22317708333333333 0.09212962962962963 0.033854166666666664 0.04722222222222222
