3 0.21041666666666667 0.545679012345679 0.04583333333333334 0.0691358024691358
3 0.2625 0.28641975308641976 0.04166666666666667 0.05432098765432099
3 0.6923611111111111 0.3432098765432099 0.04861111111111111 0.05925925925925926
3 0.4965277777777778 0.9703703703703703 0.051388888888888894 0.06419753086419754
3 0.7993055555555556 0.9740740740740741 0.04861111111111111 0.056790123456790124
0 0.17291666666666666 0.3962962962962963 0.029166666666666667 0.07654320987654321
0 0.4 0.5061728395061729 0.03888888888888889 0.0691358024691358
0 0.5125000000000001 0.35432098765432096 0.036111111111111115 0.046913580246913576
0 0.9701388888888889 0.3358024691358025 0.0625 0.08395061728395062
0 0.7451388888888889 0.817283950617284 0.07361111111111111 0.12345679012345678
2 0.4166666666666667 0.837037037037037 0.13055555555555556 0.21234567901234566
2 0.14444444444444446 0.8037037037037037 0.20555555555555557 0.12098765432098765
2 0.5055555555555555 0.45555555555555555 0.08611111111111111 0.09135802469135802
