1 0.9555555555555556 0.22839506172839505 0.09166666666666667 0.145679012345679
3 0.9277777777777778 0.8765432098765432 0.14722222222222223 0.2518518518518518
2 0.9333333333333333 0.5567901234567901 0.11944444444444445 0.18518518518518517
0 0.8652777777777778 0.2679012345679012 0.08888888888888889 0.10617283950617283
3 0.9048611111111111 0.3765432098765432 0.12638888888888888 0.16049382716049382
3 0.85 0.5469135802469136 0.12222222222222223 0.18024691358024691
3 0.7881944444444444 0.45555555555555555 0.09027777777777778 0.13580246913580246
3 0.7458333333333333 0.49876543209876545 0.061111111111111116 0.14814814814814814
2 0.6902777777777778 0.3888888888888889 0.1277777777777778 0.13580246913580246
1 0.7673611111111112 0.2716049382716049 0.12361111111111112 0.15308641975308643
3 0.6895833333333333 0.28888888888888886 0.07083333333333333 0.10864197530864197
3 0.6430555555555556 0.22592592592592592 0.10277777777777779 0.1654320987654321
3 0.5819444444444445 0.16296296296296295 0.05555555555555556 0.08888888888888889
0 0.6881944444444444 0.5111111111111111 0.10416666666666667 0.1728395061728395
0 0.6097222222222223 0.45925925925925926 0.09166666666666667 0.1728395061728395
0 0.5777777777777778 0.3876543209876543 0.07777777777777778 0.12345679012345678
3 0.5756944444444445 0.30123456790123454 0.07083333333333333 0.08888888888888889
2 0.5236111111111111 0.26666666666666666 0.07222222222222223 0.0691358024691358
3 0.5166666666666667 0.3469135802469136 0.06944444444444445 0.10123456790123457
3 0.5118055555555556 0.45555555555555555 0.08750000000000001 0.13580246913580246
3 0.4652777777777778 0.5432098765432098 0.06666666666666667 0.17777777777777778
1 0.8048611111111111 0.7061728395061728 0.22083333333333335 0.30123456790123454
2 0.6805555555555556 0.7518518518518519 0.21666666666666667 0.30864197530864196
2 0.5798611111111112 0.6950617283950618 0.13472222222222222 0.22469135802469134
2 0.5298611111111111 0.7839506172839505 0.16527777777777777 0.17530864197530863
3 0.6347222222222223 0.9074074074074074 0.10555555555555556 0.19012345679012346
0 0.5402777777777777 0.8950617283950617 0.1 0.21481481481481482
0 0.3715277777777778 0.7037037037037037 0.09861111111111112 0.1728395061728395
2 0.23194444444444445 0.8592592592592593 0.1638888888888889 0.1925925925925926
2 0.19791666666666669 0.5851851851851851 0.12638888888888888 0.2074074074074074
2 0.14027777777777778 0.7024691358024692 0.09722222222222222 0.18518518518518517
3 0.21875 0.6617283950617284 0.10694444444444445 0.13333333333333333
2 0.2743055555555556 0.5382716049382716 0.1875 0.13333333333333333
2 0.42430555555555555 0.4962962962962963 0.09583333333333334 0.2271604938271605
2 0.3541666666666667 0.42592592592592593 0.11388888888888889 0.10123456790123457
2 0.35208333333333336 0.3197530864197531 0.07916666666666666 0.07654320987654321
0 0.44375000000000003 0.32839506172839505 0.08194444444444444 0.11851851851851852
0 0.5180555555555556 0.16790123456790124 0.06944444444444445 0.11358024691358025
3 0.4951388888888889 0.10617283950617283 0.0625 0.06419753086419754
2 0.4798611111111111 0.07037037037037037 0.059722222222222225 0.07654320987654321
3 0.45069444444444445 0.04074074074074074 0.06527777777777778 0.07654320987654321
3 0.4118055555555556 0.10864197530864197 0.0625 0.08395061728395062
3 0.3513888888888889 0.12222222222222222 0.061111111111111116 0.1111111111111111
2 0.42986111111111114 0.20987654320987653 0.09861111111111112 0.11358024691358025
3 0.3111111111111111 0.23703703703703705 0.07222222222222223 0.07407407407407407
2 0.2611111111111111 0.2037037037037037 0.09722222222222222 0.08148148148148147
2 0.27708333333333335 0.3 0.07083333333333333 0.0962962962962963
2 0.24166666666666667 0.3358024691358025 0.04166666666666667 0.16296296296296295
3 0.19652777777777777 0.3 0.09305555555555556 0.1259259259259259
