3 0.5888888888888889 0.05925925925925926 0.09444444444444444 0.11358024691358025
2 0.6708333333333334 0.09135802469135802 0.125 0.11358024691358025
2 0.7229166666666667 0.06666666666666667 0.11527777777777778 0.12839506172839507
3 0.4395833333333333 0.07901234567901234 0.10138888888888889 0.15308641975308643
3 0.33611111111111114 0.09999999999999999 0.13611111111111113 0.19506172839506172
2 0.3375 0.7049382716049383 0.3611111111111111 0.5950617283950617
3 0.6631944444444444 0.18395061728395062 0.14027777777777778 0.11604938271604938
0 0.5465277777777778 0.23333333333333334 0.16527777777777777 0.24444444444444444
0 0.6229166666666667 0.3654320987654321 0.1375 0.1925925925925926
0 0.725 0.2962962962962963 0.12222222222222223 0.20246913580246914
0 0.44583333333333336 0.5654320987654321 0.19166666666666668 0.3259259259259259
0 0.7111111111111111 0.8024691358024691 0.2638888888888889 0.39999999999999997
2 0.5645833333333333 0.6506172839506172 0.13194444444444445 0.38271604938271603
2 0.7298611111111112 0.5851851851851851 0.22916666666666669 0.3111111111111111
2 0.788888888888889 0.3691358024691358 0.18888888888888888 0.2740740740740741
0 0.8493055555555555 0.5753086419753086 0.1513888888888889 0.2518518518518518
0 0.8965277777777778 0.3074074074074074 0.07916666666666666 0.15061728395061727
2 0.9319444444444445 0.47530864197530864 0.1388888888888889 0.22469135802469134
0 0.9770833333333334 0.6358024691358024 0.04861111111111111 0.18024691358024691
0 0.9666666666666667 0.8333333333333334 0.06944444444444445 0.24444444444444444
