1 0.24305555555555555 0.4419753086419753 0.044444444444444446 0.0691358024691358
1 0.8805555555555555 0.7604938271604939 0.14444444444444446 0.2716049382716049
1 0.5583333333333333 0.8641975308641975 0.08333333333333334 0.14320987654320988
1 0.59375 0.6382716049382716 0.05694444444444444 0.08641975308641975
1 0.44930555555555557 0.8049382716049382 0.0763888888888889 0.09382716049382715
1 0.34444444444444444 0.9432098765432099 0.09444444444444444 0.11851851851851852
1 0.26666666666666666 0.6962962962962963 0.07777777777777778 0.10864197530864197
1 0.15416666666666667 0.745679012345679 0.08888888888888889 0.12345679012345678
0 0.09444444444444444 0.4037037037037037 0.08333333333333334 0.12098765432098765
0 0.13055555555555556 0.13333333333333333 0.05277777777777778 0.07901234567901234
0 0.6944444444444444 0.1308641975308642 0.1 0.1728395061728395
0 0.8361111111111111 0.17037037037037037 0.11111111111111112 0.1728395061728395
2 0.7854166666666667 0.5790123456790124 0.0763888888888889 0.07160493827160494
2 0.225 0.34444444444444444 0.08333333333333334 0.09135802469135802
0 0.28611111111111115 0.08024691358024691 0.061111111111111116 0.10617283950617283
0 0.36180555555555555 0.15185185185185185 0.0625 0.1111111111111111
