0 0.33263888888888893 0.8407407407407407 0.28194444444444444 0.3234567901234568
0 0.04930555555555556 0.19506172839506172 0.09583333333333334 0.20246913580246914
3 0.09444444444444444 0.2654320987654321 0.14166666666666666 0.15555555555555556
2 0.08263888888888889 0.4382716049382716 0.1625 0.29876543209876544
2 0.05694444444444444 0.6222222222222222 0.11111111111111112 0.12345679012345678
2 0.07013888888888889 0.7530864197530864 0.1375 0.16790123456790124
2 0.15347222222222223 0.12962962962962962 0.12361111111111112 0.20493827160493827
2 0.23750000000000002 0.3765432098765432 0.10555555555555556 0.4074074074074074
0 0.3298611111111111 0.06666666666666667 0.1375 0.12839506172839507
1 0.3479166666666667 0.2419753086419753 0.19861111111111113 0.2419753086419753
3 0.3590277777777778 0.4271604938271605 0.17916666666666667 0.19753086419753085
3 0.3548611111111111 0.6358024691358024 0.18472222222222223 0.27901234567901234
0 0.5576388888888889 0.2641975308641975 0.1763888888888889 0.24691358024691357
2 0.5326388888888889 0.16419753086419753 0.20416666666666666 0.15555555555555556
3 0.3993055555555556 0.07037037037037037 0.10416666666666667 0.1259259259259259
3 0.47500000000000003 0.0654320987654321 0.09722222222222222 0.09135802469135802
3 0.46944444444444444 0.09999999999999999 0.10277777777777779 0.07160493827160494
3 0.6159722222222223 0.06790123456790123 0.1375 0.1308641975308642
0 0.6777777777777778 0.03209876543209877 0.05 0.05925925925925926
3 0.5805555555555556 0.38641975308641974 0.11111111111111112 0.10617283950617283
3 0.4965277777777778 0.5432098765432098 0.14583333333333334 0.2814814814814815
3 0.5729166666666667 0.791358024691358 0.22083333333333335 0.3530864197530864
2 0.6493055555555556 0.9567901234567902 0.19861111111111113 0.09135802469135802
3 0.6180555555555556 0.5333333333333333 0.125 0.23209876543209876
3 0.7090277777777778 0.6765432098765432 0.16527777777777777 0.3802469135802469
3 0.7444444444444445 0.3382716049382716 0.18611111111111112 0.2617283950617284
2 0.8215277777777779 0.7259259259259259 0.2986111111111111 0.39999999999999997
3 0.8125 0.5012345679012346 0.10833333333333334 0.1037037037037037
3 0.8770833333333333 0.865432098765432 0.19861111111111113 0.2740740740740741
0 0.9520833333333334 0.7333333333333333 0.09583333333333334 0.42962962962962964
3 0.9159722222222223 0.5061728395061729 0.17083333333333334 0.1925925925925926
0 0.9180555555555556 0.3654320987654321 0.16666666666666669 0.24691358024691357
0 0.8805555555555555 0.1271604938271605 0.17777777777777778 0.21975308641975308
1 0.7944444444444445 0.05432098765432099 0.14166666666666666 0.1037037037037037
