2 0.04513888888888889 0.891358024691358 0.08750000000000001 0.1037037037037037
0 0.10138888888888889 0.7320987654320987 0.16944444444444445 0.21481481481481482
3 0.4277777777777778 0.8111111111111111 0.14722222222222223 0.24444444444444444
3 0.30069444444444443 0.8530864197530864 0.09027777777777778 0.20987654320987653
3 0.20347222222222222 0.9555555555555555 0.12083333333333333 0.08888888888888889
3 0.13611111111111113 0.9049382716049382 0.11666666666666667 0.19506172839506172
3 0.0638888888888889 0.8024691358024691 0.08333333333333334 0.07407407407407407
3 0.3354166666666667 0.6753086419753086 0.09027777777777778 0.1654320987654321
3 0.05 0.5358024691358024 0.09722222222222222 0.16296296296296295
2 0.33333333333333337 0.5185185185185185 0.10555555555555556 0.16296296296296295
2 0.2513888888888889 0.5234567901234568 0.08333333333333334 0.18271604938271604
0 0.1763888888888889 0.5790123456790124 0.10555555555555556 0.17530864197530863
0 0.14097222222222222 0.4407407407407407 0.08750000000000001 0.145679012345679
0 0.20902777777777778 0.4506172839506173 0.07916666666666666 0.1308641975308642
0 0.225 0.3111111111111111 0.09166666666666667 0.15308641975308643
2 0.5854166666666667 0.7074074074074074 0.08194444444444444 0.3234567901234568
0 0.4965277777777778 0.4839506172839506 0.12361111111111112 0.1925925925925926
3 0.4861111111111111 0.5814814814814815 0.11666666666666667 0.10123456790123457
3 0.4173611111111111 0.391358024691358 0.051388888888888894 0.1308641975308642
2 0.3875 0.45925925925925926 0.08333333333333334 0.16790123456790124
2 0.3784722222222222 0.32222222222222224 0.08194444444444444 0.10123456790123457
0 0.46319444444444446 0.3172839506172839 0.06527777777777778 0.15061728395061727
0 0.5048611111111111 0.2654320987654321 0.06527777777777778 0.12098765432098765
2 0.70625 0.4679012345679012 0.1902777777777778 0.17037037037037037
2 0.7604166666666667 0.40617283950617283 0.14027777777777778 0.1111111111111111
0 0.5506944444444445 0.37160493827160496 0.09861111111111112 0.15555555555555556
0 0.7166666666666667 0.34814814814814815 0.08611111111111111 0.14320987654320988
0 0.7902777777777779 0.24567901234567902 0.1 0.145679012345679
0 0.63125 0.30123456790123454 0.06805555555555556 0.15308641975308643
0 0.6868055555555556 0.22592592592592592 0.0763888888888889 0.1308641975308642
0 0.7166666666666667 0.1580246913580247 0.07777777777777778 0.16296296296296295
0 0.8784722222222222 0.1308641975308642 0.10416666666666667 0.14814814814814814
1 0.9263888888888889 0.09876543209876543 0.11111111111111112 0.12839506172839507
3 0.6576388888888889 0.16790123456790124 0.059722222222222225 0.11851851851851852
3 0.6888888888888889 0.08271604938271605 0.08333333333333334 0.09135802469135802
3 0.5993055555555555 0.06172839506172839 0.09027777777777778 0.08395061728395062
3 0.5368055555555555 0.05802469135802469 0.07083333333333333 0.07654320987654321
3 0.4256944444444445 0.20987654320987653 0.08750000000000001 0.08395061728395062
2 0.38958333333333334 0.09012345679012346 0.13472222222222222 0.08641975308641975
0 0.5819444444444445 0.1765432098765432 0.08888888888888889 0.17530864197530863
2 0.5159722222222223 0.1567901234567901 0.07083333333333333 0.0962962962962963
0 0.4881944444444445 0.037037037037037035 0.08194444444444444 0.0691358024691358
