1 0.732638888888889 0.6395061728395062 0.0375 0.07407407407407407
1 0.6548611111111111 0.7839506172839505 0.043055555555555555 0.056790123456790124
1 0.22708333333333333 0.8444444444444444 0.059722222222222225 0.09382716049382715
1 0.5541666666666667 0.8753086419753087 0.08055555555555556 0.10123456790123457
0 0.5631944444444444 0.7209876543209877 0.06805555555555556 0.12345679012345678
0 0.5270833333333333 0.6518518518518518 0.051388888888888894 0.07901234567901234
0 0.47708333333333336 0.6790123456790124 0.051388888888888894 0.08888888888888889
0 0.2826388888888889 0.7160493827160493 0.043055555555555555 0.05925925925925926
0 0.45625000000000004 0.5654320987654321 0.029166666666666667 0.03950617283950617
0 0.4215277777777778 0.5901234567901235 0.034722222222222224 0.044444444444444446
0 0.38472222222222224 0.6259259259259259 0.036111111111111115 0.04197530864197531
1 0.6541666666666667 0.5728395061728395 0.036111111111111115 0.04938271604938271
0 0.6777777777777778 0.43950617283950616 0.03333333333333333 0.03950617283950617
0 0.8597222222222223 0.46172839506172836 0.044444444444444446 0.05432098765432099
0 0.9194444444444445 0.4222222222222222 0.04166666666666667 0.04938271604938271
