1 0.19305555555555556 0.8864197530864197 0.08611111111111111 0.10864197530864197
0 0.32430555555555557 0.3308641975308642 0.07083333333333333 0.09382716049382715
0 0.47500000000000003 0.5148148148148148 0.06944444444444445 0.12098765432098765
0 0.4791666666666667 0.6864197530864198 0.06944444444444445 0.13333333333333333
0 0.5472222222222223 0.6432098765432098 0.0638888888888889 0.1111111111111111
0 0.6930555555555555 0.7641975308641975 0.09166666666666667 0.1654320987654321
0 0.4534722222222222 0.8827160493827161 0.10138888888888889 0.15555555555555556
0 0.36041666666666666 0.9518518518518518 0.09861111111111112 0.10123456790123457
0 0.35000000000000003 0.8358024691358025 0.08611111111111111 0.14074074074074075
0 0.2569444444444445 0.8024691358024691 0.08888888888888889 0.16296296296296295
0 0.14166666666666666 0.7320987654320987 0.10555555555555556 0.1654320987654321
