0 0.7402777777777778 0.29506172839506173 0.04722222222222222 0.07160493827160494
0 0.5416666666666667 0.34074074074074073 0.04722222222222222 0.09382716049382715
0 0.4375 0.47160493827160493 0.04166666666666667 0.08395061728395062
0 0.31875000000000003 0.40617283950617283 0.04861111111111111 0.07160493827160494
0 0.36388888888888893 0.35555555555555557 0.044444444444444446 0.06419753086419754
0 0.3666666666666667 0.5753086419753086 0.05555555555555556 0.11358024691358025
0 0.6423611111111112 0.4493827160493827 0.051388888888888894 0.09382716049382715
0 0.6798611111111111 0.6395061728395062 0.06527777777777778 0.10864197530864197
0 0.9791666666666667 0.6901234567901234 0.044444444444444446 0.09135802469135802
1 0.5402777777777777 0.9679012345679012 0.07222222222222223 0.0691358024691358
1 0.4701388888888889 0.9234567901234567 0.07916666666666666 0.12839506172839507
1 0.6048611111111112 0.7728395061728395 0.05416666666666667 0.08888888888888889
1 0.8326388888888889 0.5160493827160494 0.0625 0.08888888888888889
1 0.7826388888888889 0.4530864197530864 0.05694444444444444 0.08148148148148147
