0 0.11180555555555556 0.30493827160493825 0.09027777777777778 0.1259259259259259
0 0.21736111111111112 0.30617283950617286 0.07083333333333333 0.12345679012345678
0 0.4256944444444445 0.6728395061728395 0.05416666666666667 0.10617283950617283
2 0.08680555555555555 0.4419753086419753 0.13194444444444445 0.11851851851851852
2 0.41875 0.5765432098765432 0.09027777777777778 0.10617283950617283
2 0.44097222222222227 0.6444444444444445 0.06527777777777778 0.09876543209876543
2 0.47708333333333336 0.5703703703703703 0.0375 0.1382716049382716
2 0.5194444444444445 0.5111111111111111 0.06666666666666667 0.08888888888888889
0 0.46805555555555556 0.9098765432098765 0.09722222222222222 0.18518518518518517
0 0.05902777777777778 0.8555555555555555 0.11527777777777778 0.24938271604938272
