0 0.7375 0.12839506172839507 0.03333333333333333 0.05925925925925926
0 0.6826388888888889 0.3135802469135802 0.0375 0.0691358024691358
0 0.6013888888888889 0.25555555555555554 0.03333333333333333 0.06172839506172839
1 0.7777777777777778 0.7 0.05 0.07160493827160494
1 0.5875 0.8814814814814814 0.05 0.0691358024691358
1 0.46805555555555556 0.9333333333333333 0.05555555555555556 0.07901234567901234
0 0.7375 0.5518518518518518 0.036111111111111115 0.056790123456790124
0 0.5750000000000001 0.5753086419753086 0.03888888888888889 0.0691358024691358
0 0.5729166666666667 0.7901234567901234 0.034722222222222224 0.0691358024691358
0 0.38680555555555557 0.545679012345679 0.0375 0.05432098765432099
0 0.4305555555555556 0.5259259259259259 0.04166666666666667 0.05925925925925926
0 0.4798611111111111 0.6308641975308642 0.034722222222222224 0.07160493827160494
0 0.4166666666666667 0.6753086419753086 0.04722222222222222 0.07160493827160494
0 0.6416666666666667 0.6395061728395062 0.044444444444444446 0.07407407407407407
0 0.65 0.7567901234567901 0.04166666666666667 0.08148148148148147
0 0.9847222222222223 0.6790123456790124 0.03333333333333333 0.09382716049382715
0 0.8770833333333333 0.7999999999999999 0.06527777777777778 0.08395061728395062
0 0.93125 0.8950617283950617 0.10138888888888889 0.1308641975308642
0 0.09791666666666667 0.4049382716049383 0.0763888888888889 0.09876543209876543
