2 0.29930555555555555 0.7234567901234568 0.0625 0.2617283950617284
0 0.33472222222222225 0.7135802469135802 0.09166666666666667 0.16296296296296295
2 0.3506944444444445 0.8407407407407407 0.07916666666666666 0.3234567901234568
2 0.4138888888888889 0.7308641975308642 0.08888888888888889 0.11358024691358025
2 0.43125 0.8691358024691358 0.06805555555555556 0.26666666666666666
0 0.5055555555555555 0.8012345679012346 0.1 0.21975308641975308
2 0.48055555555555557 0.6123456790123457 0.09166666666666667 0.12839506172839507
2 0.5840277777777778 0.6024691358024691 0.1625 0.1925925925925926
0 0.4076388888888889 0.5580246913580247 0.08750000000000001 0.16296296296296295
2 0.33611111111111114 0.45925925925925926 0.05555555555555556 0.2222222222222222
2 0.3159722222222222 0.3308641975308642 0.04861111111111111 0.1876543209876543
2 0.38819444444444445 0.12098765432098765 0.07916666666666666 0.16790123456790124
2 0.4527777777777778 0.4382716049382716 0.08055555555555556 0.11604938271604938
2 0.5097222222222222 0.43333333333333335 0.11388888888888889 0.21481481481481482
2 0.41944444444444445 0.30617283950617286 0.10833333333333334 0.17777777777777778
2 0.44027777777777777 0.21234567901234566 0.061111111111111116 0.19753086419753085
2 0.6145833333333334 0.43333333333333335 0.12638888888888888 0.2740740740740741
0 0.5847222222222223 0.40987654320987654 0.07777777777777778 0.1382716049382716
0 0.5118055555555556 0.3271604938271605 0.08472222222222223 0.14074074074074075
2 0.5437500000000001 0.12098765432098765 0.12916666666666668 0.1925925925925926
0 0.5854166666666667 0.2679012345679012 0.08750000000000001 0.145679012345679
0 0.64375 0.1271604938271605 0.0763888888888889 0.1654320987654321
0 0.53125 0.08395061728395062 0.07083333333333333 0.1037037037037037
2 0.6284722222222222 0.8419753086419753 0.19583333333333333 0.32098765432098764
2 0.545138888888889 0.9123456790123456 0.10694444444444445 0.18024691358024691
2 0.6166666666666667 0.9518518518518518 0.09722222222222222 0.10123456790123457
2 0.7444444444444445 0.7987654320987654 0.11666666666666667 0.37777777777777777
0 0.6784722222222223 0.7617283950617284 0.10694444444444445 0.19506172839506172
0 0.6965277777777779 0.5938271604938271 0.09861111111111112 0.17037037037037037
0 0.7416666666666667 0.10864197530864197 0.10277777777777779 0.1728395061728395
0 0.7486111111111111 0.2580246913580247 0.11666666666666667 0.15555555555555556
0 0.7722222222222223 0.49753086419753084 0.11111111111111112 0.1654320987654321
2 0.7479166666666667 0.3790123456790123 0.17916666666666667 0.17037037037037037
2 0.8319444444444445 0.17901234567901234 0.15 0.17037037037037037
2 0.8430555555555556 0.07530864197530864 0.11111111111111112 0.11604938271604938
