2 0.06597222222222222 0.2814814814814815 0.07083333333333333 0.09876543209876543
0 0.09097222222222223 0.5234567901234568 0.08194444444444444 0.14814814814814814
0 0.2625 0.6 0.044444444444444446 0.08888888888888889
2 0.35208333333333336 0.8629629629629629 0.12361111111111112 0.145679012345679
0 0.5340277777777778 0.9061728395061728 0.07916666666666666 0.14320987654320988
0 0.5548611111111111 0.7493827160493827 0.059722222222222225 0.13580246913580246
0 0.7534722222222222 0.5802469135802469 0.08194444444444444 0.12839506172839507
0 0.8597222222222223 0.6432098765432098 0.075 0.1308641975308642
0 0.8006944444444445 0.39999999999999997 0.051388888888888894 0.07407407407407407
0 0.6118055555555556 0.937037037037037 0.051388888888888894 0.1308641975308642
