0 0.3076388888888889 0.05185185185185185 0.06527777777777778 0.09876543209876543
2 0.6805555555555556 0.9160493827160494 0.09444444444444444 0.1382716049382716
0 0.8659722222222223 0.8111111111111111 0.0763888888888889 0.12098765432098765
1 0.07083333333333333 0.6592592592592592 0.10555555555555556 0.1580246913580247
1 0.3965277777777778 0.35555555555555557 0.09027777777777778 0.15308641975308643
1 0.7458333333333333 0.737037037037037 0.07777777777777778 0.1308641975308642
1 0.63125 0.7518518518518519 0.09305555555555556 0.145679012345679
1 0.6784722222222223 0.6925925925925925 0.09027777777777778 0.14074074074074075
1 0.5368055555555555 0.6901234567901234 0.08472222222222223 0.09135802469135802
1 0.45833333333333337 0.6370370370370371 0.08055555555555556 0.12839506172839507
1 0.46944444444444444 0.5493827160493827 0.05555555555555556 0.07654320987654321
1 0.4965277777777778 0.8111111111111111 0.07083333333333333 0.1308641975308642
1 0.125 0.7901234567901234 0.09166666666666667 0.08395061728395062
1 0.3 0.6037037037037037 0.08611111111111111 0.13580246913580246
1 0.29583333333333334 0.3987654320987654 0.125 0.19506172839506172
