2 0.35694444444444445 0.674074074074074 0.08611111111111111 0.2419753086419753
2 0.5097222222222222 0.46543209876543207 0.14444444444444446 0.15555555555555556
3 0.7333333333333334 0.42839506172839503 0.058333333333333334 0.10617283950617283
2 0.5590277777777778 0.08395061728395062 0.07361111111111111 0.16296296296296295
2 0.5006944444444444 0.037037037037037035 0.06805555555555556 0.0691358024691358
2 0.17847222222222223 0.7209876543209877 0.06527777777777778 0.17777777777777778
2 0.2465277777777778 0.7419753086419753 0.04861111111111111 0.17530864197530863
2 0.2625 0.9617283950617284 0.15833333333333333 0.08148148148148147
2 0.3680555555555556 0.8222222222222222 0.19444444444444445 0.2962962962962963
2 0.3819444444444445 0.9074074074074074 0.11944444444444445 0.1308641975308642
0 0.5236111111111111 0.9629629629629629 0.09444444444444444 0.07407407407407407
0 0.4416666666666667 0.9703703703703703 0.09444444444444444 0.06419753086419754
0 0.48125 0.8271604938271605 0.12083333333333333 0.23703703703703705
0 0.6027777777777777 0.8691358024691358 0.11944444444444445 0.21234567901234566
3 0.6951388888888889 0.9407407407407408 0.14027777777777778 0.12345679012345678
2 0.6027777777777777 0.6469135802469136 0.13611111111111113 0.36049382716049383
0 0.5590277777777778 0.6395061728395062 0.09305555555555556 0.1876543209876543
2 0.3576388888888889 0.5185185185185185 0.12916666666666668 0.16790123456790124
2 0.46458333333333335 0.5481481481481482 0.13194444444444445 0.19753086419753085
0 0.4305555555555556 0.5617283950617283 0.0638888888888889 0.11604938271604938
2 0.39722222222222225 0.32222222222222224 0.11111111111111112 0.21975308641975308
2 0.4715277777777778 0.2037037037037037 0.09583333333333334 0.21481481481481482
0 0.7069444444444445 0.5654320987654321 0.10277777777777779 0.1925925925925926
0 0.7291666666666667 0.7592592592592592 0.14722222222222223 0.2345679012345679
0 0.6159722222222223 0.4469135802469136 0.10138888888888889 0.1580246913580247
0 0.5090277777777777 0.37777777777777777 0.09305555555555556 0.1382716049382716
2 0.6395833333333334 0.3567901234567901 0.21805555555555556 0.17037037037037037
3 0.6826388888888889 0.2617283950617284 0.13194444444444445 0.1580246913580247
2 0.7972222222222223 0.30123456790123454 0.23055555555555557 0.1925925925925926
2 0.35625 0.25308641975308643 0.07083333333333333 0.13580246913580246
2 0.3277777777777778 0.11358024691358025 0.0638888888888889 0.12345679012345678
2 0.4451388888888889 0.0728395061728395 0.0763888888888889 0.14074074074074075
0 0.5604166666666667 0.19506172839506172 0.06527777777777778 0.11358024691358025
2 0.6326388888888889 0.12839506172839507 0.28750000000000003 0.1925925925925926
0 0.6590277777777778 0.05185185185185185 0.0625 0.09876543209876543
3 0.7513888888888889 0.03827160493827161 0.11388888888888889 0.07160493827160494
