1 0.6506944444444445 0.44320987654320987 0.09027777777777778 0.12098765432098765
0 0.8381944444444445 0.11851851851851852 0.12361111111111112 0.20246913580246914
0 0.6645833333333333 0.17037037037037037 0.12361111111111112 0.20246913580246914
0 0.49583333333333335 0.4012345679012346 0.10277777777777779 0.17530864197530863
0 0.7305555555555556 0.6160493827160494 0.09722222222222222 0.18518518518518517
0 0.5388888888888889 0.9493827160493827 0.11388888888888889 0.10617283950617283
0 0.513888888888889 0.7938271604938272 0.08611111111111111 0.15555555555555556
0 0.23611111111111113 0.5617283950617283 0.1277777777777778 0.20493827160493827
2 0.7312500000000001 0.9419753086419753 0.11527777777777778 0.12098765432098765
2 0.5506944444444445 0.6654320987654321 0.051388888888888894 0.13580246913580246
