1 0.6555555555555556 0.537037037037037 0.061111111111111116 0.08641975308641975
1 0.6326388888888889 0.6 0.04861111111111111 0.08888888888888889
1 0.8736111111111111 0.5296296296296297 0.05277777777777778 0.08148148148148147
1 0.9104166666666667 0.7345679012345678 0.06527777777777778 0.10617283950617283
1 0.9861111111111112 0.9271604938271605 0.030555555555555558 0.12098765432098765
1 0.5236111111111111 0.39012345679012345 0.03888888888888889 0.0691358024691358
1 0.6416666666666667 0.35061728395061725 0.058333333333333334 0.09876543209876543
1 0.8520833333333334 0.291358024691358 0.04861111111111111 0.08395061728395062
1 0.6256944444444444 0.24074074074074073 0.034722222222222224 0.046913580246913576
1 0.5166666666666667 0.2037037037037037 0.06666666666666667 0.08148148148148147
1 0.09791666666666667 0.4382716049382716 0.043055555555555555 0.07160493827160494
1 0.31666666666666665 0.13333333333333333 0.05277777777777778 0.08395061728395062
0 0.44236111111111115 0.39382716049382716 0.06805555555555556 0.1111111111111111
0 0.4395833333333333 0.07654320987654321 0.051388888888888894 0.09382716049382715
0 0.49722222222222223 0.07407407407407407 0.05555555555555556 0.1037037037037037
0 0.8069444444444445 0.027160493827160494 0.04166666666666667 0.04938271604938271
0 0.6875 0.053086419753086415 0.03888888888888889 0.08641975308641975
0 0.6958333333333334 0.4382716049382716 0.058333333333333334 0.08148148148148147
0 0.9631944444444445 0.5074074074074074 0.051388888888888894 0.0962962962962963
1 0.4118055555555556 0.2234567901234568 0.04861111111111111 0.06666666666666667
