1 0.8881944444444445 0.6283950617283951 0.06805555555555556 0.08641975308641975
1 0.6736111111111112 0.8629629629629629 0.044444444444444446 0.08148148148148147
1 0.5486111111111112 0.9604938271604938 0.06666666666666667 0.08395061728395062
0 0.6284722222222222 0.11851851851851852 0.0375 0.06419753086419754
0 0.5277777777777778 0.5851851851851851 0.03888888888888889 0.07407407407407407
0 0.6493055555555556 0.7358024691358025 0.0375 0.07407407407407407
0 0.07986111111111112 0.48148148148148145 0.08472222222222223 0.09876543209876543
0 0.46319444444444446 0.48641975308641977 0.04027777777777778 0.05925925925925926
0 0.4236111111111111 0.5271604938271605 0.03888888888888889 0.06666666666666667
0 0.4625 0.6691358024691358 0.04722222222222222 0.08395061728395062
0 0.625 0.48641975308641977 0.044444444444444446 0.08395061728395062
0 0.8069444444444445 0.43950617283950616 0.044444444444444446 0.06419753086419754
0 0.7118055555555556 0.5703703703703703 0.05416666666666667 0.08888888888888889
0 0.7416666666666667 0.7222222222222222 0.05277777777777778 0.08641975308641975
