0 0.7347222222222223 0.25308641975308643 0.025 0.06172839506172839
0 0.6687500000000001 0.7679012345679013 0.04027777777777778 0.07407407407407407
1 0.3388888888888889 0.3234567901234568 0.075 0.11358024691358025
0 0.2923611111111111 0.9617283950617284 0.08194444444444444 0.08148148148148147
0 0.3388888888888889 0.7123456790123457 0.06666666666666667 0.10617283950617283
0 0.41805555555555557 0.47160493827160493 0.058333333333333334 0.10864197530864197
0 0.5902777777777778 0.4666666666666667 0.044444444444444446 0.09382716049382715
0 0.5597222222222222 0.05185185185185185 0.036111111111111115 0.06419753086419754
0 0.06805555555555556 0.04567901234567901 0.061111111111111116 0.08641975308641975
0 0.2013888888888889 0.022222222222222223 0.05555555555555556 0.03950617283950617
1 0.14444444444444446 0.31234567901234567 0.09722222222222222 0.13580246913580246
