2 0.7652777777777778 0.4839506172839506 0.11388888888888889 0.1876543209876543
2 0.6541666666666667 0.7925925925925926 0.05277777777777778 0.1037037037037037
2 0.5444444444444445 0.7172839506172839 0.09166666666666667 0.1111111111111111
0 0.9625 0.23333333333333334 0.05277777777777778 0.10123456790123457
0 0.03125 0.13950617283950617 0.059722222222222225 0.1111111111111111
0 0.6930555555555555 0.03333333333333333 0.07777777777777778 0.06172839506172839
0 0.8083333333333333 0.18148148148148147 0.075 0.1308641975308642
1 0.09375 0.46172839506172836 0.0763888888888889 0.1037037037037037
1 0.20208333333333334 0.41604938271604935 0.08750000000000001 0.10123456790123457
1 0.3527777777777778 0.5222222222222223 0.06944444444444445 0.07654320987654321
1 0.26666666666666666 0.6296296296296297 0.08333333333333334 0.09876543209876543
1 0.44027777777777777 0.5592592592592592 0.075 0.11604938271604938
1 0.6861111111111111 0.4703703703703704 0.09166666666666667 0.18518518518518517
0 0.56875 0.8950617283950617 0.08472222222222223 0.17037037037037037
1 0.48541666666666666 0.928395061728395 0.0763888888888889 0.14814814814814814
1 0.3979166666666667 0.9530864197530864 0.10694444444444445 0.09876543209876543
