0 0.5173611111111112 0.43580246913580245 0.051388888888888894 0.06666666666666667
0 0.9236111111111112 0.5765432098765432 0.06944444444444445 0.11604938271604938
0 0.9819444444444445 0.8790123456790123 0.03888888888888889 0.10864197530864197
0 0.5784722222222223 0.6074074074074074 0.04583333333333334 0.07407407407407407
0 0.41805555555555557 0.537037037037037 0.05277777777777778 0.08641975308641975
0 0.4840277777777778 0.8530864197530864 0.04861111111111111 0.08641975308641975
0 0.35833333333333334 0.7382716049382716 0.05277777777777778 0.08888888888888889
0 0.3597222222222222 0.6345679012345679 0.05277777777777778 0.08888888888888889
0 0.29791666666666666 0.5148148148148148 0.04583333333333334 0.07160493827160494
0 0.3354166666666667 0.345679012345679 0.043055555555555555 0.0691358024691358
