0 0.5298611111111111 0.08888888888888889 0.034722222222222224 0.05925925925925926
0 0.8680555555555556 0.21604938271604937 0.05277777777777778 0.10617283950617283
0 0.2152777777777778 0.7320987654320987 0.08055555555555556 0.1259259259259259
0 0.5166666666666667 0.7037037037037037 0.075 0.13333333333333333
0 0.788888888888889 0.5864197530864197 0.0638888888888889 0.11604938271604938
0 0.5611111111111111 0.23950617283950618 0.03888888888888889 0.07901234567901234
0 0.9756944444444445 0.36419753086419754 0.051388888888888894 0.10617283950617283
0 0.9118055555555555 0.8049382716049382 0.09861111111111112 0.1876543209876543
1 0.9069444444444444 0.6666666666666666 0.125 0.10864197530864197
0 0.9680555555555556 0.24444444444444444 0.06666666666666667 0.1037037037037037
