2 0.5243055555555556 0.47530864197530864 0.05416666666666667 0.08641975308641975
2 0.4361111111111111 0.5271604938271605 0.05 0.13580246913580246
0 0.4840277777777778 0.4888888888888889 0.051388888888888894 0.09382716049382715
0 0.49722222222222223 0.6567901234567901 0.05555555555555556 0.12345679012345678
0 0.5472222222222223 0.6864197530864198 0.0638888888888889 0.10864197530864197
3 0.5298611111111111 0.5901234567901235 0.051388888888888894 0.07407407407407407
3 0.5777777777777778 0.5950617283950617 0.061111111111111116 0.08888888888888889
3 0.5666666666666667 0.7197530864197531 0.058333333333333334 0.10617283950617283
3 0.6034722222222223 0.6679012345679012 0.051388888888888894 0.08641975308641975
3 0.6256944444444444 0.6209876543209877 0.059722222222222225 0.06666666666666667
3 0.6055555555555556 0.7888888888888889 0.07777777777777778 0.10123456790123457
3 0.6465277777777778 0.7469135802469136 0.05416666666666667 0.07160493827160494
2 0.6236111111111111 0.7037037037037037 0.0638888888888889 0.07901234567901234
0 0.7173611111111111 0.7172839506172839 0.0625 0.0962962962962963
2 0.8027777777777778 0.7320987654320987 0.06666666666666667 0.11604938271604938
0 0.6368055555555556 0.8728395061728395 0.0763888888888889 0.14074074074074075
0 0.7000000000000001 0.7604938271604939 0.06944444444444445 0.10864197530864197
2 0.68125 0.8271604938271605 0.07083333333333333 0.06419753086419754
0 0.7541666666666667 0.8506172839506173 0.08055555555555556 0.1308641975308642
3 0.6368055555555556 0.42839506172839503 0.05416666666666667 0.06666666666666667
0 0.7736111111111111 0.5506172839506173 0.044444444444444446 0.11358024691358025
3 0.6868055555555556 0.6444444444444445 0.05694444444444444 0.09382716049382715
3 0.7479166666666667 0.654320987654321 0.06805555555555556 0.09382716049382715
3 0.78125 0.7975308641975308 0.07916666666666666 0.09382716049382715
3 0.8652777777777778 0.6098765432098765 0.06944444444444445 0.09382716049382715
3 0.8847222222222223 0.8148148148148148 0.08055555555555556 0.09876543209876543
3 0.9631944444444445 0.865432098765432 0.0763888888888889 0.1259259259259259
2 0.7708333333333334 0.9481481481481482 0.08611111111111111 0.10864197530864197
