2 0.9680555555555556 0.5592592592592592 0.06666666666666667 0.09135802469135802
0 0.33263888888888893 0.5691358024691358 0.043055555555555555 0.07654320987654321
0 0.2888888888888889 0.445679012345679 0.04166666666666667 0.06666666666666667
0 0.29305555555555557 0.38641975308641974 0.03888888888888889 0.06172839506172839
0 0.3513888888888889 0.2234567901234568 0.036111111111111115 0.07160493827160494
0 0.44236111111111115 0.043209876543209874 0.04583333333333334 0.08148148148148147
0 0.5340277777777778 0.08641975308641975 0.04861111111111111 0.07901234567901234
1 0.6229166666666667 0.07160493827160494 0.05694444444444444 0.08888888888888889
0 0.675 0.12222222222222222 0.04722222222222222 0.08641975308641975
0 0.8847222222222223 0.5555555555555556 0.07777777777777778 0.10864197530864197
0 0.5701388888888889 0.6172839506172839 0.059722222222222225 0.12345679012345678
0 0.4534722222222222 0.9530864197530864 0.059722222222222225 0.09876543209876543
0 0.7854166666666667 0.8938271604938272 0.08750000000000001 0.1728395061728395
1 0.6062500000000001 0.5407407407407407 0.04861111111111111 0.07901234567901234
1 0.6423611111111112 0.5234567901234568 0.04583333333333334 0.07407407407407407
0 0.32430555555555557 0.7987654320987654 0.06527777777777778 0.10123456790123457
0 0.2520833333333333 0.9148148148148147 0.0763888888888889 0.1308641975308642
0 0.775 0.38641975308641974 0.04722222222222222 0.07654320987654321
1 0.8083333333333333 0.21728395061728395 0.05 0.11851851851851852
