0 0.29444444444444445 0.24814814814814815 0.1 0.20493827160493827
0 0.30069444444444443 0.43580246913580245 0.12638888888888888 0.20493827160493827
0 0.35694444444444445 0.5469135802469136 0.13611111111111113 0.22962962962962963
2 0.1840277777777778 0.18395061728395062 0.14583333333333334 0.11604938271604938
2 0.1 0.3530864197530864 0.18333333333333335 0.1876543209876543
3 0.04583333333333334 0.6728395061728395 0.08888888888888889 0.12098765432098765
2 0.26180555555555557 0.8358024691358025 0.18472222222222223 0.17037037037037037
3 0.2548611111111111 0.6790123456790124 0.12916666666666668 0.2271604938271605
0 0.1388888888888889 0.7592592592592592 0.125 0.27901234567901234
2 0.04583333333333334 0.9049382716049382 0.08888888888888889 0.19506172839506172
0 0.41458333333333336 0.9049382716049382 0.14583333333333334 0.18518518518518517
0 0.5472222222222223 0.9629629629629629 0.16666666666666669 0.07901234567901234
2 0.4305555555555556 0.2691358024691358 0.08333333333333334 0.12345679012345678
3 0.4388888888888889 0.17037037037037037 0.07222222222222223 0.08395061728395062
0 0.48055555555555557 0.11604938271604938 0.1 0.17777777777777778
0 0.5444444444444445 0.04938271604938271 0.1 0.09382716049382715
3 0.5118055555555556 0.2740740740740741 0.09027777777777778 0.1925925925925926
3 0.39166666666666666 0.03827160493827161 0.09444444444444444 0.07160493827160494
3 0.6069444444444445 0.028395061728395062 0.061111111111111116 0.05185185185185185
3 0.5923611111111111 0.3753086419753086 0.12361111111111112 0.1925925925925926
3 0.6687500000000001 0.2419753086419753 0.12083333333333333 0.15308641975308643
3 0.6875 0.10617283950617283 0.11944444444444445 0.14320987654320988
3 0.6923611111111111 0.03333333333333333 0.11805555555555557 0.06172839506172839
2 0.9798611111111112 0.0962962962962963 0.04027777777777778 0.1876543209876543
3 0.8784722222222222 0.03950617283950617 0.14305555555555557 0.07407407407407407
