0 0.01875 0.39999999999999997 0.034722222222222224 0.08395061728395062
0 0.09166666666666667 0.3148148148148148 0.044444444444444446 0.07160493827160494
0 0.3416666666666667 0.28271604938271605 0.03888888888888889 0.07160493827160494
0 0.3472222222222222 0.445679012345679 0.044444444444444446 0.07160493827160494
0 0.4388888888888889 0.3728395061728395 0.04166666666666667 0.07407407407407407
0 0.5055555555555555 0.49876543209876545 0.04722222222222222 0.05432098765432099
0 0.4930555555555556 0.4024691358024691 0.036111111111111115 0.04938271604938271
0 0.5423611111111112 0.4074074074074074 0.034722222222222224 0.04938271604938271
0 0.6034722222222223 0.4925925925925926 0.0375 0.06172839506172839
0 0.7270833333333334 0.9592592592592593 0.04583333333333334 0.08641975308641975
0 0.8222222222222223 0.4308641975308642 0.04722222222222222 0.07654320987654321
0 0.8416666666666667 0.5320987654320988 0.044444444444444446 0.07160493827160494
1 0.13194444444444445 0.9604938271604938 0.08888888888888889 0.08395061728395062
0 0.45416666666666666 0.8444444444444444 0.075 0.13333333333333333
