0 0.7083333333333334 0.8419753086419753 0.07222222222222223 0.1382716049382716
0 0.5611111111111111 0.945679012345679 0.09166666666666667 0.11358024691358025
0 0.96875 0.3098765432098765 0.06527777777777778 0.056790123456790124
1 0.48958333333333337 0.7925925925925926 0.10416666666666667 0.12345679012345678
0 0.7680555555555556 0.11728395061728394 0.08333333333333334 0.22469135802469134
0 0.35555555555555557 0.20123456790123456 0.061111111111111116 0.145679012345679
0 0.1451388888888889 0.1876543209876543 0.0763888888888889 0.11851851851851852
0 0.09375 0.3333333333333333 0.08194444444444444 0.11851851851851852
1 0.05486111111111111 0.5691358024691358 0.10694444444444445 0.15061728395061727
2 0.08958333333333333 0.8098765432098766 0.10138888888888889 0.2765432098765432
2 0.13680555555555557 0.39012345679012345 0.10694444444444445 0.1382716049382716
