1 0.7583333333333334 0.928395061728395 0.08888888888888889 0.14814814814814814
0 0.1875 0.04938271604938271 0.075 0.09382716049382715
0 0.15416666666666667 0.12345679012345678 0.058333333333333334 0.11851851851851852
0 0.1763888888888889 0.3592592592592593 0.08888888888888889 0.13580246913580246
0 0.17916666666666667 0.5024691358024691 0.0638888888888889 0.1308641975308642
0 0.33819444444444446 0.6037037037037037 0.08750000000000001 0.1259259259259259
0 0.5895833333333333 0.30864197530864196 0.09305555555555556 0.14814814814814814
0 0.7979166666666667 0.0654320987654321 0.09583333333333334 0.1259259259259259
0 0.8590277777777778 0.4148148148148148 0.1125 0.23209876543209876
0 0.9076388888888889 0.5901234567901235 0.11527777777777778 0.20246913580246914
1 0.4201388888888889 0.7814814814814814 0.10972222222222222 0.18024691358024691
