1 0.6805555555555556 0.6395061728395062 0.04722222222222222 0.11358024691358025
1 0.28125 0.9061728395061728 0.06805555555555556 0.1037037037037037
0 0.4104166666666667 0.9617283950617284 0.059722222222222225 0.08148148148148147
0 0.5729166666666667 0.9407407407407408 0.0763888888888889 0.12345679012345678
0 0.9770833333333334 0.4308641975308642 0.04861111111111111 0.1259259259259259
1 0.7006944444444445 0.3358024691358025 0.05694444444444444 0.11358024691358025
1 0.6048611111111112 0.3197530864197531 0.05416666666666667 0.07160493827160494
1 0.2729166666666667 0.6 0.07361111111111111 0.12839506172839507
0 0.34375 0.4703703703703704 0.07916666666666666 0.12098765432098765
0 0.10069444444444445 0.31234567901234567 0.09027777777777778 0.11604938271604938
2 0.5465277777777778 0.24691358024691357 0.05416666666666667 0.09382716049382715
