0 0.044444444444444446 0.10123456790123457 0.08055555555555556 0.12345679012345678
0 0.41944444444444445 0.04814814814814815 0.03888888888888889 0.06666666666666667
0 0.4881944444444445 0.027160493827160494 0.04861111111111111 0.04938271604938271
0 0.5486111111111112 0.03950617283950617 0.04722222222222222 0.07407407407407407
0 0.74375 0.38395061728395063 0.06527777777777778 0.0962962962962963
0 0.6944444444444444 0.2876543209876543 0.04722222222222222 0.07654320987654321
0 0.5125000000000001 0.2345679012345679 0.06944444444444445 0.11851851851851852
2 0.7743055555555556 0.5790123456790124 0.08194444444444444 0.145679012345679
2 0.6958333333333334 0.49876543209876545 0.10833333333333334 0.14814814814814814
2 0.6180555555555556 0.9493827160493827 0.125 0.10123456790123457
2 0.6111111111111112 0.8111111111111111 0.15833333333333333 0.16049382716049382
0 0.40972222222222227 0.6703703703703704 0.125 0.21975308641975308
