0 0.3791666666666667 0.07777777777777778 0.07777777777777778 0.10617283950617283
0 0.09097222222222223 0.0654320987654321 0.11527777777777778 0.1259259259259259
0 0.4013888888888889 0.24814814814814815 0.075 0.14074074074074075
0 0.6 0.14938271604938272 0.044444444444444446 0.07654320987654321
0 0.7340277777777778 0.3814814814814815 0.0763888888888889 0.1259259259259259
0 0.6458333333333334 0.7333333333333333 0.06944444444444445 0.15308641975308643
0 0.7659722222222223 0.8777777777777778 0.0625 0.13580246913580246
0 0.7152777777777778 0.7234567901234568 0.04166666666666667 0.07407407407407407
0 0.8527777777777779 0.6407407407407407 0.044444444444444446 0.10123456790123457
0 0.9409722222222222 0.8839506172839506 0.08750000000000001 0.15308641975308643
