3 0.9388888888888889 0.8469135802469135 0.11666666666666667 0.3111111111111111
3 0.6763888888888889 0.36419753086419754 0.05 0.16049382716049382
2 0.6722222222222223 0.24691358024691357 0.06944444444444445 0.11358024691358025
2 0.6569444444444444 0.14320987654320988 0.08333333333333334 0.14320987654320988
2 0.7465277777777778 0.27530864197530863 0.08472222222222223 0.15061728395061727
3 0.051388888888888894 0.8012345679012346 0.1 0.24938271604938272
0 0.3111111111111111 0.3617283950617284 0.08888888888888889 0.10123456790123457
0 0.24305555555555555 0.24074074074074073 0.13333333333333333 0.23950617283950618
0 0.2972222222222222 0.762962962962963 0.1638888888888889 0.2617283950617284
0 0.2847222222222222 0.9209876543209876 0.20555555555555557 0.16296296296296295
0 0.46875 0.8604938271604938 0.1902777777777778 0.2839506172839506
3 0.44236111111111115 0.7308641975308642 0.15972222222222224 0.2716049382716049
2 0.4326388888888889 0.48518518518518516 0.2152777777777778 0.28888888888888886
2 0.44930555555555557 0.36790123456790125 0.10694444444444445 0.23703703703703705
3 0.41597222222222224 0.15925925925925927 0.10694444444444445 0.19012345679012346
3 0.5173611111111112 0.18518518518518517 0.12916666666666668 0.16790123456790124
3 0.5951388888888889 0.4703703703703704 0.10416666666666667 0.22962962962962963
2 0.7618055555555556 0.45555555555555555 0.27083333333333337 0.22962962962962963
2 0.7083333333333334 0.7876543209876543 0.15 0.3851851851851852
3 0.8416666666666667 0.2654320987654321 0.1388888888888889 0.20987654320987653
3 0.8416666666666667 0.6345679012345679 0.1527777777777778 0.291358024691358
3 0.7958333333333334 0.8777777777777778 0.17777777777777778 0.24938271604938272
