0 0.18125 0.554320987654321 0.04027777777777778 0.07160493827160494
0 0.42847222222222225 0.43333333333333335 0.0375 0.056790123456790124
1 0.46875 0.5839506172839506 0.0375 0.056790123456790124
0 0.55 0.6271604938271604 0.036111111111111115 0.05925925925925926
0 0.46458333333333335 0.6567901234567901 0.034722222222222224 0.06419753086419754
0 0.4965277777777778 0.7555555555555555 0.043055555555555555 0.0691358024691358
1 0.6215277777777778 0.8925925925925926 0.04027777777777778 0.08148148148148147
1 0.6409722222222223 0.8407407407407407 0.0375 0.07160493827160494
1 0.6416666666666667 0.9493827160493827 0.03888888888888889 0.09135802469135802
1 0.5277777777777778 0.7975308641975308 0.04722222222222222 0.05432098765432099
0 0.68125 0.7530864197530864 0.05416666666666667 0.1037037037037037
0 0.5576388888888889 0.23703703703703705 0.04861111111111111 0.07407407407407407
0 0.8479166666666667 0.39999999999999997 0.06527777777777778 0.11358024691358025
0 0.8652777777777778 0.6160493827160494 0.07222222222222223 0.12098765432098765
