1 0.8138888888888889 0.774074074074074 0.05277777777777778 0.056790123456790124
1 0.43125 0.854320987654321 0.04861111111111111 0.08395061728395062
0 0.27569444444444446 0.5851851851851851 0.05416666666666667 0.09382716049382715
0 0.061111111111111116 0.34074074074074073 0.06666666666666667 0.10864197530864197
0 0.5347222222222222 0.5160493827160494 0.061111111111111116 0.07901234567901234
0 0.7034722222222223 0.9123456790123456 0.051388888888888894 0.07160493827160494
0 0.47222222222222227 0.945679012345679 0.044444444444444446 0.08395061728395062
0 0.5180555555555556 0.8333333333333334 0.058333333333333334 0.10617283950617283
0 0.9020833333333333 0.9407407407407408 0.1902777777777778 0.12345679012345678
0 0.9388888888888889 0.6296296296296297 0.125 0.1580246913580247
