0 0.4930555555555556 0.1111111111111111 0.03888888888888889 0.0691358024691358
0 0.40694444444444444 0.1271604938271605 0.03333333333333333 0.06666666666666667
0 0.4173611111111111 0.9185185185185185 0.034722222222222224 0.0691358024691358
1 0.3965277777777778 0.4666666666666667 0.04583333333333334 0.08395061728395062
0 0.39513888888888893 0.6851851851851851 0.05416666666666667 0.1111111111111111
0 0.5347222222222222 0.7037037037037037 0.061111111111111116 0.1037037037037037
0 0.6027777777777777 0.22839506172839505 0.05277777777777778 0.10123456790123457
0 0.7791666666666667 0.08765432098765431 0.0638888888888889 0.1259259259259259
1 0.4965277777777778 0.5135802469135803 0.051388888888888894 0.09876543209876543
1 0.84375 0.5950617283950617 0.05694444444444444 0.09382716049382715
1 0.6916666666666667 0.4679012345679012 0.061111111111111116 0.10123456790123457
1 0.43680555555555556 0.7111111111111111 0.04861111111111111 0.08888888888888889
1 0.3055555555555556 0.7271604938271605 0.058333333333333334 0.12098765432098765
1 0.26805555555555555 0.9049382716049382 0.09444444444444444 0.18518518518518517
