2 0.16041666666666668 0.3037037037037037 0.0763888888888889 0.14320987654320988
2 0.04652777777777778 0.7901234567901234 0.09027777777777778 0.40987654320987654
2 0.1798611111111111 0.6790123456790124 0.10138888888888889 0.2765432098765432
2 0.12152777777777778 0.6901234567901234 0.08750000000000001 0.22469135802469134
2 0.2 0.8925925925925926 0.1638888888888889 0.21975308641975308
0 0.2965277777777778 0.9234567901234567 0.09305555555555556 0.1580246913580247
3 0.6652777777777779 0.9481481481481482 0.16666666666666669 0.10864197530864197
3 0.5541666666666667 0.8753086419753087 0.10555555555555556 0.254320987654321
3 0.4729166666666667 0.9716049382716049 0.14027777777777778 0.06172839506172839
3 0.4701388888888889 0.8296296296296296 0.09861111111111112 0.2518518518518518
0 0.4256944444444445 0.7148148148148148 0.12083333333333333 0.23950617283950618
2 0.3527777777777778 0.6308641975308642 0.18055555555555555 0.19506172839506172
0 0.35555555555555557 0.5135802469135803 0.10555555555555556 0.1925925925925926
2 0.23611111111111113 0.4049382716049383 0.14444444444444446 0.21234567901234566
2 0.26944444444444443 0.47160493827160493 0.11944444444444445 0.12345679012345678
2 0.36875 0.2938271604938272 0.12638888888888888 0.16296296296296295
3 0.56875 0.5518518518518518 0.07083333333333333 0.2345679012345679
0 0.5097222222222222 0.5604938271604938 0.10833333333333334 0.23703703703703705
0 0.48541666666666666 0.43950617283950616 0.10138888888888889 0.15308641975308643
0 0.4305555555555556 0.3592592592592593 0.07777777777777778 0.19506172839506172
3 0.6451388888888889 0.2617283950617284 0.11527777777777778 0.2074074074074074
3 0.5625 0.2876543209876543 0.07222222222222223 0.10123456790123457
0 0.48750000000000004 0.3074074074074074 0.09722222222222222 0.14074074074074075
0 0.5680555555555555 0.18024691358024691 0.09444444444444444 0.1382716049382716
0 0.46458333333333335 0.19135802469135801 0.09583333333333334 0.15555555555555556
2 0.38472222222222224 0.18888888888888888 0.14166666666666666 0.18024691358024691
2 0.30694444444444446 0.13703703703703704 0.061111111111111116 0.10123456790123457
2 0.3458333333333333 0.06172839506172839 0.10277777777777779 0.11851851851851852
0 0.4215277777777778 0.05185185185185185 0.05694444444444444 0.09876543209876543
2 0.46458333333333335 0.04814814814814815 0.09583333333333334 0.09135802469135802
0 0.5354166666666667 0.0728395061728395 0.07361111111111111 0.14074074074074075
2 0.58125 0.06049382716049383 0.07361111111111111 0.11604938271604938
0 0.6756944444444445 0.08148148148148147 0.11527777777777778 0.1580246913580247
