1 0.35833333333333334 0.7197530864197531 0.05555555555555556 0.0962962962962963
0 0.6569444444444444 0.5777777777777777 0.09166666666666667 0.17777777777777778
0 0.4715277777777778 0.5024691358024691 0.0625 0.08641975308641975
0 0.2652777777777778 0.47901234567901235 0.06944444444444445 0.09876543209876543
0 0.20902777777777778 0.9098765432098765 0.059722222222222225 0.12098765432098765
0 0.21319444444444446 0.7839506172839505 0.051388888888888894 0.10123456790123457
1 0.30694444444444446 0.8469135802469135 0.04722222222222222 0.0691358024691358
1 0.35347222222222224 0.5481481481481482 0.051388888888888894 0.07901234567901234
1 0.4951388888888889 0.6160493827160494 0.06805555555555556 0.10123456790123457
1 0.7840277777777778 0.4839506172839506 0.0763888888888889 0.12839506172839507
1 0.8666666666666667 0.47901234567901235 0.07777777777777778 0.12839506172839507
0 0.951388888888889 0.08765432098765431 0.1 0.17037037037037037
0 0.7666666666666667 0.08888888888888889 0.06944444444444445 0.09382716049382715
