1 0.23611111111111113 0.6679012345679012 0.0638888888888889 0.08148148148148147
0 0.13819444444444445 0.7345679012345678 0.07361111111111111 0.11604938271604938
0 0.18125 0.582716049382716 0.04583333333333334 0.08395061728395062
0 0.23541666666666666 0.3148148148148148 0.034722222222222224 0.06666666666666667
0 0.04166666666666667 0.43333333333333335 0.07222222222222223 0.10617283950617283
0 0.5486111111111112 0.5938271604938271 0.04722222222222222 0.09135802469135802
0 0.6243055555555556 0.4839506172839506 0.04861111111111111 0.05925925925925926
0 0.8791666666666667 0.7814814814814814 0.06666666666666667 0.09135802469135802
0 0.7472222222222222 0.7604938271604939 0.05 0.08888888888888889
0 0.7208333333333333 0.9 0.05 0.08641975308641975
0 0.7145833333333333 0.6209876543209877 0.04583333333333334 0.08148148148148147
0 0.945138888888889 0.39999999999999997 0.05694444444444444 0.06419753086419754
0 0.6006944444444444 0.29012345679012347 0.05416666666666667 0.09135802469135802
0 0.35000000000000003 0.4074074074074074 0.030555555555555558 0.05925925925925926
0 0.4048611111111111 0.3530864197530864 0.04027777777777778 0.0691358024691358
