0 0.26666666666666666 0.9358024691358025 0.10833333333333334 0.13333333333333333
2 0.27222222222222225 0.8037037037037037 0.10833333333333334 0.19506172839506172
3 0.37777777777777777 0.9246913580246914 0.12222222222222223 0.15555555555555556
0 0.4840277777777778 0.9074074074074074 0.12361111111111112 0.18518518518518517
0 0.5263888888888889 0.7641975308641975 0.1 0.19506172839506172
0 0.4388888888888889 0.7864197530864198 0.08611111111111111 0.19999999999999998
0 0.33958333333333335 0.7753086419753086 0.07083333333333333 0.14320987654320988
0 0.27569444444444446 0.6777777777777778 0.05694444444444444 0.13580246913580246
2 0.3145833333333333 0.6925925925925925 0.0763888888888889 0.19999999999999998
3 0.39583333333333337 0.6345679012345679 0.09166666666666667 0.1876543209876543
0 0.3527777777777778 0.4740740740740741 0.09166666666666667 0.18271604938271604
0 0.38680555555555557 0.3567901234567901 0.08194444444444444 0.1259259259259259
0 0.4638888888888889 0.5691358024691358 0.10833333333333334 0.19012345679012346
0 0.5805555555555556 0.5703703703703703 0.10277777777777779 0.1925925925925926
0 0.6652777777777779 0.43950617283950616 0.13055555555555556 0.2222222222222222
2 0.39722222222222225 0.22098765432098766 0.04166666666666667 0.17037037037037037
0 0.4465277777777778 0.22098765432098766 0.08194444444444444 0.145679012345679
0 0.4131944444444445 0.07160493827160494 0.059722222222222225 0.1382716049382716
0 0.5125000000000001 0.03827160493827161 0.09166666666666667 0.07160493827160494
2 0.45208333333333334 0.08148148148148147 0.05416666666666667 0.1382716049382716
2 0.47222222222222227 0.3691358024691358 0.09444444444444444 0.19012345679012346
2 0.5736111111111112 0.26296296296296295 0.1388888888888889 0.1111111111111111
3 0.5194444444444445 0.2382716049382716 0.09444444444444444 0.19012345679012346
3 0.6930555555555555 0.3148148148148148 0.1277777777777778 0.1654320987654321
3 0.576388888888889 0.13209876543209875 0.08333333333333334 0.16049382716049382
2 0.6041666666666667 0.12469135802469136 0.1 0.22469135802469134
0 0.6916666666666667 0.09012345679012346 0.11944444444444445 0.17530864197530863
0 0.820138888888889 0.2185185185185185 0.14583333333333334 0.24938271604938272
3 0.7625000000000001 0.5469135802469136 0.1527777777777778 0.2641975308641975
