0 0.45763888888888893 0.7567901234567901 0.13194444444444445 0.19012345679012346
3 0.5368055555555555 0.8716049382716049 0.1375 0.2419753086419753
2 0.6659722222222223 0.9259259259259259 0.09861111111111112 0.15308641975308643
2 0.7201388888888889 0.8790123456790123 0.1736111111111111 0.24691358024691357
0 0.8881944444444445 0.8444444444444444 0.2152777777777778 0.3160493827160494
3 0.7291666666666667 0.6864197530864198 0.14444444444444446 0.2271604938271605
3 0.8236111111111112 0.6691358024691358 0.09722222222222222 0.2222222222222222
3 0.9527777777777778 0.8679012345679012 0.09722222222222222 0.2691358024691358
3 0.9590277777777778 0.7086419753086419 0.07916666666666666 0.1580246913580247
2 0.9805555555555556 0.5962962962962963 0.04166666666666667 0.15555555555555556
3 0.9222222222222223 0.5654320987654321 0.13611111111111113 0.12839506172839507
3 0.8895833333333334 0.5049382716049383 0.10694444444444445 0.15061728395061727
0 0.80625 0.4901234567901234 0.1375 0.17530864197530863
0 0.8729166666666667 0.3814814814814815 0.10694444444444445 0.14074074074074075
0 0.8388888888888889 0.32469135802469135 0.10277777777777779 0.14074074074074075
0 0.9354166666666667 0.3654320987654321 0.10138888888888889 0.17777777777777778
0 0.9777777777777779 0.36790123456790125 0.04722222222222222 0.25679012345679014
0 0.6430555555555556 0.5432098765432098 0.13611111111111113 0.21234567901234566
0 0.7333333333333334 0.3790123456790123 0.10555555555555556 0.19999999999999998
2 0.6354166666666667 0.3814814814814815 0.13472222222222222 0.13580246913580246
1 0.5034722222222222 0.5407407407407407 0.1375 0.1580246913580247
1 0.4701388888888889 0.35061728395061725 0.10972222222222222 0.14814814814814814
1 0.27847222222222223 0.8222222222222222 0.18194444444444446 0.3160493827160494
3 0.11666666666666667 0.5703703703703703 0.10555555555555556 0.14320987654320988
