1 0.46458333333333335 0.9074074074074074 0.09027777777777778 0.17530864197530863
0 0.10069444444444445 0.7320987654320987 0.08472222222222223 0.1308641975308642
0 0.27708333333333335 0.7851851851851852 0.05694444444444444 0.12839506172839507
0 0.42291666666666666 0.6679012345679012 0.059722222222222225 0.11604938271604938
0 0.5534722222222223 0.537037037037037 0.05416666666666667 0.13580246913580246
0 0.28958333333333336 0.28641975308641976 0.059722222222222225 0.09876543209876543
0 0.37986111111111115 0.14444444444444443 0.034722222222222224 0.06666666666666667
0 0.16319444444444445 0.5530864197530864 0.05416666666666667 0.08888888888888889
0 0.10555555555555556 0.3148148148148148 0.05277777777777778 0.07654320987654321
0 0.18819444444444444 0.3333333333333333 0.05416666666666667 0.08395061728395062
0 0.05902777777777778 0.5246913580246914 0.05694444444444444 0.07160493827160494
