0 0.6111111111111112 0.7172839506172839 0.036111111111111115 0.06666666666666667
0 0.5951388888888889 0.7530864197530864 0.03194444444444445 0.05925925925925926
0 0.6791666666666667 0.825925925925926 0.04722222222222222 0.07654320987654321
0 0.6541666666666667 0.8962962962962963 0.05277777777777778 0.09382716049382715
0 0.5444444444444445 0.9654320987654321 0.058333333333333334 0.07407407407407407
0 0.4840277777777778 0.8666666666666667 0.05416666666666667 0.08888888888888889
0 0.5 0.7172839506172839 0.05555555555555556 0.08148148148148147
0 0.4486111111111111 0.6679012345679012 0.044444444444444446 0.07160493827160494
0 0.08680555555555555 0.6061728395061728 0.06805555555555556 0.0962962962962963
0 0.08333333333333334 0.7703703703703704 0.09166666666666667 0.13333333333333333
