0 0.6583333333333333 0.027160493827160494 0.05555555555555556 0.04938271604938271
0 0.6888888888888889 0.06666666666666667 0.036111111111111115 0.05432098765432099
0 0.6458333333333334 0.09876543209876543 0.04722222222222222 0.07901234567901234
0 0.6791666666666667 0.14320987654320988 0.03888888888888889 0.07407407407407407
0 0.6840277777777778 0.19382716049382714 0.04583333333333334 0.07160493827160494
0 0.7118055555555556 0.25308641975308643 0.043055555555555555 0.07160493827160494
0 0.7354166666666667 0.3098765432098765 0.0625 0.1111111111111111
2 0.6131944444444445 0.928395061728395 0.06527777777777778 0.14814814814814814
0 0.7430555555555556 0.9641975308641975 0.07222222222222223 0.07654320987654321
0 0.8083333333333333 0.5320987654320988 0.0638888888888889 0.11604938271604938
0 0.8152777777777778 0.7024691358024692 0.08888888888888889 0.16049382716049382
