0 0.9715277777777778 0.2962962962962963 0.059722222222222225 0.14814814814814814
3 0.9673611111111111 0.16790123456790124 0.06805555555555556 0.10864197530864197
0 0.8395833333333333 0.046913580246913576 0.0625 0.08888888888888889
3 0.9770833333333334 0.06790123456790123 0.04861111111111111 0.08641975308641975
3 0.920138888888889 0.11851851851851852 0.08472222222222223 0.09382716049382715
2 0.8506944444444445 0.13703703703703704 0.12361111111111112 0.16049382716049382
0 0.7465277777777778 0.030864197530864196 0.051388888888888894 0.056790123456790124
0 0.6770833333333334 0.022222222222222223 0.051388888888888894 0.03950617283950617
0 0.5861111111111111 0.024691358024691357 0.05277777777777778 0.044444444444444446
3 0.7444444444444445 0.20864197530864198 0.08888888888888889 0.09135802469135802
3 0.6722222222222223 0.1469135802469136 0.058333333333333334 0.06666666666666667
2 0.6270833333333333 0.15185185185185185 0.14027777777777778 0.18024691358024691
0 0.5930555555555556 0.20246913580246914 0.08333333333333334 0.13333333333333333
3 0.5381944444444444 0.1259259259259259 0.059722222222222225 0.09876543209876543
3 0.51875 0.20246913580246914 0.07361111111111111 0.05925925925925926
3 0.46319444444444446 0.1654320987654321 0.07916666666666666 0.07407407407407407
0 0.49722222222222223 0.0691358024691358 0.075 0.11358024691358025
2 0.3770833333333333 0.2641975308641975 0.13472222222222222 0.16296296296296295
2 0.39375 0.34444444444444444 0.17916666666666667 0.27901234567901234
0 0.3159722222222222 0.10123456790123457 0.08194444444444444 0.11851851851851852
0 0.23819444444444446 0.06666666666666667 0.08472222222222223 0.10864197530864197
2 0.28402777777777777 0.15925925925925927 0.1125 0.09135802469135802
2 0.26875 0.19999999999999998 0.09305555555555556 0.07901234567901234
3 0.29305555555555557 0.27530864197530863 0.08333333333333334 0.09135802469135802
2 0.2263888888888889 0.24567901234567902 0.075 0.21481481481481482
3 0.17777777777777778 0.28888888888888886 0.08333333333333334 0.08888888888888889
0 0.15833333333333333 0.22469135802469134 0.07777777777777778 0.1037037037037037
0 0.07291666666666667 0.254320987654321 0.09583333333333334 0.12839506172839507
2 0.09375 0.13580246913580246 0.05416666666666667 0.11851851851851852
0 0.10208333333333333 0.04938271604938271 0.08194444444444444 0.07901234567901234
2 0.18888888888888888 0.49506172839506174 0.17777777777777778 0.17530864197530863
