0 0.7701388888888889 0.8604938271604938 0.051388888888888894 0.10123456790123457
0 0.670138888888889 0.7197530864197531 0.04861111111111111 0.07654320987654321
0 0.6666666666666667 0.6592592592592592 0.04722222222222222 0.05432098765432099
0 0.6652777777777779 0.619753086419753 0.03888888888888889 0.04938271604938271
0 0.6263888888888889 0.6370370370370371 0.030555555555555558 0.05925925925925926
0 0.5701388888888889 0.6024691358024691 0.04027777777777778 0.05432098765432099
0 0.6375000000000001 0.8851851851851852 0.061111111111111116 0.0962962962962963
0 0.6013888888888889 0.9444444444444444 0.03888888888888889 0.07160493827160494
0 0.6111111111111112 0.7567901234567901 0.04166666666666667 0.07654320987654321
0 0.5430555555555556 0.7407407407407407 0.05 0.09382716049382715
0 0.43472222222222223 0.6753086419753086 0.04166666666666667 0.08148148148148147
0 0.45416666666666666 0.8876543209876543 0.04722222222222222 0.09135802469135802
0 0.11805555555555557 0.9518518518518518 0.05277777777777778 0.10123456790123457
0 0.9736111111111111 0.5901234567901235 0.05555555555555556 0.07901234567901234
