0 0.10694444444444445 0.2765432098765432 0.058333333333333334 0.09876543209876543
0 0.1798611111111111 0.3259259259259259 0.059722222222222225 0.11358024691358025
0 0.21944444444444444 0.3469135802469136 0.05555555555555556 0.08641975308641975
3 0.1527777777777778 0.2777777777777778 0.03888888888888889 0.06172839506172839
3 0.19722222222222224 0.2506172839506173 0.05277777777777778 0.056790123456790124
3 0.24166666666666667 0.20617283950617282 0.0638888888888889 0.0962962962962963
3 0.2673611111111111 0.25308641975308643 0.05416666666666667 0.07654320987654321
0 0.08472222222222223 0.5753086419753086 0.05277777777777778 0.09876543209876543
3 0.13472222222222222 0.5641975308641975 0.058333333333333334 0.10617283950617283
2 0.17847222222222223 0.6444444444444445 0.10416666666666667 0.12345679012345678
2 0.19722222222222224 0.7135802469135802 0.09722222222222222 0.12839506172839507
0 0.37222222222222223 0.391358024691358 0.04166666666666667 0.06666666666666667
0 0.34444444444444444 0.6518518518518518 0.07777777777777778 0.1382716049382716
2 0.35694444444444445 0.35555555555555557 0.07777777777777778 0.04938271604938271
0 0.36319444444444443 0.2382716049382716 0.04861111111111111 0.05185185185185185
3 0.3576388888888889 0.2876543209876543 0.06527777777777778 0.06666666666666667
3 0.35694444444444445 0.5123456790123456 0.044444444444444446 0.11604938271604938
3 0.38125000000000003 0.5753086419753086 0.034722222222222224 0.09382716049382715
2 0.40972222222222227 0.654320987654321 0.04722222222222222 0.32098765432098764
3 0.5020833333333333 0.7234567901234568 0.10694444444444445 0.16296296296296295
3 0.4743055555555556 0.5925925925925926 0.07916666666666666 0.09382716049382715
3 0.4951388888888889 0.5135802469135803 0.07083333333333333 0.08888888888888889
0 0.5666666666666667 0.5654320987654321 0.07777777777777778 0.1382716049382716
0 0.5229166666666667 0.45185185185185184 0.059722222222222225 0.09876543209876543
3 0.4951388888888889 0.3987654320987654 0.059722222222222225 0.056790123456790124
0 0.4965277777777778 0.34444444444444444 0.05416666666666667 0.07160493827160494
1 0.4388888888888889 0.22962962962962963 0.06944444444444445 0.07901234567901234
1 0.5291666666666667 0.145679012345679 0.061111111111111116 0.08395061728395062
0 0.4652777777777778 0.2691358024691358 0.05277777777777778 0.0691358024691358
0 0.5361111111111111 0.2938271604938272 0.058333333333333334 0.10864197530864197
0 0.5458333333333334 0.3814814814814815 0.05277777777777778 0.08641975308641975
0 0.5902777777777778 0.35061728395061725 0.0638888888888889 0.09382716049382715
0 0.5833333333333334 0.4382716049382716 0.04722222222222222 0.08148148148148147
0 0.6256944444444444 0.445679012345679 0.06527777777777778 0.08641975308641975
2 0.6423611111111112 0.49506172839506174 0.06805555555555556 0.09135802469135802
3 0.32222222222222224 0.03580246913580247 0.04722222222222222 0.06666666666666667
3 0.3715277777777778 0.05432098765432099 0.059722222222222225 0.05925925925925926
2 0.6451388888888889 0.6382716049382716 0.0763888888888889 0.17530864197530863
2 0.6722222222222223 0.6777777777777778 0.09444444444444444 0.14074074074074075
2 0.6722222222222223 0.7604938271604939 0.06944444444444445 0.07407407407407407
2 0.7284722222222223 0.4580246913580247 0.11527777777777778 0.17037037037037037
3 0.7479166666666667 0.7086419753086419 0.10416666666666667 0.16790123456790124
3 0.763888888888889 0.8358024691358025 0.11388888888888889 0.1654320987654321
3 0.8222222222222223 0.7037037037037037 0.08611111111111111 0.1382716049382716
3 0.8986111111111111 0.6975308641975309 0.10277777777777779 0.17530864197530863
0 0.7479166666666667 0.9333333333333333 0.09861111111111112 0.1382716049382716
0 0.8388888888888889 0.8864197530864197 0.10277777777777779 0.19753086419753085
0 0.9430555555555556 0.9185185185185185 0.11666666666666667 0.16790123456790124
3 0.9750000000000001 0.8555555555555555 0.05277777777777778 0.1654320987654321
3 0.8861111111111112 0.337037037037037 0.08333333333333334 0.1308641975308642
