2 0.06666666666666667 0.26666666666666666 0.13055555555555556 0.13333333333333333
0 0.10833333333333334 0.7518518518518519 0.14722222222222223 0.20493827160493827
0 0.08888888888888889 0.9160493827160494 0.15 0.1728395061728395
0 0.08055555555555556 0.5234567901234568 0.1277777777777778 0.1925925925925926
0 0.1826388888888889 0.5444444444444444 0.11527777777777778 0.19506172839506172
0 0.25277777777777777 0.691358024691358 0.13055555555555556 0.23703703703703705
0 0.24305555555555555 0.9074074074074074 0.125 0.19012345679012346
3 0.34305555555555556 0.7876543209876543 0.125 0.23209876543209876
0 0.33055555555555555 0.554320987654321 0.10555555555555556 0.16049382716049382
0 0.2902777777777778 0.4222222222222222 0.10277777777777779 0.1580246913580247
0 0.24097222222222223 0.3296296296296296 0.10416666666666667 0.17530864197530863
0 0.33958333333333335 0.3098765432098765 0.08194444444444444 0.15555555555555556
0 0.3680555555555556 0.2382716049382716 0.08888888888888889 0.145679012345679
0 0.4166666666666667 0.3876543209876543 0.08611111111111111 0.16790123456790124
0 0.4638888888888889 0.11358024691358025 0.08611111111111111 0.14320987654320988
0 0.5027777777777778 0.20987654320987653 0.09166666666666667 0.1382716049382716
0 0.5180555555555556 0.3037037037037037 0.09166666666666667 0.1580246913580247
0 0.4986111111111111 0.4641975308641975 0.10277777777777779 0.18271604938271604
0 0.4326388888888889 0.5938271604938271 0.10694444444444445 0.18518518518518517
0 0.4416666666666667 0.8629629629629629 0.1277777777777778 0.25925925925925924
0 0.5694444444444444 0.8691358024691358 0.12222222222222223 0.23209876543209876
0 0.6034722222222223 0.3617283950617284 0.09861111111111112 0.15555555555555556
0 0.607638888888889 0.49382716049382713 0.10416666666666667 0.16296296296296295
0 0.5965277777777778 0.6506172839506172 0.10694444444444445 0.18024691358024691
0 0.7006944444444445 0.7444444444444445 0.13472222222222222 0.23950617283950618
