0 0.44097222222222227 0.11728395061728394 0.04583333333333334 0.06666666666666667
0 0.024305555555555556 0.30246913580246915 0.04583333333333334 0.09135802469135802
0 0.019444444444444445 0.528395061728395 0.036111111111111115 0.12839506172839507
2 0.05625 0.4604938271604938 0.10694444444444445 0.16049382716049382
3 0.15625 0.5037037037037037 0.09305555555555556 0.09876543209876543
3 0.10902777777777778 0.4530864197530864 0.0625 0.07160493827160494
3 0.11597222222222223 0.3765432098765432 0.0763888888888889 0.09135802469135802
2 0.06944444444444445 0.3691358024691358 0.06944444444444445 0.1111111111111111
0 0.08680555555555555 0.3074074074074074 0.0763888888888889 0.1308641975308642
0 0.15833333333333333 0.3345679012345679 0.07222222222222223 0.1308641975308642
0 0.21041666666666667 0.3358024691358025 0.051388888888888894 0.08395061728395062
2 0.2715277777777778 0.4345679012345679 0.10972222222222222 0.1382716049382716
0 0.28958333333333336 0.34814814814814815 0.05694444444444444 0.07901234567901234
2 0.3263888888888889 0.6975308641975309 0.09166666666666667 0.10123456790123457
0 0.32916666666666666 0.5802469135802469 0.075 0.1037037037037037
0 0.36388888888888893 0.4962962962962963 0.06666666666666667 0.1037037037037037
0 0.4041666666666667 0.5604938271604938 0.06666666666666667 0.11358024691358025
0 0.4027777777777778 0.4222222222222222 0.04166666666666667 0.08395061728395062
3 0.46805555555555556 0.5864197530864197 0.044444444444444446 0.08148148148148147
2 0.5 0.6493827160493827 0.058333333333333334 0.19753086419753085
2 0.513888888888889 0.5395061728395062 0.13055555555555556 0.06666666666666667
2 0.6340277777777779 0.6222222222222222 0.11805555555555557 0.11358024691358025
0 0.41875 0.46172839506172836 0.04583333333333334 0.08888888888888889
3 0.4076388888888889 0.37407407407407406 0.051388888888888894 0.07160493827160494
0 0.4604166666666667 0.42962962962962964 0.059722222222222225 0.11358024691358025
3 0.4534722222222222 0.28518518518518515 0.04583333333333334 0.07160493827160494
2 0.49722222222222223 0.4012345679012346 0.03888888888888889 0.06172839506172839
3 0.4777777777777778 0.4506172839506173 0.036111111111111115 0.08148148148148147
3 0.5173611111111112 0.4641975308641975 0.059722222222222225 0.06419753086419754
0 0.5194444444444445 0.2740740740740741 0.036111111111111115 0.08888888888888889
0 0.5604166666666667 0.38641975308641974 0.043055555555555555 0.07654320987654321
0 0.5625 0.47777777777777775 0.05 0.08641975308641975
0 0.5854166666666667 0.43209876543209874 0.05416666666666667 0.1037037037037037
2 0.6201388888888889 0.4419753086419753 0.04583333333333334 0.12839506172839507
3 0.5722222222222223 0.2814814814814815 0.04722222222222222 0.04938271604938271
2 0.7229166666666667 0.5382716049382716 0.0625 0.07407407407407407
3 0.6902777777777778 0.4506172839506173 0.05555555555555556 0.06666666666666667
3 0.7069444444444445 0.40617283950617283 0.044444444444444446 0.06666666666666667
3 0.732638888888889 0.4567901234567901 0.043055555555555555 0.08888888888888889
0 0.7597222222222223 0.3876543209876543 0.061111111111111116 0.11851851851851852
2 0.80625 0.3814814814814815 0.06805555555555556 0.11604938271604938
0 0.8159722222222222 0.3172839506172839 0.05694444444444444 0.09135802469135802
0 0.8548611111111112 0.42839506172839503 0.06805555555555556 0.10617283950617283
0 0.8930555555555556 0.345679012345679 0.05555555555555556 0.08888888888888889
2 0.8652777777777778 0.49506172839506174 0.09444444444444444 0.09135802469135802
2 0.9187500000000001 0.7679012345679013 0.12361111111111112 0.1728395061728395
4 0.12222222222222223 0.8123456790123457 0.24166666666666667 0.3753086419753086
