0 0.49444444444444446 0.11851851851851852 0.04166666666666667 0.05432098765432099
0 0.17916666666666667 0.3592592592592593 0.058333333333333334 0.07160493827160494
0 0.40555555555555556 0.23703703703703705 0.05277777777777778 0.08888888888888889
0 0.9569444444444445 0.254320987654321 0.0638888888888889 0.07407407407407407
0 0.8701388888888889 0.6765432098765432 0.051388888888888894 0.12345679012345678
0 0.6729166666666667 0.17407407407407408 0.05694444444444444 0.08641975308641975
0 0.7513888888888889 0.2740740740740741 0.075 0.1037037037037037
0 0.7229166666666667 0.9592592592592593 0.06805555555555556 0.08641975308641975
0 0.23055555555555557 0.9641975308641975 0.1527777777777778 0.07654320987654321
1 0.857638888888889 0.3382716049382716 0.0763888888888889 0.07901234567901234
1 0.8486111111111111 0.5098765432098765 0.07222222222222223 0.10123456790123457
1 0.7611111111111112 0.5777777777777777 0.058333333333333334 0.09876543209876543
1 0.7902777777777779 0.8197530864197531 0.09444444444444444 0.12345679012345678
1 0.3277777777777778 0.8419753086419753 0.0638888888888889 0.10864197530864197
1 0.15486111111111112 0.8382716049382716 0.09583333333333334 0.1308641975308642
1 0.07708333333333334 0.8135802469135802 0.08194444444444444 0.1111111111111111
