2 0.49583333333333335 0.8074074074074074 0.05277777777777778 0.14320987654320988
0 0.757638888888889 0.03580246913580247 0.06527777777777778 0.06666666666666667
0 0.8493055555555555 0.34074074074074073 0.06527777777777778 0.14814814814814814
0 0.3791666666666667 0.08888888888888889 0.06944444444444445 0.11358024691358025
0 0.3819444444444445 0.2419753086419753 0.06666666666666667 0.12345679012345678
0 0.6291666666666667 0.9629629629629629 0.04722222222222222 0.07901234567901234
1 0.9125000000000001 0.9061728395061728 0.09166666666666667 0.16790123456790124
1 0.8111111111111111 0.9469135802469135 0.09722222222222222 0.1111111111111111
1 0.48194444444444445 0.6950617283950618 0.08055555555555556 0.1259259259259259
1 0.9430555555555556 0.5345679012345679 0.075 0.11604938271604938
