0 0.8097222222222222 0.40987654320987654 0.058333333333333334 0.08395061728395062
0 0.5854166666666667 0.20246913580246914 0.0375 0.05925925925925926
0 0.6694444444444445 0.25555555555555554 0.036111111111111115 0.06172839506172839
0 0.8951388888888889 0.8049382716049382 0.07361111111111111 0.10864197530864197
0 0.945138888888889 0.9160493827160494 0.1125 0.1580246913580247
0 0.9861111111111112 0.6481481481481481 0.030555555555555558 0.07654320987654321
0 0.7291666666666667 0.5135802469135803 0.044444444444444446 0.05432098765432099
0 0.638888888888889 0.6259259259259259 0.05 0.08148148148148147
0 0.6506944444444445 0.7530864197530864 0.051388888888888894 0.08888888888888889
0 0.5722222222222223 0.7802469135802469 0.03333333333333333 0.06419753086419754
0 0.4701388888888889 0.6135802469135803 0.043055555555555555 0.07654320987654321
0 0.5645833333333333 0.5493827160493827 0.043055555555555555 0.08641975308641975
0 0.41111111111111115 0.5148148148148148 0.03888888888888889 0.056790123456790124
0 0.3680555555555556 0.5493827160493827 0.04166666666666667 0.06172839506172839
0 0.4 0.6814814814814815 0.05 0.07901234567901234
0 0.04027777777777778 0.44320987654320987 0.07777777777777778 0.10123456790123457
1 0.7805555555555556 0.6814814814814815 0.05277777777777778 0.07407407407407407
1 0.5868055555555556 0.8827160493827161 0.051388888888888894 0.07654320987654321
1 0.4604166666666667 0.9555555555555555 0.06805555555555556 0.09382716049382715
