0 0.07083333333333333 0.06419753086419754 0.0638888888888889 0.1037037037037037
0 0.3423611111111111 0.47777777777777775 0.08472222222222223 0.13580246913580246
2 0.13125 0.5061728395061729 0.1125 0.09876543209876543
2 0.12222222222222223 0.25308641975308643 0.10277777777777779 0.08148148148148147
2 0.12708333333333333 0.19012345679012346 0.08750000000000001 0.08888888888888889
2 0.33194444444444443 0.28518518518518515 0.08055555555555556 0.08148148148148147
2 0.5319444444444444 0.7753086419753086 0.11111111111111112 0.1728395061728395
2 0.6145833333333334 0.8567901234567901 0.09861111111111112 0.18271604938271604
2 0.5486111111111112 0.4382716049382716 0.06666666666666667 0.06172839506172839
0 0.2569444444444445 0.24691358024691357 0.05277777777777778 0.07407407407407407
0 0.3340277777777778 0.20493827160493827 0.05416666666666667 0.09382716049382715
0 0.40208333333333335 0.21975308641975308 0.04583333333333334 0.08888888888888889
0 0.59375 0.6185185185185185 0.07083333333333333 0.1308641975308642
0 0.5548611111111111 0.4876543209876543 0.043055555555555555 0.09135802469135802
