2 0.6736111111111112 0.6777777777777778 0.09166666666666667 0.10123456790123457
2 0.5972222222222222 0.9296296296296296 0.16111111111111112 0.1259259259259259
2 0.4138888888888889 0.9506172839506173 0.10555555555555556 0.1037037037037037
0 0.17500000000000002 0.6901234567901234 0.1388888888888889 0.24444444444444444
0 0.24166666666666667 0.4839506172839506 0.08611111111111111 0.15308641975308643
0 0.1902777777777778 0.2641975308641975 0.07777777777777778 0.11358024691358025
0 0.5520833333333334 0.19753086419753085 0.051388888888888894 0.07407407407407407
0 0.6972222222222223 0.3111111111111111 0.04166666666666667 0.09382716049382715
0 0.9569444444444445 0.454320987654321 0.08888888888888889 0.14320987654320988
0 0.4166666666666667 0.7691358024691358 0.1 0.2345679012345679
0 0.4222222222222222 0.4691358024691358 0.061111111111111116 0.12345679012345678
