0 0.5819444444444445 0.38641975308641974 0.0638888888888889 0.1111111111111111
0 0.5583333333333333 0.445679012345679 0.0638888888888889 0.10617283950617283
0 0.5055555555555555 0.3876543209876543 0.05 0.09876543209876543
0 0.4638888888888889 0.3925925925925926 0.05277777777777778 0.08888888888888889
0 0.5604166666666667 0.2962962962962963 0.04583333333333334 0.09382716049382715
0 0.5979166666666667 0.24938271604938272 0.04861111111111111 0.08395061728395062
0 0.5319444444444444 0.19135802469135801 0.04722222222222222 0.07160493827160494
0 0.3923611111111111 0.39382716049382716 0.05694444444444444 0.08641975308641975
0 0.20972222222222223 0.5641975308641975 0.06944444444444445 0.10617283950617283
0 0.40208333333333335 0.15432098765432098 0.051388888888888894 0.05185185185185185
0 0.7090277777777778 0.21728395061728395 0.07916666666666666 0.1037037037037037
0 0.8743055555555556 0.8123456790123457 0.1513888888888889 0.19753086419753085
0 0.11180555555555556 0.9148148148148147 0.13472222222222222 0.17530864197530863
