1 0.7631944444444445 0.5493827160493827 0.07083333333333333 0.08641975308641975
1 0.7152777777777778 0.4802469135802469 0.0638888888888889 0.06172839506172839
1 0.9354166666666667 0.7024691358024692 0.09861111111111112 0.145679012345679
1 0.7305555555555556 0.8716049382716049 0.08055555555555556 0.1382716049382716
1 0.7034722222222223 0.6320987654320988 0.07083333333333333 0.07901234567901234
1 0.3388888888888889 0.9049382716049382 0.05277777777777778 0.06666666666666667
1 0.15069444444444444 0.8691358024691358 0.06527777777777778 0.11851851851851852
1 0.022222222222222223 0.8061728395061728 0.04166666666666667 0.10123456790123457
0 0.10208333333333333 0.6567901234567901 0.07083333333333333 0.09382716049382715
0 0.15347222222222223 0.571604938271605 0.04583333333333334 0.06172839506172839
0 0.24930555555555556 0.6407407407407407 0.06805555555555556 0.08148148148148147
0 0.33263888888888893 0.6049382716049383 0.05694444444444444 0.08888888888888889
0 0.8166666666666667 0.18395061728395062 0.04722222222222222 0.07160493827160494
0 0.6354166666666667 0.2765432098765432 0.043055555555555555 0.07407407407407407
0 0.6284722222222222 0.12469135802469136 0.04583333333333334 0.09135802469135802
0 0.8520833333333334 0.508641975308642 0.10972222222222222 0.13333333333333333
0 0.5618055555555556 0.528395061728395 0.08750000000000001 0.12839506172839507
0 0.5395833333333333 0.9148148148148147 0.0763888888888889 0.145679012345679
