2 0.27569444444444446 0.30246913580246915 0.09305555555555556 0.1259259259259259
1 0.08819444444444445 0.6851851851851851 0.07083333333333333 0.07654320987654321
0 0.04166666666666667 0.6530864197530865 0.03888888888888889 0.12098765432098765
0 0.4763888888888889 0.891358024691358 0.11666666666666667 0.1925925925925926
0 0.5743055555555556 0.28641975308641976 0.08194444444444444 0.1382716049382716
0 0.1638888888888889 0.5617283950617283 0.06944444444444445 0.1111111111111111
0 0.25625000000000003 0.20246913580246914 0.05416666666666667 0.08395061728395062
0 0.4395833333333333 0.23086419753086418 0.0625 0.10617283950617283
1 0.7944444444444445 0.15925925925925927 0.06666666666666667 0.08148148148148147
1 0.7916666666666667 0.07654320987654321 0.0638888888888889 0.07407407407407407
