1 0.8423611111111111 0.4271604938271605 0.06805555555555556 0.11851851851851852
1 0.7895833333333334 0.4419753086419753 0.06527777777777778 0.1037037037037037
1 0.6 0.6234567901234568 0.05555555555555556 0.07160493827160494
1 0.3458333333333333 0.845679012345679 0.04722222222222222 0.07654320987654321
1 0.17500000000000002 0.9753086419753086 0.06944444444444445 0.05432098765432099
0 0.5798611111111112 0.5333333333333333 0.05416666666666667 0.08395061728395062
0 0.4222222222222222 0.5222222222222223 0.05277777777777778 0.08641975308641975
0 0.5458333333333334 0.9444444444444444 0.08055555555555556 0.11604938271604938
0 0.38472222222222224 0.837037037037037 0.03888888888888889 0.1037037037037037
0 0.3875 0.7432098765432099 0.04166666666666667 0.08395061728395062
0 0.25625000000000003 0.5493827160493827 0.043055555555555555 0.06172839506172839
0 0.09236111111111112 0.5271604938271605 0.059722222222222225 0.07160493827160494
0 0.15555555555555556 0.7098765432098765 0.07222222222222223 0.09135802469135802
0 0.875 0.1308641975308642 0.1 0.16790123456790124
0 0.7034722222222223 0.5407407407407407 0.06805555555555556 0.12345679012345678
