0 0.40347222222222223 0.18271604938271604 0.0375 0.07407407407407407
0 0.8777777777777778 0.9222222222222222 0.08888888888888889 0.15061728395061727
0 0.4173611111111111 0.5975308641975309 0.0625 0.11851851851851852
0 0.5111111111111112 0.21975308641975308 0.04722222222222222 0.1037037037037037
0 0.6430555555555556 0.03333333333333333 0.05277777777777778 0.06172839506172839
0 0.882638888888889 0.07777777777777778 0.0625 0.09135802469135802
0 0.25833333333333336 0.2345679012345679 0.05 0.08395061728395062
0 0.25833333333333336 0.14320987654320988 0.04166666666666667 0.07407407407407407
0 0.1798611111111111 0.42839506172839503 0.059722222222222225 0.0962962962962963
1 0.8041666666666667 0.8592592592592593 0.06944444444444445 0.10864197530864197
1 0.7979166666666667 0.7172839506172839 0.06527777777777778 0.08641975308641975
1 0.18125 0.7938271604938272 0.059722222222222225 0.06666666666666667
