0 0.33333333333333337 0.09259259259259259 0.04166666666666667 0.07160493827160494
0 0.41250000000000003 0.21358024691358024 0.05277777777777778 0.10123456790123457
0 0.3715277777777778 0.2506172839506173 0.05416666666666667 0.10617283950617283
0 0.14583333333333334 0.10493827160493827 0.075 0.1308641975308642
0 0.20486111111111113 0.24814814814814815 0.0763888888888889 0.14074074074074075
0 0.4847222222222222 0.5 0.058333333333333334 0.10617283950617283
0 0.40902777777777777 0.5259259259259259 0.0625 0.12345679012345678
0 0.35694444444444445 0.591358024691358 0.08055555555555556 0.16049382716049382
0 0.42847222222222225 0.8012345679012346 0.06527777777777778 0.14074074074074075
0 0.41597222222222224 0.9518518518518518 0.09583333333333334 0.10123456790123457
0 0.29583333333333334 0.9160493827160494 0.10555555555555556 0.1728395061728395
0 0.19236111111111112 0.6765432098765432 0.09861111111111112 0.17777777777777778
