0 0.2701388888888889 0.8135802469135802 0.11805555555555557 0.17530864197530863
0 0.7909722222222223 0.9469135802469135 0.09583333333333334 0.1111111111111111
0 0.4486111111111111 0.9728395061728395 0.09722222222222222 0.05925925925925926
0 0.33125 0.3308641975308642 0.06527777777777778 0.11851851851851852
0 0.4548611111111111 0.17901234567901234 0.0625 0.10617283950617283
0 0.17569444444444446 0.30493827160493825 0.07361111111111111 0.1111111111111111
0 0.19791666666666669 0.16790123456790124 0.051388888888888894 0.07901234567901234
2 0.5180555555555556 0.6753086419753086 0.08888888888888889 0.10123456790123457
1 0.3368055555555556 0.7790123456790123 0.07361111111111111 0.12098765432098765
1 0.513888888888889 0.3888888888888889 0.08888888888888889 0.14074074074074075
2 0.3923611111111111 0.3098765432098765 0.04027777777777778 0.16049382716049382
0 0.24722222222222223 0.10987654320987654 0.04166666666666667 0.08148148148148147
0 0.1 0.11604938271604938 0.07777777777777778 0.09876543209876543
