1 0.9006944444444445 0.5950617283950617 0.07083333333333333 0.07901234567901234
1 0.6611111111111111 0.845679012345679 0.06666666666666667 0.08641975308641975
1 0.5270833333333333 0.9617283950617284 0.07361111111111111 0.08148148148148147
0 0.7229166666666667 0.06419753086419754 0.043055555555555555 0.07901234567901234
0 0.8090277777777778 0.36790123456790125 0.05694444444444444 0.0691358024691358
0 0.06180555555555556 0.2074074074074074 0.05694444444444444 0.08888888888888889
0 0.02013888888888889 0.49506172839506174 0.0375 0.1111111111111111
0 0.38958333333333334 0.48148148148148145 0.04027777777777778 0.06419753086419754
0 0.43819444444444444 0.4345679012345679 0.043055555555555555 0.05925925925925926
0 0.5055555555555555 0.5444444444444444 0.03888888888888889 0.08641975308641975
0 0.4361111111111111 0.6419753086419753 0.05 0.09382716049382715
0 0.6069444444444445 0.41728395061728396 0.044444444444444446 0.08395061728395062
0 0.70625 0.5209876543209876 0.051388888888888894 0.08888888888888889
0 0.7395833333333334 0.7111111111111111 0.05694444444444444 0.09382716049382715
