0 0.7909722222222223 0.11481481481481481 0.0375 0.06666666666666667
0 0.6840277777777778 0.07530864197530864 0.04027777777777778 0.07160493827160494
0 0.6805555555555556 0.45555555555555555 0.044444444444444446 0.07654320987654321
0 0.8868055555555556 0.3987654320987654 0.04861111111111111 0.07160493827160494
0 0.7819444444444444 0.545679012345679 0.05 0.07901234567901234
0 0.8152777777777778 0.7148148148148148 0.061111111111111116 0.09135802469135802
0 0.7131944444444445 0.7222222222222222 0.0375 0.07160493827160494
0 0.5854166666666667 0.5703703703703703 0.034722222222222224 0.07407407407407407
0 0.5159722222222223 0.4703703703703704 0.043055555555555555 0.056790123456790124
0 0.47847222222222224 0.5098765432098765 0.043055555555555555 0.06172839506172839
0 0.5208333333333334 0.6493827160493827 0.044444444444444446 0.07901234567901234
0 0.14652777777777778 0.4901234567901234 0.08194444444444444 0.0962962962962963
1 0.9770833333333334 0.6074074074074074 0.04861111111111111 0.08888888888888889
1 0.7458333333333333 0.854320987654321 0.044444444444444446 0.08395061728395062
1 0.6104166666666667 0.9592592592592593 0.06527777777777778 0.08641975308641975
