2 0.24166666666666667 0.8876543209876543 0.08333333333333334 0.22962962962962963
0 0.3055555555555556 0.7111111111111111 0.0638888888888889 0.14320987654320988
3 0.3479166666666667 0.571604938271605 0.07361111111111111 0.13580246913580246
2 0.30208333333333337 0.8666666666666667 0.04583333333333334 0.1876543209876543
0 0.3298611111111111 0.5148148148148148 0.07083333333333333 0.1308641975308642
0 0.3861111111111111 0.4222222222222222 0.07777777777777778 0.14814814814814814
0 0.4375 0.3135802469135802 0.06666666666666667 0.12839506172839507
0 0.4527777777777778 0.47160493827160493 0.07222222222222223 0.14320987654320988
0 0.42083333333333334 0.6074074074074074 0.08333333333333334 0.1037037037037037
0 0.38333333333333336 0.6864197530864198 0.08611111111111111 0.12345679012345678
0 0.35000000000000003 0.8271604938271605 0.09166666666666667 0.16790123456790124
2 0.3826388888888889 0.9444444444444444 0.17083333333333334 0.11604938271604938
0 0.4430555555555556 0.8061728395061728 0.1 0.17037037037037037
2 0.48958333333333337 0.3691358024691358 0.0625 0.23950617283950618
2 0.4652777777777778 0.6493827160493827 0.09444444444444444 0.20246913580246914
2 0.5125000000000001 0.6938271604938272 0.075 0.28641975308641976
0 0.5013888888888889 0.9111111111111111 0.10277777777777779 0.18271604938271604
0 0.5895833333333333 0.8209876543209876 0.10138888888888889 0.19506172839506172
0 0.7416666666666667 0.8814814814814814 0.1388888888888889 0.23703703703703705
0 0.670138888888889 0.6777777777777778 0.10972222222222222 0.19506172839506172
0 0.8118055555555556 0.5172839506172839 0.14027777777777778 0.19999999999999998
0 0.5840277777777778 0.5975308641975309 0.08194444444444444 0.1580246913580247
0 0.6631944444444444 0.48518518518518516 0.1125 0.19506172839506172
0 0.5708333333333333 0.4901234567901234 0.08055555555555556 0.1308641975308642
0 0.5395833333333333 0.3802469135802469 0.08472222222222223 0.16296296296296295
0 0.5993055555555555 0.29753086419753083 0.08472222222222223 0.1308641975308642
2 0.5972222222222222 0.2419753086419753 0.14722222222222223 0.1580246913580247
2 0.5520833333333334 0.2222222222222222 0.10694444444444445 0.13333333333333333
2 0.5166666666666667 0.12839506172839507 0.04166666666666667 0.17777777777777778
0 0.6777777777777778 0.2962962962962963 0.08611111111111111 0.16296296296296295
0 0.5590277777777778 0.09753086419753086 0.059722222222222225 0.1308641975308642
0 0.6173611111111111 0.12222222222222222 0.07083333333333333 0.13580246913580246
2 0.7034722222222223 0.12839506172839507 0.1513888888888889 0.2518518518518518
0 0.8027777777777778 0.17160493827160495 0.08888888888888889 0.13580246913580246
2 0.75625 0.32469135802469135 0.10416666666666667 0.22962962962962963
2 0.9534722222222223 0.08641975308641975 0.09583333333333334 0.16790123456790124
