2 0.10972222222222222 0.9024691358024691 0.13611111111111113 0.15061728395061727
0 0.21041666666666667 0.8012345679012346 0.1375 0.21481481481481482
0 0.125 0.7234567901234568 0.13333333333333333 0.2518518518518518
0 0.21736111111111112 0.6037037037037037 0.07083333333333333 0.13580246913580246
0 0.29375 0.6518518518518518 0.06527777777777778 0.12839506172839507
3 0.33611111111111114 0.8765432098765432 0.13055555555555556 0.2419753086419753
0 0.4652777777777778 0.8728395061728395 0.10277777777777779 0.25925925925925924
0 0.5722222222222223 0.8074074074074074 0.15833333333333333 0.2765432098765432
2 0.5145833333333334 0.5037037037037037 0.16527777777777777 0.5530864197530864
0 0.36319444444444443 0.7172839506172839 0.11527777777777778 0.18518518518518517
0 0.3763888888888889 0.5839506172839506 0.11388888888888889 0.1654320987654321
0 0.4618055555555556 0.6358024691358024 0.1125 0.18518518518518517
3 0.24166666666666667 0.4888888888888889 0.07222222222222223 0.12839506172839507
3 0.34097222222222223 0.4679012345679012 0.09583333333333334 0.145679012345679
0 0.4798611111111111 0.4012345679012346 0.08194444444444444 0.145679012345679
0 0.3993055555555556 0.3469135802469136 0.08750000000000001 0.1259259259259259
2 0.42430555555555555 0.26296296296296295 0.09861111111111112 0.15555555555555556
2 0.36319444444444443 0.2938271604938272 0.07361111111111111 0.2222222222222222
2 0.26666666666666666 0.19382716049382714 0.15833333333333333 0.20987654320987653
2 0.36875 0.13950617283950617 0.0625 0.22962962962962963
2 0.1763888888888889 0.35185185185185186 0.12222222222222223 0.16049382716049382
2 0.2465277777777778 0.15061728395061727 0.09861111111111112 0.21234567901234566
0 0.44583333333333336 0.10864197530864197 0.07777777777777778 0.12345679012345678
0 0.6458333333333334 0.5160493827160494 0.1277777777777778 0.23703703703703705
0 0.6041666666666667 0.28888888888888886 0.11388888888888889 0.20246913580246914
0 0.65 0.08641975308641975 0.13333333333333333 0.16790123456790124
2 0.8250000000000001 0.3345679012345679 0.18888888888888888 0.36790123456790125
2 0.8333333333333334 0.20987654320987653 0.20833333333333334 0.3160493827160494
2 0.9770833333333334 0.25679012345679014 0.04861111111111111 0.13333333333333333
3 0.757638888888889 0.19382716049382714 0.11527777777777778 0.22469135802469134
3 0.7965277777777778 0.03580246913580247 0.11527777777777778 0.06666666666666667
3 0.920138888888889 0.07037037037037037 0.15972222222222224 0.13580246913580246
