0 0.84375 0.5666666666666667 0.14305555555555557 0.2691358024691358
0 0.5326388888888889 0.8703703703703703 0.13472222222222222 0.24938271604938272
1 0.4902777777777778 0.6160493827160494 0.07777777777777778 0.10123456790123457
1 0.9777777777777779 0.9580246913580247 0.04722222222222222 0.08888888888888889
1 0.425 0.5185185185185185 0.061111111111111116 0.06419753086419754
1 0.3090277777777778 0.6024691358024691 0.043055555555555555 0.06419753086419754
0 0.2548611111111111 0.7777777777777778 0.05416666666666667 0.10864197530864197
0 0.13333333333333333 0.7888888888888889 0.07777777777777778 0.12098765432098765
0 0.14791666666666667 0.6382716049382716 0.051388888888888894 0.08148148148148147
0 0.55625 0.32469135802469135 0.05694444444444444 0.0962962962962963
0 0.6333333333333333 0.20864197530864198 0.044444444444444446 0.07654320987654321
