1 0.8791666666666667 0.2765432098765432 0.058333333333333334 0.09876543209876543
0 0.5791666666666667 0.5061728395061729 0.03888888888888889 0.09876543209876543
0 0.6895833333333333 0.7098765432098765 0.0625 0.09135802469135802
0 0.7861111111111111 0.23950617283950618 0.03333333333333333 0.08395061728395062
0 0.6708333333333334 0.2777777777777778 0.05 0.0962962962962963
0 0.4743055555555556 0.3074074074074074 0.04861111111111111 0.0962962962962963
0 0.4138888888888889 0.3135802469135802 0.05277777777777778 0.08395061728395062
0 0.4152777777777778 0.6839506172839506 0.08888888888888889 0.16296296296296295
1 0.8479166666666667 0.5296296296296297 0.04583333333333334 0.07654320987654321
1 0.8868055555555556 0.8111111111111111 0.05416666666666667 0.10617283950617283
1 0.6548611111111111 0.8333333333333334 0.06805555555555556 0.10123456790123457
1 0.6277777777777778 0.8987654320987654 0.04722222222222222 0.08395061728395062
1 0.6097222222222223 0.9728395061728395 0.02777777777777778 0.05925925925925926
1 0.5027777777777778 0.6654320987654321 0.036111111111111115 0.07654320987654321
1 0.6284722222222222 0.591358024691358 0.05416666666666667 0.11604938271604938
1 0.6097222222222223 0.4728395061728395 0.03888888888888889 0.046913580246913576
1 0.4951388888888889 0.45555555555555555 0.07083333333333333 0.09135802469135802
1 0.3909722222222222 0.4641975308641975 0.043055555555555555 0.05925925925925926
1 0.28750000000000003 0.35061728395061725 0.04722222222222222 0.07901234567901234
1 0.1125 0.9308641975308641 0.05 0.09382716049382715
1 0.025 0.7185185185185186 0.04722222222222222 0.09382716049382715
