0 0.48888888888888893 0.24691358024691357 0.030555555555555558 0.05925925925925926
0 0.5326388888888889 0.30617283950617286 0.0375 0.0691358024691358
0 0.19722222222222224 0.24814814814814815 0.05277777777777778 0.09135802469135802
0 0.3090277777777778 0.28518518518518515 0.04027777777777778 0.07160493827160494
0 0.7097222222222223 0.7506172839506172 0.05277777777777778 0.07901234567901234
0 0.7173611111111111 0.8592592592592593 0.04583333333333334 0.0691358024691358
0 0.6423611111111112 0.9308641975308641 0.051388888888888894 0.08888888888888889
0 0.4013888888888889 0.8666666666666667 0.04722222222222222 0.09876543209876543
0 0.1902777777777778 0.9160493827160494 0.058333333333333334 0.09876543209876543
0 0.21666666666666667 0.7592592592592592 0.07222222222222223 0.1308641975308642
0 0.09722222222222222 0.6271604938271604 0.08888888888888889 0.1382716049382716
