1 0.5527777777777778 0.4469135802469136 0.04166666666666667 0.06419753086419754
1 0.44027777777777777 0.36419753086419754 0.0638888888888889 0.08148148148148147
1 0.15 0.28271604938271605 0.05277777777777778 0.04197530864197531
1 0.2111111111111111 0.28888888888888886 0.058333333333333334 0.05432098765432099
1 0.16111111111111112 0.4222222222222222 0.08055555555555556 0.0691358024691358
0 0.7270833333333334 0.48518518518518516 0.034722222222222224 0.06172839506172839
0 0.6222222222222222 0.6283950617283951 0.058333333333333334 0.1111111111111111
0 0.5305555555555556 0.2654320987654321 0.03333333333333333 0.056790123456790124
0 0.5284722222222222 0.3691358024691358 0.04861111111111111 0.0962962962962963
0 0.3875 0.15432098765432098 0.05 0.06666666666666667
0 0.3125 0.42839506172839503 0.07222222222222223 0.0962962962962963
0 0.2715277777777778 0.5432098765432098 0.07916666666666666 0.10864197530864197
0 0.10416666666666667 0.9012345679012346 0.13611111111111113 0.1876543209876543
