0 0.18333333333333335 0.5851851851851851 0.10555555555555556 0.1728395061728395
0 0.15347222222222223 0.737037037037037 0.10694444444444445 0.19999999999999998
0 0.24444444444444446 0.6765432098765432 0.10555555555555556 0.2074074074074074
0 0.09444444444444444 0.8950617283950617 0.17222222222222222 0.21481481481481482
0 0.26458333333333334 0.9012345679012346 0.14305555555555557 0.20246913580246914
0 0.5784722222222223 0.5481481481481482 0.09305555555555556 0.1382716049382716
3 0.42638888888888893 0.8950617283950617 0.10277777777777779 0.21481481481481482
0 0.35694444444444445 0.9555555555555555 0.11388888888888889 0.09382716049382715
0 0.3 0.49753086419753084 0.12222222222222223 0.21975308641975308
0 0.37777777777777777 0.6345679012345679 0.13611111111111113 0.24691358024691357
0 0.39513888888888893 0.437037037037037 0.10416666666666667 0.16296296296296295
0 0.47847222222222224 0.5172839506172839 0.10972222222222222 0.21975308641975308
0 0.48888888888888893 0.745679012345679 0.13611111111111113 0.23209876543209876
0 0.5868055555555556 0.6962962962962963 0.12916666666666668 0.2419753086419753
0 0.5381944444444444 0.9024691358024691 0.12916666666666668 0.19999999999999998
0 0.6597222222222222 0.891358024691358 0.13055555555555556 0.2222222222222222
0 0.5520833333333334 0.3728395061728395 0.10694444444444445 0.2222222222222222
0 0.6263888888888889 0.3987654320987654 0.1277777777777778 0.24938271604938272
0 0.5361111111111111 0.2271604938271605 0.10833333333333334 0.1728395061728395
0 0.6402777777777778 0.1419753086419753 0.11666666666666667 0.18024691358024691
0 0.71875 0.32839506172839505 0.11527777777777778 0.19753086419753085
0 0.75625 0.14814814814814814 0.10416666666666667 0.18271604938271604
0 0.7375 0.48271604938271606 0.13055555555555556 0.18024691358024691
0 0.7243055555555555 0.6851851851851851 0.1513888888888889 0.21975308641975308
0 0.8131944444444444 0.865432098765432 0.17083333333333334 0.2740740740740741
0 0.8444444444444444 0.2765432098765432 0.1527777777777778 0.19753086419753085
0 0.7548611111111111 0.0345679012345679 0.13472222222222222 0.06419753086419754
0 0.8923611111111112 0.14074074074074075 0.10972222222222222 0.16296296296296295
0 0.8965277777777778 0.46296296296296297 0.1763888888888889 0.25925925925925924
3 0.951388888888889 0.3493827160493827 0.1 0.18518518518518517
0 0.9437500000000001 0.04814814814814815 0.10138888888888889 0.09135802469135802
0 0.9750000000000001 0.18271604938271604 0.05277777777777778 0.17777777777777778
0 0.9583333333333334 0.6395061728395062 0.08611111111111111 0.2617283950617284
0 0.951388888888889 0.8827160493827161 0.1 0.23950617283950618
