0 0.16180555555555556 0.754320987654321 0.22916666666666669 0.4567901234567901
2 0.05902777777777778 0.817283950617284 0.1125 0.3654320987654321
1 0.052083333333333336 0.43580246913580245 0.09861111111111112 0.20493827160493827
1 0.07222222222222223 0.20987654320987653 0.13333333333333333 0.1580246913580247
0 0.13194444444444445 0.3950617283950617 0.1527777777777778 0.23209876543209876
3 0.13958333333333334 0.5259259259259259 0.13472222222222222 0.2765432098765432
2 0.19236111111111112 0.22592592592592592 0.10416666666666667 0.10617283950617283
0 0.275 0.17777777777777778 0.14166666666666666 0.2074074074074074
0 0.2868055555555556 0.29753086419753083 0.12638888888888888 0.19012345679012346
3 0.25833333333333336 0.5024691358024691 0.10833333333333334 0.23950617283950618
3 0.3416666666666667 0.8530864197530864 0.19166666666666668 0.29876543209876544
3 0.24930555555555556 0.7864197530864198 0.0763888888888889 0.3234567901234568
0 0.6055555555555556 0.8493827160493826 0.30833333333333335 0.30617283950617286
3 0.5076388888888889 0.791358024691358 0.18194444444444446 0.21975308641975308
2 0.5625 0.6283950617283951 0.44722222222222224 0.2740740740740741
3 0.32430555555555557 0.6432098765432098 0.09861111111111112 0.145679012345679
3 0.4076388888888889 0.519753086419753 0.12916666666666668 0.13580246913580246
3 0.8270833333333334 0.49876543209876545 0.2263888888888889 0.2765432098765432
3 0.6090277777777778 0.4666666666666667 0.1486111111111111 0.1876543209876543
2 0.44583333333333336 0.3790123456790123 0.1638888888888889 0.27901234567901234
3 0.5361111111111111 0.37160493827160496 0.125 0.15061728395061727
3 0.37430555555555556 0.3135802469135802 0.1125 0.15308641975308643
0 0.40555555555555556 0.145679012345679 0.13055555555555556 0.21234567901234566
0 0.4965277777777778 0.17777777777777778 0.1513888888888889 0.26666666666666666
0 0.5819444444444445 0.08024691358024691 0.1388888888888889 0.15555555555555556
0 0.6555555555555556 0.22962962962962963 0.15833333333333333 0.2716049382716049
3 0.6638888888888889 0.3567901234567901 0.125 0.06172839506172839
0 0.7222222222222222 0.11728395061728394 0.14166666666666666 0.22469135802469134
2 0.8729166666666667 0.1567901234567901 0.2263888888888889 0.30864197530864196
2 0.9229166666666667 0.06296296296296296 0.1513888888888889 0.12098765432098765
