1 0.24027777777777778 0.562962962962963 0.14444444444444446 0.1925925925925926
1 0.2798611111111111 0.8061728395061728 0.09027777777777778 0.1308641975308642
0 0.9034722222222222 0.8135802469135802 0.051388888888888894 0.07654320987654321
0 0.6090277777777778 0.9716049382716049 0.04861111111111111 0.06172839506172839
0 0.3902777777777778 0.8703703703703703 0.0638888888888889 0.1259259259259259
0 0.5270833333333333 0.7172839506172839 0.04583333333333334 0.08148148148148147
0 0.5951388888888889 0.3987654320987654 0.043055555555555555 0.07654320987654321
0 0.5340277777777778 0.445679012345679 0.043055555555555555 0.0962962962962963
0 0.5131944444444445 0.3728395061728395 0.0375 0.07407407407407407
0 0.16805555555555557 0.4246913580246913 0.05277777777777778 0.08888888888888889
0 0.2611111111111111 0.39012345679012345 0.05555555555555556 0.09876543209876543
