1 0.1763888888888889 0.8493827160493826 0.10833333333333334 0.1876543209876543
1 0.10902777777777778 0.9123456790123456 0.08472222222222223 0.14074074074074075
0 0.9743055555555556 0.5271604938271605 0.05416666666666667 0.1111111111111111
0 0.9437500000000001 0.7 0.09583333333333334 0.16049382716049382
0 0.6041666666666667 0.14814814814814814 0.061111111111111116 0.11851851851851852
0 0.0638888888888889 0.23950617283950618 0.09722222222222222 0.20246913580246914
0 0.2215277777777778 0.671604938271605 0.07916666666666666 0.14814814814814814
0 0.04722222222222222 0.9604938271604938 0.08333333333333334 0.08395061728395062
1 0.93125 0.37037037037037035 0.0625 0.07901234567901234
1 0.9222222222222223 0.4765432098765432 0.061111111111111116 0.08888888888888889
1 0.5034722222222222 0.5592592592592592 0.08472222222222223 0.14074074074074075
1 0.23402777777777778 0.44814814814814813 0.12916666666666668 0.145679012345679
1 0.17500000000000002 0.5839506172839506 0.10277777777777779 0.1654320987654321
1 0.3729166666666667 0.30123456790123454 0.051388888888888894 0.0691358024691358
0 0.45972222222222225 0.20493827160493827 0.06666666666666667 0.11851851851851852
