2 0.6201388888888889 0.3987654320987654 0.051388888888888894 0.14074074074074075
3 0.09166666666666667 0.9098765432098765 0.17777777777777778 0.18518518518518517
3 0.19861111111111113 0.8037037037037037 0.14166666666666666 0.24938271604938272
3 0.3180555555555556 0.7074074074074074 0.125 0.21975308641975308
3 0.32916666666666666 0.8888888888888888 0.1 0.2271604938271605
3 0.125 0.32222222222222224 0.11666666666666667 0.16049382716049382
3 0.5805555555555556 0.24320987654320989 0.09444444444444444 0.145679012345679
0 0.46597222222222223 0.2814814814814815 0.08750000000000001 0.1876543209876543
0 0.5291666666666667 0.4012345679012346 0.07777777777777778 0.1111111111111111
2 0.4173611111111111 0.8864197530864197 0.12083333333333333 0.23209876543209876
3 0.49236111111111114 0.8617283950617284 0.11805555555555557 0.24691358024691357
0 0.5555555555555556 0.6604938271604938 0.125 0.19506172839506172
0 0.5923611111111111 0.8049382716049382 0.14305555555555557 0.2617283950617284
0 0.725 0.7728395061728395 0.1388888888888889 0.2716049382716049
3 0.6680555555555556 0.6209876543209877 0.1277777777777778 0.11604938271604938
2 0.8375 0.9222222222222222 0.15555555555555556 0.16049382716049382
3 0.9388888888888889 0.7654320987654321 0.12222222222222223 0.1876543209876543
2 0.8534722222222223 0.6888888888888889 0.09583333333333334 0.2518518518518518
2 0.6368055555555556 0.47777777777777775 0.17083333333333334 0.20493827160493827
2 0.8520833333333334 0.36296296296296293 0.05416666666666667 0.09382716049382715
3 0.925 0.35555555555555557 0.07777777777777778 0.1382716049382716
3 0.7965277777777778 0.4024691358024691 0.04583333333333334 0.11851851851851852
2 0.8590277777777778 0.3234567901234568 0.07361111111111111 0.11851851851851852
3 0.757638888888889 0.48641975308641977 0.07083333333333333 0.14320987654320988
2 0.7423611111111111 0.3802469135802469 0.07916666666666666 0.08395061728395062
2 0.8743055555555556 0.4839506172839506 0.1625 0.11358024691358025
3 0.9493055555555556 0.5962962962962963 0.10416666666666667 0.19999999999999998
