0 0.027083333333333334 0.32839506172839505 0.051388888888888894 0.1037037037037037
0 0.06736111111111111 0.19012345679012346 0.051388888888888894 0.09876543209876543
1 0.4277777777777778 0.8049382716049382 0.1 0.14814814814814814
0 0.5236111111111111 0.6790123456790124 0.06666666666666667 0.14320987654320988
0 0.4666666666666667 0.691358024691358 0.06944444444444445 0.11358024691358025
0 0.47222222222222227 0.5975308641975309 0.0638888888888889 0.1037037037037037
0 0.4534722222222222 0.5407407407407407 0.06527777777777778 0.08888888888888889
0 0.4527777777777778 0.4641975308641975 0.05 0.07407407407407407
0 0.49444444444444446 0.4580246913580247 0.04722222222222222 0.10123456790123457
0 0.4881944444444445 0.3851851851851852 0.051388888888888894 0.0691358024691358
0 0.43333333333333335 0.4308641975308642 0.05 0.08641975308641975
0 0.44583333333333336 0.36049382716049383 0.044444444444444446 0.06419753086419754
0 0.5437500000000001 0.30864197530864196 0.04861111111111111 0.08395061728395062
0 0.5923611111111111 0.2580246913580247 0.04861111111111111 0.07160493827160494
0 0.5534722222222223 0.2345679012345679 0.034722222222222224 0.07407407407407407
0 0.7236111111111111 0.06049382716049383 0.03888888888888889 0.056790123456790124
2 0.8756944444444444 0.2419753086419753 0.1125 0.08888888888888889
0 0.43680555555555556 0.30493827160493825 0.0375 0.06172839506172839
0 0.4527777777777778 0.254320987654321 0.03888888888888889 0.04938271604938271
