0 0.025694444444444447 0.7851851851851852 0.04861111111111111 0.15308641975308643
0 0.18333333333333335 0.3358024691358025 0.058333333333333334 0.07407407407407407
0 0.10486111111111111 0.3654320987654321 0.05694444444444444 0.06419753086419754
0 0.46319444444444446 0.3753086419753086 0.051388888888888894 0.07407407407407407
0 0.47361111111111115 0.29012345679012347 0.04722222222222222 0.06666666666666667
0 0.5340277777777778 0.2654320987654321 0.043055555555555555 0.056790123456790124
0 0.6326388888888889 0.23333333333333334 0.03194444444444445 0.05185185185185185
0 0.7555555555555555 0.2802469135802469 0.05555555555555556 0.09135802469135802
0 0.8145833333333333 0.22839506172839505 0.05416666666666667 0.09135802469135802
0 0.7743055555555556 0.3987654320987654 0.0625 0.11604938271604938
0 0.888888888888889 0.39999999999999997 0.075 0.12839506172839507
1 0.9409722222222222 0.5061728395061729 0.08194444444444444 0.08888888888888889
0 0.8645833333333334 0.5518518518518518 0.08194444444444444 0.13580246913580246
0 0.9027777777777778 0.7802469135802469 0.10833333333333334 0.18271604938271604
0 0.8659722222222223 0.9148148148148147 0.12361111111111112 0.17530864197530863
0 0.7756944444444445 0.9728395061728395 0.09305555555555556 0.05925925925925926
