0 0.8708333333333333 0.38641975308641974 0.044444444444444446 0.07654320987654321
0 0.8402777777777778 0.5123456790123456 0.04166666666666667 0.07160493827160494
0 0.7090277777777778 0.5382716049382716 0.04027777777777778 0.07407407407407407
0 0.5979166666666667 0.7580246913580246 0.051388888888888894 0.0691358024691358
0 0.5166666666666667 0.682716049382716 0.044444444444444446 0.07160493827160494
0 0.42430555555555555 0.9012345679012346 0.043055555555555555 0.09382716049382715
0 0.27361111111111114 0.6666666666666666 0.06666666666666667 0.09876543209876543
0 0.2923611111111111 0.27037037037037037 0.05694444444444444 0.09135802469135802
0 0.09791666666666667 0.2876543209876543 0.06805555555555556 0.0962962962962963
0 0.07986111111111112 0.6382716049382716 0.07361111111111111 0.1111111111111111
1 0.3888888888888889 0.37160493827160496 0.03888888888888889 0.07654320987654321
1 0.6013888888888889 0.645679012345679 0.03888888888888889 0.06172839506172839
1 0.732638888888889 0.6975308641975309 0.043055555555555555 0.08148148148148147
1 0.5909722222222222 0.9506172839506173 0.04027777777777778 0.0691358024691358
1 0.6180555555555556 0.9802469135802468 0.03333333333333333 0.044444444444444446
1 0.6423611111111112 0.9679012345679012 0.043055555555555555 0.0691358024691358
1 0.44375000000000003 0.7 0.05416666666666667 0.10617283950617283
1 0.4798611111111111 0.6308641975308642 0.034722222222222224 0.07160493827160494
1 0.3229166666666667 0.5222222222222223 0.04583333333333334 0.07654320987654321
1 0.19861111111111113 0.6123456790123457 0.0638888888888889 0.11358024691358025
1 0.019444444444444445 0.7358024691358025 0.036111111111111115 0.08395061728395062
