1 0.7388888888888889 0.11604938271604938 0.058333333333333334 0.07901234567901234
1 0.7368055555555556 0.19753086419753085 0.06527777777777778 0.0691358024691358
0 0.9680555555555556 0.0691358024691358 0.058333333333333334 0.07901234567901234
0 0.6909722222222222 0.046913580246913576 0.059722222222222225 0.08888888888888889
0 0.5486111111111112 0.3160493827160494 0.08055555555555556 0.10864197530864197
0 0.4277777777777778 0.2716049382716049 0.05277777777777778 0.09382716049382715
0 0.26458333333333334 0.2506172839506173 0.05416666666666667 0.07654320987654321
1 0.9291666666666667 0.854320987654321 0.09166666666666667 0.12345679012345678
1 0.58125 0.8975308641975308 0.05694444444444444 0.1111111111111111
0 0.45972222222222225 0.8222222222222222 0.09444444444444444 0.15308641975308643
0 0.1826388888888889 0.5802469135802469 0.0625 0.1037037037037037
2 0.28750000000000003 0.34444444444444444 0.08888888888888889 0.1111111111111111
