2 0.10902777777777778 0.7086419753086419 0.2125 0.39012345679012345
3 0.03680555555555556 0.3617283950617284 0.07083333333333333 0.13580246913580246
3 0.03194444444444445 0.21481481481481482 0.061111111111111116 0.16296296296296295
2 0.11527777777777778 0.3851851851851852 0.1527777777777778 0.10864197530864197
2 0.12569444444444444 0.46172839506172836 0.19305555555555556 0.09382716049382715
2 0.24305555555555555 0.2876543209876543 0.09166666666666667 0.13580246913580246
3 0.18888888888888888 0.20246913580246914 0.08888888888888889 0.0691358024691358
2 0.15069444444444444 0.16049382716049382 0.09027777777777778 0.08888888888888889
3 0.16111111111111112 0.5209876543209876 0.17777777777777778 0.17777777777777778
3 0.3027777777777778 0.408641975308642 0.1277777777777778 0.17037037037037037
0 0.40208333333333335 0.5185185185185185 0.12361111111111112 0.2222222222222222
0 0.47500000000000003 0.36790123456790125 0.1388888888888889 0.2419753086419753
2 0.36944444444444446 0.6395061728395062 0.1638888888888889 0.3802469135802469
3 0.30972222222222223 0.7271604938271605 0.08611111111111111 0.22962962962962963
2 0.22708333333333333 0.7160493827160493 0.10416666666666667 0.34074074074074073
2 0.3298611111111111 0.9185185185185185 0.2847222222222222 0.16790123456790124
2 0.5256944444444445 0.782716049382716 0.12638888888888888 0.43950617283950616
2 0.7930555555555556 0.9333333333333333 0.17500000000000002 0.1382716049382716
0 0.3368055555555556 0.17037037037037037 0.10694444444444445 0.1728395061728395
3 0.37986111111111115 0.11851851851851852 0.10138888888888889 0.07901234567901234
2 0.6201388888888889 0.4888888888888889 0.20416666666666666 0.1925925925925926
3 0.6201388888888889 0.5617283950617283 0.14305555555555557 0.1111111111111111
3 0.59375 0.3419753086419753 0.11805555555555557 0.10617283950617283
2 0.42291666666666666 0.24320987654320989 0.1125 0.14074074074074075
3 0.4791666666666667 0.2777777777777778 0.1277777777777778 0.07654320987654321
3 0.5152777777777778 0.20123456790123456 0.11666666666666667 0.1111111111111111
3 0.44236111111111115 0.12098765432098765 0.0625 0.07407407407407407
3 0.5076388888888889 0.09012345679012346 0.11527777777777778 0.1308641975308642
0 0.6027777777777777 0.20123456790123456 0.10555555555555556 0.18518518518518517
0 0.7868055555555555 0.7148148148148148 0.18194444444444446 0.2938271604938272
0 0.86875 0.5148148148148148 0.17916666666666667 0.24938271604938272
3 0.9458333333333334 0.5901234567901235 0.11111111111111112 0.20246913580246914
2 0.9069444444444444 0.42345679012345677 0.18888888888888888 0.145679012345679
2 0.84375 0.3592592592592593 0.18194444444444446 0.1111111111111111
2 0.7993055555555556 0.2962962962962963 0.18194444444444446 0.14814814814814814
0 0.6833333333333333 0.18024691358024691 0.09166666666666667 0.1876543209876543
0 0.7659722222222223 0.16790123456790124 0.10972222222222222 0.17777777777777778
1 0.8715277777777778 0.1728395061728395 0.15972222222222224 0.17777777777777778
0 0.625 0.024691358024691357 0.07222222222222223 0.044444444444444446
3 0.69375 0.037037037037037035 0.10138888888888889 0.0691358024691358
3 0.78125 0.06172839506172839 0.08194444444444444 0.09876543209876543
2 0.8305555555555556 0.05432098765432099 0.08055555555555556 0.1037037037037037
0 0.8805555555555555 0.03950617283950617 0.07222222222222223 0.07407407407407407
3 0.9437500000000001 0.043209876543209874 0.11527777777777778 0.08148148148148147
3 0.9465277777777779 0.1111111111111111 0.10972222222222222 0.11851851851851852
