0 0.7444444444444445 0.571604938271605 0.075 0.17037037037037037
1 0.826388888888889 0.7209876543209877 0.03888888888888889 0.0691358024691358
1 0.7847222222222222 0.6493827160493827 0.061111111111111116 0.08888888888888889
0 0.21180555555555555 0.691358024691358 0.04583333333333334 0.0691358024691358
0 0.6743055555555556 0.04197530864197531 0.05694444444444444 0.07901234567901234
1 0.29930555555555555 0.09012345679012346 0.04583333333333334 0.056790123456790124
1 0.04513888888888889 0.2728395061728395 0.08194444444444444 0.07654320987654321
1 0.35833333333333334 0.1419753086419753 0.05555555555555556 0.07654320987654321
1 0.3138888888888889 0.3765432098765432 0.0638888888888889 0.0962962962962963
1 0.34444444444444444 0.5654320987654321 0.05 0.07901234567901234
1 0.27361111111111114 0.5222222222222223 0.061111111111111116 0.10123456790123457
1 0.6666666666666667 0.7839506172839505 0.08055555555555556 0.13580246913580246
1 0.7451388888888889 0.8679012345679012 0.04027777777777778 0.08148148148148147
0 0.4291666666666667 0.06296296296296296 0.07777777777777778 0.1111111111111111
