2 0.2388888888888889 0.945679012345679 0.09722222222222222 0.11358024691358025
0 0.1826388888888889 0.2802469135802469 0.051388888888888894 0.046913580246913576
0 0.019444444444444445 0.3814814814814815 0.036111111111111115 0.09135802469135802
0 0.35000000000000003 0.1765432098765432 0.044444444444444446 0.0962962962962963
0 0.9368055555555556 0.4271604938271605 0.06527777777777778 0.1382716049382716
0 0.9805555555555556 0.4012345679012346 0.04166666666666667 0.08641975308641975
0 0.38958333333333334 0.30123456790123454 0.043055555555555555 0.07407407407407407
0 0.5638888888888889 0.1728395061728395 0.044444444444444446 0.05432098765432099
0 0.7277777777777779 0.22469135802469134 0.058333333333333334 0.07901234567901234
0 0.7909722222222223 0.6728395061728395 0.12916666666666668 0.22469135802469134
