0 0.9368055555555556 0.3888888888888889 0.07361111111111111 0.1259259259259259
0 0.8833333333333334 0.5592592592592592 0.09166666666666667 0.1308641975308642
1 0.89375 0.2185185185185185 0.05694444444444444 0.07654320987654321
1 0.875 0.3296296296296296 0.0638888888888889 0.09135802469135802
1 0.3041666666666667 0.10740740740740741 0.05555555555555556 0.08641975308641975
1 0.44236111111111115 0.39382716049382716 0.09305555555555556 0.15061728395061727
1 0.13541666666666669 0.2518518518518518 0.11527777777777778 0.12839506172839507
1 0.07013888888888889 0.4012345679012346 0.10138888888888889 0.1259259259259259
0 0.11944444444444445 0.5185185185185185 0.08611111111111111 0.17777777777777778
1 0.06319444444444444 0.6888888888888889 0.12361111111111112 0.21728395061728395
