2 0.8909722222222223 0.6222222222222222 0.15416666666666667 0.2518518518518518
2 0.75 0.7851851851851852 0.08611111111111111 0.4345679012345679
1 0.7166666666666667 0.25308641975308643 0.07777777777777778 0.21481481481481482
1 0.7097222222222223 0.0691358024691358 0.06666666666666667 0.08888888888888889
1 0.36875 0.654320987654321 0.06527777777777778 0.10864197530864197
2 0.15694444444444444 0.6617283950617284 0.10833333333333334 0.13333333333333333
1 0.6694444444444445 0.817283950617284 0.12222222222222223 0.2419753086419753
1 0.325 0.2839506172839506 0.05555555555555556 0.07407407407407407
1 0.3041666666666667 0.3851851851851852 0.061111111111111116 0.1037037037037037
1 0.3576388888888889 0.38271604938271603 0.05694444444444444 0.09382716049382715
0 0.4652777777777778 0.8024691358024691 0.11388888888888889 0.2074074074074074
0 0.5604166666666667 0.7777777777777778 0.07083333333333333 0.12345679012345678
0 0.5541666666666667 0.5950617283950617 0.07777777777777778 0.1382716049382716
0 0.4444444444444445 0.5432098765432098 0.11388888888888889 0.23209876543209876
0 0.27083333333333337 0.7024691358024692 0.1388888888888889 0.2839506172839506
0 0.16041666666666668 0.9333333333333333 0.11527777777777778 0.1382716049382716
