0 0.13541666666666669 0.5814814814814815 0.04583333333333334 0.08148148148148147
1 0.06875 0.6271604938271604 0.06527777777777778 0.06419753086419754
0 0.14791666666666667 0.3876543209876543 0.05694444444444444 0.07901234567901234
0 0.2729166666666667 0.6679012345679012 0.06805555555555556 0.10617283950617283
1 0.39375 0.19753086419753085 0.04861111111111111 0.0691358024691358
0 0.3527777777777778 0.29012345679012347 0.04722222222222222 0.08641975308641975
1 0.607638888888889 0.20617283950617282 0.059722222222222225 0.10123456790123457
1 0.5208333333333334 0.6172839506172839 0.061111111111111116 0.09382716049382715
1 0.6409722222222223 0.817283950617284 0.09027777777777778 0.1037037037037037
1 0.576388888888889 0.9333333333333333 0.061111111111111116 0.09382716049382715
0 0.29444444444444445 0.35061728395061725 0.05277777777777778 0.06419753086419754
