0 0.12986111111111112 0.046913580246913576 0.08472222222222223 0.08888888888888889
0 0.42708333333333337 0.9567901234567902 0.13472222222222222 0.09135802469135802
0 0.4569444444444445 0.5691358024691358 0.18055555555555555 0.29876543209876544
0 0.576388888888889 0.11851851851851852 0.07777777777777778 0.11851851851851852
0 0.7631944444444445 0.17037037037037037 0.04583333333333334 0.07407407407407407
0 0.8145833333333333 0.26296296296296295 0.0625 0.10617283950617283
2 0.7118055555555556 0.8061728395061728 0.08750000000000001 0.11604938271604938
2 0.6902777777777778 0.6728395061728395 0.15833333333333333 0.1654320987654321
2 0.8472222222222222 0.454320987654321 0.07777777777777778 0.14814814814814814
2 0.7722222222222223 0.3851851851851852 0.11388888888888889 0.16296296296296295
