2 0.7284722222222223 0.7753086419753086 0.06527777777777778 0.11851851851851852
0 0.8083333333333333 0.6975308641975309 0.10833333333333334 0.17530864197530863
0 0.6458333333333334 0.8061728395061728 0.058333333333333334 0.10123456790123457
0 0.8916666666666667 0.38395061728395063 0.04722222222222222 0.08148148148148147
0 0.9069444444444444 0.25925925925925924 0.05555555555555556 0.08395061728395062
0 0.58125 0.5358024691358024 0.043055555555555555 0.06419753086419754
0 0.41111111111111115 0.5246913580246914 0.04722222222222222 0.08148148148148147
1 0.45833333333333337 0.41728395061728396 0.04722222222222222 0.04938271604938271
1 0.7055555555555556 0.662962962962963 0.044444444444444446 0.07160493827160494
1 0.69375 0.5555555555555556 0.043055555555555555 0.05925925925925926
1 0.7958333333333334 0.4530864197530864 0.05277777777777778 0.07160493827160494
