1 0.8284722222222223 0.45925925925925926 0.08472222222222223 0.11851851851851852
0 0.20208333333333334 0.48271604938271606 0.05694444444444444 0.0962962962962963
0 0.4375 0.6172839506172839 0.05277777777777778 0.08888888888888889
0 0.6604166666666667 0.3419753086419753 0.04027777777777778 0.07654320987654321
0 0.725 0.6444444444444445 0.058333333333333334 0.09876543209876543
1 0.6868055555555556 0.7493827160493827 0.10972222222222222 0.17530864197530863
1 0.4138888888888889 0.6679012345679012 0.058333333333333334 0.06172839506172839
1 0.29305555555555557 0.762962962962963 0.07222222222222223 0.10864197530864197
1 0.4027777777777778 0.791358024691358 0.08888888888888889 0.1308641975308642
1 0.43819444444444444 0.9395061728395061 0.059722222222222225 0.1111111111111111
