0 0.7770833333333333 0.025925925925925925 0.0625 0.046913580246913576
0 0.4416666666666667 0.17037037037037037 0.04166666666666667 0.06419753086419754
0 0.6909722222222222 0.29753086419753083 0.059722222222222225 0.10617283950617283
0 0.1076388888888889 0.05185185185185185 0.07083333333333333 0.09876543209876543
0 0.11180555555555556 0.21234567901234566 0.07361111111111111 0.14320987654320988
0 0.2152777777777778 0.3617283950617284 0.10555555555555556 0.17037037037037037
1 0.5916666666666667 0.674074074074074 0.07777777777777778 0.12839506172839507
1 0.3548611111111111 0.5506172839506173 0.09027777777777778 0.12345679012345678
0 0.34305555555555556 0.7851851851851852 0.07222222222222223 0.1728395061728395
0 0.0763888888888889 0.6333333333333333 0.15 0.2345679012345679
