0 0.3493055555555556 0.09259259259259259 0.0375 0.06666666666666667
0 0.47500000000000003 0.20123456790123456 0.03888888888888889 0.06172839506172839
0 0.670138888888889 0.9444444444444444 0.0625 0.11604938271604938
0 0.6173611111111111 0.8444444444444444 0.06527777777777778 0.11851851851851852
0 0.15555555555555556 0.5061728395061729 0.04722222222222222 0.05925925925925926
0 0.6333333333333333 0.5839506172839506 0.05555555555555556 0.0962962962962963
0 0.4979166666666667 0.023456790123456788 0.04861111111111111 0.04197530864197531
0 0.5833333333333334 0.03827160493827161 0.04722222222222222 0.07160493827160494
0 0.6708333333333334 0.03950617283950617 0.04166666666666667 0.07407407407407407
0 0.5083333333333333 0.2740740740740741 0.04166666666666667 0.08395061728395062
0 0.3701388888888889 0.31234567901234567 0.043055555555555555 0.07160493827160494
