2 0.35347222222222224 0.16666666666666666 0.06805555555555556 0.07654320987654321
0 0.5125000000000001 0.7555555555555555 0.06944444444444445 0.1382716049382716
0 0.5034722222222222 0.5160493827160494 0.09583333333333334 0.14320987654320988
0 0.5215277777777778 0.2604938271604938 0.04861111111111111 0.09135802469135802
0 0.6743055555555556 0.30864197530864196 0.04583333333333334 0.07407407407407407
0 0.6465277777777778 0.25308641975308643 0.043055555555555555 0.06666666666666667
0 0.5159722222222223 0.09876543209876543 0.034722222222222224 0.0691358024691358
0 0.47500000000000003 0.0962962962962963 0.03888888888888889 0.0691358024691358
0 0.4361111111111111 0.1345679012345679 0.030555555555555558 0.056790123456790124
0 0.2916666666666667 0.06296296296296296 0.04722222222222222 0.07654320987654321
0 0.19722222222222224 0.25555555555555554 0.061111111111111116 0.09135802469135802
