0 0.5333333333333333 0.8753086419753087 0.08333333333333334 0.11604938271604938
0 0.46875 0.8185185185185185 0.07916666666666666 0.14074074074074075
0 0.4395833333333333 0.9740740740740741 0.11805555555555557 0.056790123456790124
0 0.39583333333333337 0.8827160493827161 0.10277777777777779 0.17037037037037037
0 0.20555555555555557 0.6382716049382716 0.14166666666666666 0.22469135802469134
2 0.5291666666666667 0.9567901234567902 0.07777777777777778 0.09135802469135802
2 0.42847222222222225 0.6962962962962963 0.09861111111111112 0.08888888888888889
0 0.43819444444444444 0.6555555555555556 0.06527777777777778 0.0962962962962963
0 0.34861111111111115 0.5296296296296297 0.05277777777777778 0.09135802469135802
0 0.23541666666666666 0.42839506172839503 0.05694444444444444 0.0962962962962963
0 0.04166666666666667 0.29753086419753083 0.06944444444444445 0.09135802469135802
0 0.10486111111111111 0.47160493827160493 0.09027777777777778 0.14814814814814814
