1 0.11319444444444444 0.9419753086419753 0.10416666666666667 0.12098765432098765
0 0.5958333333333333 0.10123456790123457 0.058333333333333334 0.12345679012345678
0 0.6125 0.21358024691358024 0.0638888888888889 0.1259259259259259
0 0.7604166666666667 0.36790123456790125 0.0763888888888889 0.14814814814814814
0 0.7597222222222223 0.10493827160493827 0.09722222222222222 0.17037037037037037
0 0.1590277777777778 0.7259259259259259 0.10138888888888889 0.16790123456790124
1 0.9784722222222223 0.8604938271604938 0.04583333333333334 0.10123456790123457
1 0.8680555555555556 0.09382716049382715 0.058333333333333334 0.09382716049382715
1 0.04236111111111111 0.5925925925925926 0.08194444444444444 0.1728395061728395
1 0.3472222222222222 0.3358024691358025 0.05555555555555556 0.09876543209876543
1 0.5388888888888889 0.37037037037037035 0.05 0.10864197530864197
1 0.4152777777777778 0.6925925925925925 0.061111111111111116 0.11604938271604938
1 0.48125 0.9481481481481482 0.07083333333333333 0.10864197530864197
