3 0.19861111111111113 0.7037037037037037 0.11944444444444445 0.23209876543209876
2 0.3576388888888889 0.26296296296296295 0.08750000000000001 0.14074074074074075
0 0.11458333333333334 0.5641975308641975 0.17916666666666667 0.2641975308641975
0 0.05625 0.8469135802469135 0.10972222222222222 0.2716049382716049
2 0.23125 0.8419753086419753 0.18472222222222223 0.32098765432098764
2 0.21875 0.7839506172839505 0.17916666666666667 0.32839506172839505
2 0.29444444444444445 0.41604938271604935 0.20833333333333334 0.19999999999999998
3 0.27083333333333337 0.5024691358024691 0.09166666666666667 0.1111111111111111
3 0.35000000000000003 0.537037037037037 0.11666666666666667 0.2345679012345679
3 0.2625 0.3 0.11111111111111112 0.17037037037037037
3 0.24097222222222223 0.2271604938271605 0.07083333333333333 0.21728395061728395
3 0.3215277777777778 0.14814814814814814 0.10694444444444445 0.13333333333333333
0 0.4548611111111111 0.18641975308641975 0.10972222222222222 0.24444444444444444
3 0.44375000000000003 0.4049382716049383 0.09861111111111112 0.23209876543209876
2 0.44583333333333336 0.7024691358024692 0.20555555555555557 0.3432098765432099
2 0.5881944444444445 0.4666666666666667 0.20416666666666666 0.2765432098765432
3 0.5736111111111112 0.7283950617283951 0.19166666666666668 0.3308641975308642
3 0.7534722222222222 0.791358024691358 0.22361111111111112 0.35802469135802467
2 0.6034722222222223 0.23086419753086418 0.19583333333333333 0.1654320987654321
3 0.5416666666666667 0.14074074074074075 0.1 0.16790123456790124
2 0.5666666666666667 0.08395061728395062 0.08333333333333334 0.16296296296296295
0 0.6527777777777778 0.06666666666666667 0.13611111111111113 0.12839506172839507
0 0.7444444444444445 0.291358024691358 0.15 0.21234567901234566
0 0.9159722222222223 0.38271604938271603 0.17083333333333334 0.3259259259259259
