0 0.8819444444444445 0.1382716049382716 0.05 0.08395061728395062
0 0.6479166666666667 0.08641975308641975 0.0625 0.09876543209876543
0 0.4104166666666667 0.27901234567901234 0.04861111111111111 0.07901234567901234
0 0.2611111111111111 0.25308641975308643 0.04166666666666667 0.06666666666666667
0 0.5125000000000001 0.3098765432098765 0.05555555555555556 0.0962962962962963
0 0.4236111111111111 0.7160493827160493 0.07777777777777778 0.12839506172839507
0 0.1798611111111111 0.5333333333333333 0.059722222222222225 0.08888888888888889
0 0.9194444444444445 0.9790123456790123 0.1 0.046913580246913576
1 0.8375 0.9530864197530864 0.06944444444444445 0.09876543209876543
1 0.8291666666666667 0.8037037037037037 0.0638888888888889 0.08148148148148147
1 0.5243055555555556 0.7839506172839505 0.04583333333333334 0.07654320987654321
1 0.1840277777777778 0.9234567901234567 0.059722222222222225 0.08888888888888889
