0 0.826388888888889 0.6851851851851851 0.044444444444444446 0.07654320987654321
0 0.83125 0.7802469135802469 0.04583333333333334 0.08888888888888889
0 0.9159722222222223 0.7246913580246913 0.043055555555555555 0.06666666666666667
0 0.6854166666666667 0.5740740740740741 0.043055555555555555 0.06172839506172839
0 0.5784722222222223 0.3493827160493827 0.02638888888888889 0.056790123456790124
0 0.4986111111111111 0.4469135802469136 0.044444444444444446 0.0691358024691358
0 0.3506944444444445 0.2740740740740741 0.03194444444444445 0.05925925925925926
0 0.3666666666666667 0.337037037037037 0.04166666666666667 0.06666666666666667
0 0.19791666666666669 0.5654320987654321 0.07083333333333333 0.07901234567901234
0 0.35000000000000003 0.5074074074074074 0.05277777777777778 0.08641975308641975
0 0.44375000000000003 0.7567901234567901 0.06527777777777778 0.1111111111111111
1 0.7361111111111112 0.9320987654320988 0.058333333333333334 0.09135802469135802
1 0.6048611111111112 0.9345679012345679 0.0763888888888889 0.12098765432098765
0 0.545138888888889 0.9296296296296296 0.06805555555555556 0.1111111111111111
0 0.1701388888888889 0.9740740740740741 0.07083333333333333 0.056790123456790124
