1 0.725 0.6493827160493827 0.04166666666666667 0.07901234567901234
0 0.8756944444444444 0.8123456790123457 0.051388888888888894 0.07407407407407407
0 0.8006944444444445 0.9629629629629629 0.04583333333333334 0.07901234567901234
0 0.13541666666666669 0.11604938271604938 0.08194444444444444 0.12345679012345678
0 0.2111111111111111 0.34444444444444444 0.06944444444444445 0.12098765432098765
0 0.3229166666666667 0.5271604938271605 0.04861111111111111 0.0962962962962963
0 0.47500000000000003 0.9407407407407408 0.058333333333333334 0.08888888888888889
0 0.30833333333333335 0.24938271604938272 0.05555555555555556 0.12345679012345678
0 0.4840277777777778 0.2345679012345679 0.043055555555555555 0.07407407407407407
0 0.5201388888888889 0.5148148148148148 0.04583333333333334 0.09135802469135802
0 0.7208333333333333 0.4802469135802469 0.04166666666666667 0.07160493827160494
