0 0.11597222222222223 0.21975308641975308 0.07083333333333333 0.11851851851851852
2 0.08194444444444444 0.8629629629629629 0.14444444444444446 0.27901234567901234
1 0.044444444444444446 0.6185185185185185 0.08611111111111111 0.145679012345679
2 0.1125 0.42839506172839503 0.11388888888888889 0.14074074074074075
0 0.06875 0.3691358024691358 0.07916666666666666 0.11604938271604938
0 0.43680555555555556 0.3888888888888889 0.059722222222222225 0.1111111111111111
0 0.7729166666666667 0.14074074074074075 0.09861111111111112 0.25679012345679014
0 0.9708333333333333 0.3333333333333333 0.061111111111111116 0.07407407407407407
1 0.4840277777777778 0.8506172839506173 0.09583333333333334 0.12098765432098765
0 0.7090277777777778 0.8716049382716049 0.07361111111111111 0.1382716049382716
