2 0.45763888888888893 0.6024691358024691 0.0625 0.15308641975308643
1 0.4604166666666667 0.5 0.059722222222222225 0.0962962962962963
1 0.5965277777777778 0.41604938271604935 0.05416666666666667 0.08148148148148147
1 0.89375 0.1567901234567901 0.07361111111111111 0.1308641975308642
0 0.41111111111111115 0.037037037037037035 0.05277777777777778 0.0691358024691358
2 0.3138888888888889 0.6679012345679012 0.13055555555555556 0.18518518518518517
0 0.13333333333333333 0.8407407407407407 0.18888888888888888 0.3234567901234568
1 0.7006944444444445 0.7259259259259259 0.059722222222222225 0.09382716049382715
1 0.7069444444444445 0.6098765432098765 0.0638888888888889 0.11358024691358025
1 0.5743055555555556 0.6790123456790124 0.07361111111111111 0.12345679012345678
1 0.3145833333333333 0.25925925925925924 0.07361111111111111 0.09876543209876543
1 0.22083333333333335 0.17037037037037037 0.0638888888888889 0.08395061728395062
1 0.26875 0.18271604938271604 0.08472222222222223 0.09876543209876543
1 0.05763888888888889 0.4604938271604938 0.1125 0.20493827160493827
1 0.04027777777777778 0.7530864197530864 0.07777777777777778 0.2222222222222222
0 0.8625 0.5703703703703703 0.08888888888888889 0.15308641975308643
0 0.9819444444444445 0.24320987654320989 0.03888888888888889 0.1259259259259259
0 0.5673611111111111 0.3197530864197531 0.07083333333333333 0.12098765432098765
0 0.951388888888889 0.7814814814814814 0.08055555555555556 0.1308641975308642
0 0.3715277777777778 0.9641975308641975 0.09027777777777778 0.07654320987654321
