1 0.8166666666666667 0.3728395061728395 0.07777777777777778 0.0691358024691358
1 0.6451388888888889 0.34814814814814815 0.04583333333333334 0.05925925925925926
1 0.5736111111111112 0.345679012345679 0.05277777777777778 0.0691358024691358
3 0.6555555555555556 0.7209876543209877 0.030555555555555558 0.05925925925925926
1 0.4375 0.891358024691358 0.09166666666666667 0.16296296296296295
0 0.6819444444444445 0.19506172839506172 0.044444444444444446 0.05432098765432099
0 0.9652777777777778 0.1876543209876543 0.0638888888888889 0.10864197530864197
0 0.2986111111111111 0.1111111111111111 0.03888888888888889 0.05925925925925926
0 0.3923611111111111 0.09876543209876543 0.0375 0.06419753086419754
0 0.7375 0.8617283950617284 0.09722222222222222 0.2518518518518518
1 0.5861111111111111 0.6493827160493827 0.07777777777777778 0.11358024691358025
