0 0.2215277777777778 0.48641975308641977 0.051388888888888894 0.08395061728395062
1 0.9534722222222223 0.5604938271604938 0.09583333333333334 0.1382716049382716
1 0.5750000000000001 0.9234567901234567 0.09166666666666667 0.1580246913580247
1 0.4305555555555556 0.6802469135802469 0.05555555555555556 0.0962962962962963
0 0.25625000000000003 0.845679012345679 0.08194444444444444 0.16049382716049382
0 0.31319444444444444 0.6851851851851851 0.0763888888888889 0.1111111111111111
0 0.15347222222222223 0.6864197530864198 0.08472222222222223 0.13333333333333333
0 0.6298611111111111 0.5975308641975309 0.06805555555555556 0.12839506172839507
0 0.8159722222222222 0.4493827160493827 0.04583333333333334 0.1037037037037037
0 0.8048611111111111 0.2604938271604938 0.0625 0.10123456790123457
0 0.18472222222222223 0.35555555555555557 0.08333333333333334 0.1382716049382716
0 0.6930555555555555 0.11728395061728394 0.044444444444444446 0.09135802469135802
0 0.6201388888888889 0.13209876543209875 0.051388888888888894 0.07654320987654321
0 0.5527777777777778 0.15555555555555556 0.04722222222222222 0.05925925925925926
0 0.5277777777777778 0.11604938271604938 0.04722222222222222 0.06419753086419754
0 0.35833333333333334 0.0691358024691358 0.04722222222222222 0.044444444444444446
2 0.5027777777777778 0.22839506172839505 0.0638888888888889 0.056790123456790124
2 0.43194444444444446 0.11358024691358025 0.06944444444444445 0.0691358024691358
0 0.024305555555555556 0.28641975308641976 0.04583333333333334 0.06419753086419754
0 0.017361111111111112 0.19135802469135801 0.03194444444444445 0.1111111111111111
