2 0.53125 0.1925925925925926 0.04861111111111111 0.11358024691358025
0 0.30625 0.04074074074074074 0.051388888888888894 0.07654320987654321
0 0.23125 0.16049382716049382 0.0763888888888889 0.13333333333333333
0 0.31319444444444444 0.3098765432098765 0.043055555555555555 0.07654320987654321
0 0.40902777777777777 0.13950617283950617 0.059722222222222225 0.09135802469135802
0 0.38819444444444445 0.41728395061728396 0.09583333333333334 0.1925925925925926
0 0.35625 0.6333333333333333 0.08750000000000001 0.17037037037037037
0 0.22916666666666669 0.8407407407407407 0.10833333333333334 0.17037037037037037
2 0.40208333333333335 0.6592592592592592 0.11805555555555557 0.19753086419753085
2 0.3201388888888889 0.9296296296296296 0.09861111111111112 0.145679012345679
2 0.8215277777777779 0.11358024691358025 0.09861111111111112 0.13333333333333333
2 0.5243055555555556 0.5580246913580247 0.0625 0.11358024691358025
2 0.5131944444444445 0.4111111111111111 0.0763888888888889 0.13580246913580246
2 0.5145833333333334 0.35555555555555557 0.08472222222222223 0.15308641975308643
