2 0.29791666666666666 0.5098765432098765 0.10694444444444445 0.18518518518518517
1 0.04027777777777778 0.254320987654321 0.07777777777777778 0.15308641975308643
1 0.4277777777777778 0.445679012345679 0.07777777777777778 0.145679012345679
1 0.45069444444444445 0.9037037037037037 0.10972222222222222 0.19753086419753085
1 0.5986111111111111 0.7469135802469136 0.05277777777777778 0.08641975308641975
0 0.49722222222222223 0.20246913580246914 0.05555555555555556 0.10864197530864197
0 0.53125 0.18024691358024691 0.029166666666666667 0.07901234567901234
0 0.9659722222222222 0.6382716049382716 0.07083333333333333 0.22469135802469134
0 0.6375000000000001 0.6234567901234568 0.05555555555555556 0.0962962962962963
0 0.5034722222222222 0.5962962962962963 0.06805555555555556 0.18024691358024691
