0 0.9625 0.3432098765432099 0.07777777777777778 0.1580246913580247
0 0.5402777777777777 0.09259259259259259 0.030555555555555558 0.06666666666666667
0 0.5784722222222223 0.02962962962962963 0.029166666666666667 0.05432098765432099
0 0.5319444444444444 0.18641975308641975 0.04722222222222222 0.1111111111111111
0 0.732638888888889 0.6925925925925925 0.08194444444444444 0.15555555555555556
0 0.5979166666666667 0.4407407407407407 0.08750000000000001 0.1308641975308642
0 0.8930555555555556 0.9395061728395061 0.08611111111111111 0.1259259259259259
0 0.7430555555555556 0.8629629629629629 0.08611111111111111 0.1259259259259259
0 0.22916666666666669 0.1925925925925926 0.061111111111111116 0.11358024691358025
0 0.1840277777777778 0.6098765432098765 0.06805555555555556 0.09876543209876543
0 0.11319444444444444 0.7283950617283951 0.10138888888888889 0.13333333333333333
