2 0.6006944444444444 0.9135802469135802 0.11527777777777778 0.17777777777777778
2 0.6583333333333333 0.865432098765432 0.09444444444444444 0.17037037037037037
3 0.7826388888888889 0.5172839506172839 0.04861111111111111 0.07654320987654321
2 0.45972222222222225 0.08518518518518518 0.044444444444444446 0.08641975308641975
0 0.20486111111111113 0.03950617283950617 0.06805555555555556 0.07407407407407407
0 0.2777777777777778 0.14074074074074075 0.036111111111111115 0.0691358024691358
0 0.32222222222222224 0.3753086419753086 0.06944444444444445 0.13333333333333333
0 0.3458333333333333 0.22098765432098766 0.08055555555555556 0.145679012345679
0 0.2326388888888889 0.5444444444444444 0.07361111111111111 0.11604938271604938
0 0.26805555555555555 0.7123456790123457 0.08333333333333334 0.17037037037037037
0 0.06180555555555556 0.7567901234567901 0.12083333333333333 0.27901234567901234
2 0.23611111111111113 0.8567901234567901 0.14166666666666666 0.1728395061728395
2 0.4548611111111111 0.2234567901234568 0.0763888888888889 0.11604938271604938
2 0.4569444444444445 0.32839506172839505 0.08888888888888889 0.07407407407407407
