0 0.36041666666666666 0.4444444444444444 0.05694444444444444 0.07407407407407407
0 0.4534722222222222 0.6765432098765432 0.05416666666666667 0.09382716049382715
0 0.6715277777777778 0.23950617283950618 0.043055555555555555 0.08888888888888889
0 0.5791666666666667 0.11975308641975309 0.04166666666666667 0.056790123456790124
0 0.6006944444444444 0.29259259259259257 0.04861111111111111 0.06666666666666667
1 0.6173611111111111 0.5962962962962963 0.06805555555555556 0.08641975308641975
1 0.9055555555555556 0.30123456790123454 0.07777777777777778 0.08395061728395062
3 0.8986111111111111 0.11975308641975309 0.030555555555555558 0.05185185185185185
3 0.4986111111111111 0.8839506172839506 0.022222222222222223 0.02962962962962963
3 0.5298611111111111 0.9123456790123456 0.015277777777777779 0.027160493827160494
