1 0.17430555555555557 0.24814814814814815 0.12916666666666668 0.21481481481481482
1 0.9395833333333333 0.9407407407407408 0.12361111111111112 0.12345679012345678
0 0.6819444444444445 0.018518518518518517 0.04166666666666667 0.03209876543209877
0 0.6097222222222223 0.1037037037037037 0.05555555555555556 0.1037037037037037
0 0.7513888888888889 0.1765432098765432 0.058333333333333334 0.1308641975308642
0 0.7111111111111111 0.4024691358024691 0.06944444444444445 0.12345679012345678
0 0.7819444444444444 0.38641975308641974 0.075 0.12098765432098765
0 0.9756944444444445 0.7234567901234568 0.051388888888888894 0.09876543209876543
0 0.9486111111111112 0.5802469135802469 0.058333333333333334 0.11358024691358025
0 0.4277777777777778 0.7098765432098765 0.09166666666666667 0.18518518518518517
0 0.23819444444444446 0.7790123456790123 0.11527777777777778 0.21481481481481482
