0 0.49930555555555556 0.5308641975308642 0.034722222222222224 0.06419753086419754
0 0.47708333333333336 0.48148148148148145 0.0375 0.06419753086419754
0 0.39861111111111114 0.47901234567901235 0.04166666666666667 0.06419753086419754
0 0.4277777777777778 0.454320987654321 0.03888888888888889 0.04938271604938271
0 0.31319444444444444 0.5320987654320988 0.051388888888888894 0.07654320987654321
0 0.2 0.8444444444444444 0.10277777777777779 0.16296296296296295
0 0.38333333333333336 0.8185185185185185 0.03333333333333333 0.0962962962962963
0 0.44930555555555557 0.7296296296296296 0.07361111111111111 0.1308641975308642
0 0.5020833333333333 0.8308641975308642 0.06527777777777778 0.1259259259259259
0 0.7513888888888889 0.7074074074074074 0.044444444444444446 0.08148148148148147
0 0.7701388888888889 0.6518518518518518 0.04027777777777778 0.08395061728395062
