1 0.49583333333333335 0.03950617283950617 0.03888888888888889 0.07407407407407407
0 0.6340277777777779 0.14444444444444443 0.051388888888888894 0.09135802469135802
0 0.6756944444444445 0.07901234567901234 0.029166666666666667 0.044444444444444446
1 0.3923611111111111 0.9259259259259259 0.0375 0.08395061728395062
0 0.8111111111111111 0.15185185185185185 0.030555555555555558 0.07160493827160494
0 0.7569444444444444 0.18271604938271604 0.036111111111111115 0.07901234567901234
0 0.6506944444444445 0.3802469135802469 0.04027777777777778 0.09382716049382715
0 0.04097222222222222 0.9506172839506173 0.07361111111111111 0.1037037037037037
0 0.732638888888889 0.7901234567901234 0.07083333333333333 0.11358024691358025
0 0.23402777777777778 0.682716049382716 0.09305555555555556 0.145679012345679
0 0.17222222222222222 0.4962962962962963 0.075 0.11358024691358025
1 0.04930555555555556 0.2518518518518518 0.07361111111111111 0.07407407407407407
1 0.17500000000000002 0.3259259259259259 0.05 0.05432098765432099
1 0.4527777777777778 0.14814814814814814 0.058333333333333334 0.08395061728395062
1 0.6006944444444444 0.43580246913580245 0.0375 0.09135802469135802
3 0.65 0.9481481481481482 0.05277777777777778 0.10864197530864197
