1 0.39305555555555555 0.7148148148148148 0.07222222222222223 0.10617283950617283
1 0.34861111111111115 0.6580246913580247 0.07222222222222223 0.11604938271604938
0 0.18611111111111112 0.49876543209876545 0.061111111111111116 0.09876543209876543
0 0.65625 0.7012345679012345 0.08194444444444444 0.11358024691358025
0 0.89375 0.28518518518518515 0.08750000000000001 0.13580246913580246
0 0.5923611111111111 0.09999999999999999 0.07361111111111111 0.13580246913580246
0 0.4354166666666667 0.12469135802469136 0.07083333333333333 0.14074074074074075
1 0.19583333333333333 0.9 0.08333333333333334 0.08148148148148147
1 0.6986111111111112 0.7975308641975308 0.061111111111111116 0.09876543209876543
1 0.8555555555555556 0.9629629629629629 0.09722222222222222 0.07901234567901234
1 0.7763888888888889 0.19382716049382714 0.09444444444444444 0.15555555555555556
0 0.020833333333333336 0.12839506172839507 0.03888888888888889 0.14320987654320988
