0 0.8965277777777778 0.3469135802469136 0.04583333333333334 0.06172839506172839
0 0.29305555555555557 0.21728395061728395 0.03888888888888889 0.07407407407407407
2 0.2798611111111111 0.645679012345679 0.06527777777777778 0.1308641975308642
2 0.1902777777777778 0.6925925925925925 0.08888888888888889 0.145679012345679
1 0.21041666666666667 0.8629629629629629 0.07083333333333333 0.11604938271604938
2 0.13194444444444445 0.8493827160493826 0.11944444444444445 0.21234567901234566
0 0.16458333333333333 0.06790123456790123 0.04583333333333334 0.07654320987654321
0 0.05625 0.37037037037037035 0.10972222222222222 0.18271604938271604
0 0.17569444444444446 0.49382716049382713 0.06805555555555556 0.11851851851851852
0 0.3513888888888889 0.2740740740740741 0.030555555555555558 0.07407407407407407
0 0.3784722222222222 0.3197530864197531 0.0375 0.08148148148148147
0 0.4291666666666667 0.3765432098765432 0.061111111111111116 0.07654320987654321
2 0.5076388888888889 0.23950617283950618 0.07083333333333333 0.0691358024691358
