2 0.6798611111111111 0.32839506172839505 0.0625 0.1728395061728395
2 0.5909722222222222 0.5987654320987654 0.0625 0.22469135802469134
0 0.775 0.13950617283950617 0.058333333333333334 0.0962962962962963
0 0.7069444444444445 0.11481481481481481 0.05277777777777778 0.0962962962962963
0 0.6368055555555556 0.0962962962962963 0.0625 0.1037037037037037
0 0.5590277777777778 0.10864197530864197 0.0625 0.12345679012345678
0 0.5597222222222222 0.22839506172839505 0.07222222222222223 0.1259259259259259
0 0.4618055555555556 0.35802469135802467 0.08472222222222223 0.13333333333333333
0 0.2013888888888889 0.8395061728395061 0.08055555555555556 0.1382716049382716
0 0.32708333333333334 0.9716049382716049 0.07916666666666666 0.06172839506172839
0 0.10208333333333333 0.9481481481481482 0.09861111111111112 0.10864197530864197
