0 0.39166666666666666 0.04814814814814815 0.025 0.037037037037037035
0 0.4131944444444445 0.10123456790123457 0.02638888888888889 0.04938271604938271
0 0.3826388888888889 0.12962962962962962 0.02638888888888889 0.05185185185185185
0 0.17222222222222222 0.8419753086419753 0.10555555555555556 0.1925925925925926
0 0.9868055555555556 0.8407407407407407 0.029166666666666667 0.1259259259259259
0 0.9444444444444445 0.7617283950617284 0.07777777777777778 0.11604938271604938
0 0.8652777777777778 0.8395061728395061 0.1 0.12839506172839507
2 0.7895833333333334 0.8851851851851852 0.0763888888888889 0.13580246913580246
1 0.7527777777777778 0.9222222222222222 0.09722222222222222 0.12098765432098765
1 0.58125 0.9382716049382716 0.06805555555555556 0.12839506172839507
0 0.5305555555555556 0.5481481481481482 0.07222222222222223 0.12839506172839507
0 0.5291666666666667 0.2604938271604938 0.061111111111111116 0.11604938271604938
0 0.49722222222222223 0.3493827160493827 0.075 0.12098765432098765
0 0.3715277777777778 0.39999999999999997 0.05694444444444444 0.1037037037037037
0 0.08750000000000001 0.4024691358024691 0.06944444444444445 0.12839506172839507
0 0.075 0.12098765432098765 0.044444444444444446 0.0691358024691358
1 0.3215277777777778 0.3654320987654321 0.051388888888888894 0.06419753086419754
2 0.576388888888889 0.7851851851851852 0.08055555555555556 0.16790123456790124
2 0.6590277777777778 0.828395061728395 0.0625 0.1308641975308642
2 0.9423611111111111 0.5432098765432098 0.10972222222222222 0.1580246913580247
