0 0.9 0.5888888888888889 0.05 0.07654320987654321
2 0.11388888888888889 0.9518518518518518 0.1638888888888889 0.10123456790123457
2 0.46597222222222223 0.7530864197530864 0.07916666666666666 0.2222222222222222
1 0.8423611111111111 0.7481481481481481 0.09861111111111112 0.1876543209876543
0 0.2263888888888889 0.46296296296296297 0.11388888888888889 0.20493827160493827
0 0.3965277777777778 0.4444444444444444 0.08472222222222223 0.17777777777777778
0 0.6395833333333334 0.945679012345679 0.10138888888888889 0.11358024691358025
0 0.8930555555555556 0.46296296296296297 0.05555555555555556 0.10123456790123457
0 0.7486111111111111 0.23950617283950618 0.06944444444444445 0.11851851851851852
0 0.6763888888888889 0.24320987654320989 0.0638888888888889 0.12098765432098765
0 0.7375 0.05555555555555555 0.06944444444444445 0.10617283950617283
0 0.9569444444444445 0.7469135802469136 0.044444444444444446 0.0962962962962963
1 0.1902777777777778 0.05432098765432099 0.125 0.1037037037037037
