0 0.7444444444444445 0.145679012345679 0.03888888888888889 0.0691358024691358
0 0.1951388888888889 0.5950617283950617 0.07083333333333333 0.16790123456790124
2 0.2013888888888889 0.7950617283950617 0.09722222222222222 0.18271604938271604
0 0.6868055555555556 0.9580246913580247 0.09583333333333334 0.08888888888888889
0 0.7729166666666667 0.8098765432098766 0.07916666666666666 0.16790123456790124
0 0.7229166666666667 0.5481481481481482 0.09861111111111112 0.16790123456790124
0 0.4729166666666667 0.3987654320987654 0.10694444444444445 0.14074074074074075
0 0.9708333333333333 0.2641975308641975 0.061111111111111116 0.1382716049382716
0 0.8909722222222223 0.2765432098765432 0.04861111111111111 0.0691358024691358
0 0.8597222222222223 0.3148148148148148 0.05555555555555556 0.09135802469135802
0 0.670138888888889 0.13333333333333333 0.04861111111111111 0.06419753086419754
0 0.7000000000000001 0.1876543209876543 0.061111111111111116 0.09876543209876543
0 0.7083333333333334 0.2691358024691358 0.04166666666666667 0.1037037037037037
0 0.8993055555555556 0.17530864197530863 0.04861111111111111 0.0691358024691358
