2 0.6340277777777779 0.8481481481481481 0.0375 0.15061728395061727
1 0.39513888888888893 0.9641975308641975 0.05416666666666667 0.07654320987654321
0 0.3125 0.8358024691358025 0.05 0.06666666666666667
0 0.19583333333333333 0.6135802469135803 0.06944444444444445 0.07160493827160494
0 0.29930555555555555 0.928395061728395 0.051388888888888894 0.08888888888888889
0 0.3402777777777778 0.8901234567901234 0.05 0.09135802469135802
0 0.4979166666666667 0.7790123456790123 0.0625 0.09135802469135802
0 0.41458333333333336 0.8592592592592593 0.05694444444444444 0.09876543209876543
0 0.5909722222222222 0.5407407407407407 0.06527777777777778 0.1037037037037037
0 0.607638888888889 0.6851851851851851 0.06805555555555556 0.14074074074074075
0 0.9027777777777778 0.437037037037037 0.17222222222222222 0.17777777777777778
