1 0.6583333333333333 0.8777777777777778 0.08333333333333334 0.13580246913580246
1 0.7312500000000001 0.8814814814814814 0.07916666666666666 0.1580246913580247
1 0.6743055555555556 0.7617283950617284 0.05416666666666667 0.0962962962962963
1 0.71875 0.7148148148148148 0.0625 0.11604938271604938
0 0.6034722222222223 0.6049382716049383 0.07083333333333333 0.12345679012345678
0 0.2763888888888889 0.29753086419753083 0.0638888888888889 0.0962962962962963
0 0.3138888888888889 0.1469135802469136 0.058333333333333334 0.09135802469135802
0 0.3479166666666667 0.2580246913580247 0.051388888888888894 0.0962962962962963
0 0.7652777777777778 0.48148148148148145 0.03888888888888889 0.09382716049382715
0 0.6729166666666667 0.6679012345679012 0.04583333333333334 0.09135802469135802
2 0.4708333333333333 0.5814814814814815 0.09166666666666667 0.08148148148148147
2 0.48194444444444445 0.7975308641975308 0.09166666666666667 0.09876543209876543
