1 0.48333333333333334 0.35555555555555557 0.06944444444444445 0.07407407407407407
0 0.5666666666666667 0.8308641975308642 0.08333333333333334 0.2345679012345679
1 0.48888888888888893 0.8061728395061728 0.08055555555555556 0.19999999999999998
1 0.6805555555555556 0.7728395061728395 0.07777777777777778 0.1382716049382716
1 0.036111111111111115 0.09876543209876543 0.06944444444444445 0.09876543209876543
1 0.11041666666666668 0.12345679012345678 0.08472222222222223 0.09876543209876543
0 0.016666666666666666 0.22098765432098766 0.030555555555555558 0.11604938271604938
0 0.1902777777777778 0.23209876543209876 0.08333333333333334 0.1382716049382716
0 0.14652777777777778 0.5345679012345679 0.10694444444444445 0.20493827160493827
0 0.5069444444444444 0.48518518518518516 0.061111111111111116 0.13580246913580246
0 0.9652777777777778 0.9320987654320988 0.07222222222222223 0.14074074074074075
0 0.86875 0.9567901234567902 0.13194444444444445 0.09135802469135802
0 0.8777777777777778 0.7271604938271605 0.1 0.15061728395061727
0 0.8125 0.7308641975308642 0.0638888888888889 0.11358024691358025
0 0.7722222222222223 0.15555555555555556 0.044444444444444446 0.08395061728395062
0 0.7590277777777779 0.07901234567901234 0.051388888888888894 0.08395061728395062
0 0.7208333333333333 0.16790123456790124 0.04722222222222222 0.08395061728395062
0 0.3284722222222222 0.04938271604938271 0.04027777777777778 0.09382716049382715
0 0.9791666666666667 0.45555555555555555 0.044444444444444446 0.1111111111111111
