0 0.7263888888888889 0.8567901234567901 0.08611111111111111 0.15308641975308643
0 0.7125 0.6962962962962963 0.06944444444444445 0.12345679012345678
0 0.3888888888888889 0.5209876543209876 0.07222222222222223 0.1037037037037037
0 0.5576388888888889 0.5432098765432098 0.0625 0.08395061728395062
0 0.49583333333333335 0.41234567901234565 0.04722222222222222 0.09382716049382715
0 0.36944444444444446 0.17530864197530863 0.03333333333333333 0.06419753086419754
0 0.08958333333333333 0.3037037037037037 0.0763888888888889 0.1037037037037037
1 0.9333333333333333 0.9506172839506173 0.058333333333333334 0.09382716049382715
1 0.8041666666666667 0.7654320987654321 0.07777777777777778 0.14320987654320988
1 0.6708333333333334 0.5925925925925926 0.061111111111111116 0.09382716049382715
