0 0.6652777777777779 0.5654320987654321 0.04166666666666667 0.0691358024691358
0 0.41597222222222224 0.6395061728395062 0.04027777777777778 0.05925925925925926
0 0.6270833333333333 0.4469135802469136 0.034722222222222224 0.05925925925925926
0 0.6333333333333333 0.5209876543209876 0.030555555555555558 0.06419753086419754
0 0.6375000000000001 0.30617283950617286 0.036111111111111115 0.05925925925925926
0 0.4930555555555556 0.20246913580246914 0.03333333333333333 0.05925925925925926
0 0.4305555555555556 0.2876543209876543 0.030555555555555558 0.056790123456790124
0 0.4013888888888889 0.3111111111111111 0.030555555555555558 0.05432098765432099
0 0.3979166666666667 0.2641975308641975 0.029166666666666667 0.05432098765432099
0 0.3736111111111111 0.2222222222222222 0.030555555555555558 0.06419753086419754
0 0.325 0.1925925925925926 0.036111111111111115 0.05925925925925926
0 0.46458333333333335 0.37160493827160496 0.034722222222222224 0.06666666666666667
0 0.38333333333333336 0.5111111111111111 0.044444444444444446 0.07901234567901234
1 0.45972222222222225 0.8753086419753087 0.05 0.0962962962962963
1 0.5916666666666667 0.8382716049382716 0.05 0.12098765432098765
1 0.3548611111111111 0.4691358024691358 0.04861111111111111 0.1037037037037037
1 0.40625 0.37160493827160496 0.0375 0.056790123456790124
0 0.22013888888888888 0.608641975308642 0.05416666666666667 0.09135802469135802
0 0.1763888888888889 0.5987654320987654 0.058333333333333334 0.10123456790123457
1 0.15555555555555556 0.5469135802469136 0.075 0.07160493827160494
1 0.20208333333333334 0.4111111111111111 0.043055555555555555 0.06172839506172839
1 0.1326388888888889 0.7493827160493827 0.05416666666666667 0.1111111111111111
1 0.09583333333333334 0.7851851851851852 0.058333333333333334 0.09876543209876543
1 0.08541666666666667 0.6419753086419753 0.08194444444444444 0.12345679012345678
0 0.016666666666666666 0.6617283950617284 0.030555555555555558 0.07407407407407407
