0 0.6868055555555556 0.1037037037037037 0.03194444444444445 0.05432098765432099
0 0.8104166666666667 0.17407407407407408 0.04027777777777778 0.07160493827160494
0 0.6402777777777778 0.15308641975308643 0.04722222222222222 0.07901234567901234
0 0.2555555555555556 0.40617283950617283 0.05555555555555556 0.08641975308641975
0 0.3055555555555556 0.5148148148148148 0.06944444444444445 0.08148148148148147
0 0.16875 0.6728395061728395 0.08750000000000001 0.1111111111111111
0 0.31180555555555556 0.9246913580246914 0.08472222222222223 0.1259259259259259
0 0.6909722222222222 0.6728395061728395 0.059722222222222225 0.08148148148148147
0 0.6465277777777778 0.34814814814814815 0.043055555555555555 0.07901234567901234
3 0.17291666666666666 0.36049382716049383 0.020833333333333336 0.02962962962962963
3 0.19236111111111112 0.4037037037037037 0.020833333333333336 0.03209876543209877
0 0.757638888888889 0.20246913580246914 0.034722222222222224 0.06419753086419754
1 0.48541666666666666 0.14320987654320988 0.0375 0.07407407407407407
