2 0.25972222222222224 0.3395061728395062 0.125 0.1259259259259259
2 0.4930555555555556 0.5950617283950617 0.08333333333333334 0.12345679012345678
0 0.20833333333333334 0.20246913580246914 0.12222222222222223 0.1728395061728395
0 0.3541666666666667 0.20246913580246914 0.10833333333333334 0.18271604938271604
0 0.3215277777777778 0.025925925925925925 0.08750000000000001 0.046913580246913576
0 0.9111111111111111 0.7864197530864198 0.05 0.11604938271604938
1 0.6013888888888889 0.3987654320987654 0.06666666666666667 0.14074074074074075
1 0.8166666666666667 0.043209876543209874 0.05277777777777778 0.08148148148148147
1 0.8236111111111112 0.2839506172839506 0.044444444444444446 0.12345679012345678
1 0.8798611111111111 0.5271604938271605 0.043055555555555555 0.16049382716049382
0 0.9625 0.3888888888888889 0.05277777777777778 0.07160493827160494
