2 0.44583333333333336 0.2777777777777778 0.05 0.056790123456790124
0 0.6006944444444444 0.22962962962962963 0.029166666666666667 0.05925925925925926
0 0.5659722222222222 0.30123456790123454 0.029166666666666667 0.05925925925925926
0 0.5152777777777778 0.26666666666666666 0.03888888888888889 0.07901234567901234
0 0.3145833333333333 0.18271604938271604 0.0375 0.06419753086419754
0 0.3111111111111111 0.2604938271604938 0.03888888888888889 0.06666666666666667
0 0.3416666666666667 0.22962962962962963 0.03888888888888889 0.0691358024691358
1 0.20347222222222222 0.6259259259259259 0.07083333333333333 0.08148148148148147
0 0.8861111111111112 0.3802469135802469 0.061111111111111116 0.05925925925925926
0 0.4444444444444445 0.39382716049382716 0.09722222222222222 0.13580246913580246
0 0.42083333333333334 0.519753086419753 0.10277777777777779 0.1654320987654321
0 0.4798611111111111 0.7864197530864198 0.07361111111111111 0.1654320987654321
2 0.7263888888888889 0.3753086419753086 0.09166666666666667 0.09876543209876543
2 0.9604166666666667 0.6024691358024691 0.08194444444444444 0.15308641975308643
1 0.3701388888888889 0.5876543209876544 0.05416666666666667 0.09382716049382715
0 0.1826388888888889 0.519753086419753 0.0625 0.09135802469135802
0 0.2791666666666667 0.6234567901234568 0.08333333333333334 0.1259259259259259
