1 0.8222222222222223 0.2345679012345679 0.058333333333333334 0.07407407407407407
1 0.07708333333333334 0.7259259259259259 0.1375 0.11358024691358025
1 0.3284722222222222 0.14814814814814814 0.04027777777777778 0.05925925925925926
1 0.45 0.2345679012345679 0.03888888888888889 0.07407407407407407
0 0.20416666666666666 0.5580246913580247 0.04722222222222222 0.07407407407407407
0 0.11736111111111111 0.1654320987654321 0.043055555555555555 0.07901234567901234
0 0.20833333333333334 0.10123456790123457 0.036111111111111115 0.05432098765432099
0 0.9458333333333334 0.07901234567901234 0.05 0.07901234567901234
0 0.8673611111111111 0.15061728395061727 0.05416666666666667 0.10864197530864197
0 0.5548611111111111 0.254320987654321 0.0625 0.09876543209876543
0 0.5104166666666667 0.42345679012345677 0.06805555555555556 0.10617283950617283
0 0.30208333333333337 0.8765432098765432 0.11805555555555557 0.16790123456790124
0 0.2986111111111111 0.3987654320987654 0.05277777777777778 0.09135802469135802
