0 0.3652777777777778 0.845679012345679 0.05 0.09135802469135802
0 0.5090277777777777 0.03950617283950617 0.02361111111111111 0.06419753086419754
0 0.5520833333333334 0.022222222222222223 0.04027777777777778 0.03950617283950617
0 0.5020833333333333 0.16666666666666666 0.043055555555555555 0.0962962962962963
0 0.6243055555555556 0.1765432098765432 0.05694444444444444 0.13580246913580246
0 0.4138888888888889 0.3469135802469136 0.03888888888888889 0.06172839506172839
0 0.5027777777777778 0.454320987654321 0.05555555555555556 0.1037037037037037
0 0.4048611111111111 0.49382716049382713 0.04583333333333334 0.0691358024691358
0 0.44027777777777777 0.41975308641975306 0.02777777777777778 0.05925925925925926
0 0.4361111111111111 0.6024691358024691 0.03888888888888889 0.08395061728395062
0 0.4826388888888889 0.6839506172839506 0.05416666666666667 0.12345679012345678
0 0.37222222222222223 0.6074074074074074 0.02777777777777778 0.05925925925925926
0 0.08819444444444445 0.9432098765432099 0.06527777777777778 0.04938271604938271
0 0.19722222222222224 0.945679012345679 0.075 0.044444444444444446
0 0.29444444444444445 0.9703703703703703 0.03888888888888889 0.04938271604938271
