0 0.5840277777777778 0.437037037037037 0.0375 0.05925925925925926
0 0.5145833333333334 0.37777777777777777 0.0375 0.06419753086419754
0 0.4215277777777778 0.32839506172839505 0.034722222222222224 0.05925925925925926
0 0.3701388888888889 0.34074074074074073 0.04027777777777778 0.07407407407407407
0 0.3284722222222222 0.745679012345679 0.04027777777777778 0.08395061728395062
0 0.31527777777777777 0.6382716049382716 0.03888888888888889 0.06666666666666667
0 0.3770833333333333 0.7271604938271605 0.043055555555555555 0.07160493827160494
0 0.24097222222222223 0.7703703703703704 0.05416666666666667 0.09382716049382715
0 0.02777777777777778 0.845679012345679 0.05277777777777778 0.10123456790123457
0 0.06597222222222222 0.9296296296296296 0.06805555555555556 0.09135802469135802
0 0.50625 0.9493827160493827 0.05416666666666667 0.09135802469135802
2 0.3576388888888889 0.6382716049382716 0.05416666666666667 0.07160493827160494
1 0.61875 0.9049382716049382 0.07361111111111111 0.10123456790123457
2 0.5805555555555556 0.9790123456790123 0.075 0.046913580246913576
