2 0.4083333333333333 0.6987654320987654 0.07777777777777778 0.0691358024691358
2 0.42847222222222225 0.8555555555555555 0.0763888888888889 0.07654320987654321
0 0.3527777777777778 0.06172839506172839 0.04166666666666667 0.06419753086419754
0 0.23680555555555557 0.23950617283950618 0.04027777777777778 0.05925925925925926
0 0.23819444444444446 0.5246913580246914 0.04861111111111111 0.09135802469135802
0 0.2659722222222222 0.4024691358024691 0.043055555555555555 0.07407407407407407
0 0.30069444444444443 0.48271604938271606 0.04583333333333334 0.08148148148148147
0 0.5166666666666667 0.6938271604938272 0.061111111111111116 0.10864197530864197
0 0.6548611111111111 0.6061728395061728 0.0375 0.08641975308641975
0 0.5916666666666667 0.7580246913580246 0.04722222222222222 0.08888888888888889
1 0.5819444444444445 0.908641975308642 0.07222222222222223 0.09382716049382715
1 0.6444444444444445 0.8987654320987654 0.05555555555555556 0.09876543209876543
1 0.5923611111111111 0.8320987654320987 0.04861111111111111 0.07407407407407407
1 0.6277777777777778 0.7901234567901234 0.05277777777777778 0.08395061728395062
