2 0.4756944444444445 0.24074074074074073 0.08194444444444444 0.14074074074074075
1 0.2548611111111111 0.9209876543209876 0.09027777777777778 0.14814814814814814
1 0.04861111111111111 0.8407407407407407 0.09444444444444444 0.12098765432098765
0 0.02013888888888889 0.7135802469135802 0.0375 0.13333333333333333
0 0.21041666666666667 0.18271604938271604 0.10138888888888889 0.19753086419753085
0 0.4388888888888889 0.4049382716049383 0.07777777777777778 0.13333333333333333
0 0.40208333333333335 0.754320987654321 0.09027777777777778 0.1308641975308642
0 0.5090277777777777 0.9 0.0625 0.1308641975308642
0 0.5625 0.8358024691358025 0.08055555555555556 0.145679012345679
0 0.6979166666666667 0.6283950617283951 0.06805555555555556 0.0962962962962963
0 0.6520833333333333 0.5592592592592592 0.05694444444444444 0.06666666666666667
0 0.7458333333333333 0.2617283950617284 0.036111111111111115 0.04938271604938271
1 0.3104166666666667 0.391358024691358 0.08750000000000001 0.145679012345679
1 0.0638888888888889 0.08148148148148147 0.125 0.1580246913580247
