1 0.12430555555555556 0.6987654320987654 0.08194444444444444 0.17777777777777778
1 0.07430555555555556 0.7148148148148148 0.05416666666666667 0.145679012345679
1 0.21041666666666667 0.7259259259259259 0.0763888888888889 0.14320987654320988
1 0.7541666666666667 0.8777777777777778 0.09444444444444444 0.15061728395061727
1 0.5659722222222222 0.745679012345679 0.07361111111111111 0.13333333333333333
1 0.6041666666666667 0.03333333333333333 0.1 0.06172839506172839
1 0.8930555555555556 0.27901234567901234 0.11111111111111112 0.1876543209876543
0 0.945138888888889 0.737037037037037 0.1125 0.16049382716049382
0 0.7673611111111112 0.07160493827160494 0.1375 0.1382716049382716
0 0.5083333333333333 0.6320987654320988 0.09166666666666667 0.15308641975308643
