0 0.41597222222222224 0.5172839506172839 0.043055555555555555 0.06666666666666667
0 0.4166666666666667 0.691358024691358 0.04166666666666667 0.0691358024691358
0 0.31736111111111115 0.8629629629629629 0.04861111111111111 0.07654320987654321
0 0.2902777777777778 0.7851851851851852 0.05 0.1037037037037037
0 0.26458333333333334 0.9135802469135802 0.051388888888888894 0.09382716049382715
0 0.3805555555555556 0.8876543209876543 0.04722222222222222 0.08641975308641975
0 0.40694444444444444 0.8518518518518519 0.04722222222222222 0.09382716049382715
0 0.4375 0.817283950617284 0.036111111111111115 0.07901234567901234
0 0.4881944444444445 0.7814814814814814 0.043055555555555555 0.08641975308641975
0 0.16805555555555557 0.41234567901234565 0.0638888888888889 0.1037037037037037
0 0.18819444444444444 0.6530864197530865 0.05416666666666667 0.10123456790123457
0 0.2076388888888889 0.7518518518518519 0.05694444444444444 0.10123456790123457
0 0.3229166666666667 0.9580246913580247 0.05694444444444444 0.08888888888888889
0 0.43819444444444444 0.9629629629629629 0.034722222222222224 0.07407407407407407
0 0.6111111111111112 0.8197530864197531 0.03888888888888889 0.07901234567901234
0 0.6361111111111112 0.8888888888888888 0.04166666666666667 0.08888888888888889
0 0.12847222222222224 0.8962962962962963 0.08194444444444444 0.11851851851851852
