2 0.7125 0.8271604938271605 0.05277777777777778 0.23209876543209876
2 0.6833333333333333 0.571604938271605 0.08333333333333334 0.12098765432098765
0 0.4569444444444445 0.19382716049382714 0.04166666666666667 0.07654320987654321
0 0.4826388888888889 0.07160493827160494 0.043055555555555555 0.07901234567901234
0 0.21319444444444446 0.2654320987654321 0.0375 0.08148148148148147
0 0.12083333333333333 0.3432098765432099 0.04166666666666667 0.07901234567901234
0 0.32222222222222224 0.1037037037037037 0.044444444444444446 0.07407407407407407
0 0.2826388888888889 0.05555555555555555 0.043055555555555555 0.07654320987654321
0 0.3875 0.23703703703703705 0.044444444444444446 0.07901234567901234
0 0.11944444444444445 0.6814814814814815 0.06666666666666667 0.11851851851851852
0 0.4604166666666667 0.408641975308642 0.059722222222222225 0.0962962962962963
0 0.7666666666666667 0.6493827160493827 0.075 0.12345679012345678
