0 0.9680555555555556 0.9185185185185185 0.06666666666666667 0.15308641975308643
0 0.9083333333333333 0.8691358024691358 0.0638888888888889 0.12839506172839507
0 0.19444444444444445 0.7358024691358025 0.0638888888888889 0.08395061728395062
0 0.32569444444444445 0.1271604938271605 0.04583333333333334 0.08148148148148147
0 0.6569444444444444 0.32469135802469135 0.06944444444444445 0.14074074074074075
0 0.5736111111111112 0.7765432098765432 0.04166666666666667 0.0962962962962963
2 0.20069444444444445 0.11234567901234567 0.06805555555555556 0.06666666666666667
1 0.03125 0.6358024691358024 0.059722222222222225 0.07160493827160494
1 0.07013888888888889 0.7185185185185186 0.0625 0.06419753086419754
1 0.8402777777777778 0.537037037037037 0.075 0.08641975308641975
