1 0.20277777777777778 0.5802469135802469 0.08333333333333334 0.11851851851851852
0 0.6145833333333334 0.10493827160493827 0.04027777777777778 0.06172839506172839
0 0.18194444444444446 0.09999999999999999 0.05555555555555556 0.06666666666666667
0 0.09583333333333334 0.1419753086419753 0.0638888888888889 0.09135802469135802
0 0.11111111111111112 0.3432098765432099 0.09722222222222222 0.12839506172839507
0 0.20625000000000002 0.3592592592592593 0.09305555555555556 0.1259259259259259
2 0.14444444444444446 0.29876543209876544 0.07777777777777778 0.08395061728395062
0 0.3715277777777778 0.1567901234567901 0.04861111111111111 0.10617283950617283
0 0.41458333333333336 0.1962962962962963 0.04583333333333334 0.10617283950617283
0 0.4590277777777778 0.4802469135802469 0.07083333333333333 0.12098765432098765
0 0.6895833333333333 0.6851851851851851 0.07916666666666666 0.15061728395061727
2 0.3527777777777778 0.6246913580246913 0.09444444444444444 0.1728395061728395
