2 0.4076388888888889 0.32098765432098764 0.09583333333333334 0.14320987654320988
1 0.17291666666666666 0.18148148148148147 0.08194444444444444 0.12098765432098765
1 0.51875 0.25679012345679014 0.08194444444444444 0.12345679012345678
1 0.5743055555555556 0.6320987654320988 0.09861111111111112 0.16790123456790124
1 0.6993055555555556 0.4839506172839506 0.051388888888888894 0.06419753086419754
0 0.05555555555555556 0.25679012345679014 0.10833333333333334 0.15308641975308643
0 0.42083333333333334 0.8320987654320987 0.13611111111111113 0.2419753086419753
2 0.6194444444444445 0.9197530864197531 0.08333333333333334 0.1654320987654321
2 0.7215277777777778 0.7530864197530864 0.09861111111111112 0.17777777777777778
1 0.6493055555555556 0.7481481481481481 0.09583333333333334 0.15308641975308643
0 0.6041666666666667 0.36790123456790125 0.07222222222222223 0.14814814814814814
0 0.7354166666666667 0.36296296296296293 0.0625 0.07407407407407407
0 0.5729166666666667 0.02962962962962963 0.07916666666666666 0.05432098765432099
