2 0.12013888888888889 0.3654320987654321 0.15694444444444444 0.08395061728395062
1 0.7805555555555556 0.17160493827160495 0.05277777777777778 0.07654320987654321
1 0.8180555555555555 0.21234567901234566 0.044444444444444446 0.0691358024691358
0 0.8451388888888889 0.08271604938271605 0.04583333333333334 0.07160493827160494
0 0.4861111111111111 0.03333333333333333 0.061111111111111116 0.06172839506172839
0 0.5618055555555556 0.11234567901234567 0.05416666666666667 0.0962962962962963
0 0.6208333333333333 0.03827160493827161 0.06666666666666667 0.07160493827160494
0 0.8229166666666667 0.15555555555555556 0.04027777777777778 0.05925925925925926
0 0.8805555555555555 0.1925925925925926 0.05 0.0691358024691358
0 0.86875 0.2716049382716049 0.051388888888888894 0.07901234567901234
0 0.9680555555555556 0.42098765432098767 0.0638888888888889 0.11604938271604938
0 0.36041666666666666 0.22962962962962963 0.09583333333333334 0.17777777777777778
0 0.28125 0.30123456790123454 0.07083333333333333 0.11851851851851852
0 0.26805555555555555 0.42592592592592593 0.08333333333333334 0.13580246913580246
0 0.04236111111111111 0.28641975308641976 0.08194444444444444 0.15308641975308643
1 0.58125 0.34814814814814815 0.10416666666666667 0.16790123456790124
3 0.20277777777777778 0.5345679012345679 0.061111111111111116 0.08148148148148147
1 0.28402777777777777 0.6061728395061728 0.09305555555555556 0.1654320987654321
