2 0.4534722222222222 0.9407407407407408 0.06527777777777778 0.12345679012345678
2 0.07291666666666667 0.9407407407407408 0.09861111111111112 0.10864197530864197
2 0.18472222222222223 0.9333333333333333 0.1 0.1382716049382716
2 0.3 0.937037037037037 0.036111111111111115 0.1308641975308642
0 0.41458333333333336 0.591358024691358 0.05416666666666667 0.10123456790123457
0 0.35833333333333334 0.4419753086419753 0.0638888888888889 0.1037037037037037
0 0.14930555555555555 0.6567901234567901 0.0625 0.09382716049382715
0 0.6361111111111112 0.32222222222222224 0.03333333333333333 0.06666666666666667
0 0.775 0.38395061728395063 0.03333333333333333 0.07160493827160494
0 0.9194444444444445 0.4666666666666667 0.05 0.06419753086419754
0 0.16527777777777777 0.2765432098765432 0.061111111111111116 0.1037037037037037
0 0.13541666666666669 0.1876543209876543 0.0625 0.08888888888888889
0 0.16041666666666668 0.12839506172839507 0.05694444444444444 0.08395061728395062
0 0.036111111111111115 0.13703703703703704 0.06944444444444445 0.1111111111111111
