2 0.29583333333333334 0.9246913580246914 0.036111111111111115 0.15555555555555556
2 0.2465277777777778 0.5679012345679012 0.05416666666666667 0.21728395061728395
2 0.5347222222222222 0.5135802469135803 0.0638888888888889 0.11851851851851852
2 0.4451388888888889 0.3765432098765432 0.04583333333333334 0.18518518518518517
1 0.4152777777777778 0.3419753086419753 0.058333333333333334 0.10123456790123457
1 0.9465277777777779 0.754320987654321 0.10138888888888889 0.15061728395061727
1 0.6395833333333334 0.445679012345679 0.05694444444444444 0.12098765432098765
1 0.5131944444444445 0.28271604938271605 0.04861111111111111 0.07160493827160494
0 0.9187500000000001 0.15185185185185185 0.1625 0.21481481481481482
0 0.5409722222222222 0.1654320987654321 0.09583333333333334 0.15308641975308643
0 0.3666666666666667 0.13580246913580246 0.044444444444444446 0.07407407407407407
