1 0.29375 0.38641975308641974 0.06527777777777778 0.12098765432098765
0 0.5722222222222223 0.7876543209876543 0.04166666666666667 0.07901234567901234
0 0.5958333333333333 0.7604938271604939 0.036111111111111115 0.06419753086419754
0 0.6090277777777778 0.7197530864197531 0.0375 0.06666666666666667
0 0.6819444444444445 0.5567901234567901 0.036111111111111115 0.06172839506172839
0 0.3159722222222222 0.2654320987654321 0.05416666666666667 0.08148148148148147
0 0.3229166666666667 0.6518518518518518 0.05694444444444444 0.12839506172839507
0 0.2916666666666667 0.7938271604938272 0.061111111111111116 0.15061728395061727
0 0.8555555555555556 0.9617283950617284 0.04722222222222222 0.08148148148148147
0 0.7194444444444444 0.7654320987654321 0.05 0.08888888888888889
0 0.5861111111111111 0.9679012345679012 0.075 0.0691358024691358
0 0.41250000000000003 0.9604938271604938 0.058333333333333334 0.08395061728395062
0 0.09375 0.6481481481481481 0.15972222222222224 0.19012345679012346
