0 0.09583333333333334 0.2074074074074074 0.08611111111111111 0.12345679012345678
0 0.4118055555555556 0.8888888888888888 0.08472222222222223 0.1382716049382716
0 0.22986111111111113 0.04567901234567901 0.09583333333333334 0.07654320987654321
0 0.6333333333333333 0.4111111111111111 0.03888888888888889 0.08641975308641975
0 0.5534722222222223 0.13580246913580246 0.04027777777777778 0.0691358024691358
0 0.6604166666666667 0.2234567901234568 0.02638888888888889 0.05185185185185185
0 0.5986111111111111 0.1037037037037037 0.02777777777777778 0.0691358024691358
0 0.6347222222222223 0.11234567901234567 0.022222222222222223 0.05185185185185185
1 0.4076388888888889 0.23333333333333334 0.0763888888888889 0.10123456790123457
1 0.6486111111111111 0.5851851851851851 0.06666666666666667 0.12839506172839507
2 0.6618055555555555 0.9 0.051388888888888894 0.13580246913580246
