1 0.8986111111111111 0.8753086419753087 0.10555555555555556 0.22962962962962963
1 0.9708333333333333 0.42345679012345677 0.061111111111111116 0.1259259259259259
2 0.8645833333333334 0.30493827160493825 0.08194444444444444 0.07654320987654321
0 0.9333333333333333 0.21481481481481482 0.058333333333333334 0.12839506172839507
0 0.7555555555555555 0.4679012345679012 0.11944444444444445 0.21975308641975308
0 0.8451388888888889 0.5308641975308642 0.08750000000000001 0.13333333333333333
1 0.8152777777777778 0.691358024691358 0.06944444444444445 0.15308641975308643
1 0.8743055555555556 0.611111111111111 0.07361111111111111 0.12098765432098765
1 0.8076388888888889 0.8604938271604938 0.09305555555555556 0.20493827160493827
2 0.49722222222222223 0.1469135802469136 0.0638888888888889 0.10123456790123457
2 0.5916666666666667 0.8037037037037037 0.16666666666666669 0.15555555555555556
2 0.5486111111111112 0.45925925925925926 0.15 0.14814814814814814
