2 0.725 0.08641975308641975 0.0638888888888889 0.16790123456790124
2 0.3875 0.6061728395061728 0.10277777777777779 0.18518518518518517
2 0.4791666666666667 0.19876543209876543 0.04722222222222222 0.0962962962962963
2 0.4673611111111111 0.3432098765432099 0.07361111111111111 0.11851851851851852
2 0.4708333333333333 0.391358024691358 0.08055555555555556 0.1111111111111111
2 0.48541666666666666 0.5098765432098765 0.051388888888888894 0.12098765432098765
2 0.325 0.8518518518518519 0.07222222222222223 0.16296296296296295
0 0.2826388888888889 0.9592592592592593 0.10416666666666667 0.08641975308641975
0 0.2388888888888889 0.7814814814814814 0.08888888888888889 0.15555555555555556
0 0.3388888888888889 0.5925925925925926 0.06944444444444445 0.13333333333333333
0 0.3611111111111111 0.40617283950617283 0.09166666666666667 0.16049382716049382
0 0.29097222222222224 0.31851851851851853 0.043055555555555555 0.07901234567901234
0 0.21319444444444446 0.19135802469135801 0.06805555555555556 0.11604938271604938
0 0.3652777777777778 0.1567901234567901 0.05277777777777778 0.07160493827160494
0 0.26458333333333334 0.05802469135802469 0.05416666666666667 0.1111111111111111
0 0.20069444444444445 0.03827160493827161 0.051388888888888894 0.07160493827160494
3 0.8361111111111111 0.8432098765432099 0.0638888888888889 0.0962962962962963
