2 0.06180555555555556 0.6604938271604938 0.11527777777777778 0.0962962962962963
0 0.45972222222222225 0.19999999999999998 0.061111111111111116 0.11358024691358025
0 0.06458333333333334 0.34074074074074073 0.05694444444444444 0.07407407407407407
1 0.8680555555555556 0.6728395061728395 0.1 0.1308641975308642
1 0.28125 0.5271604938271605 0.06805555555555556 0.0962962962962963
1 0.14791666666666667 0.4271604938271605 0.051388888888888894 0.05925925925925926
0 0.6541666666666667 0.4185185185185185 0.06666666666666667 0.10617283950617283
0 0.11111111111111112 0.9703703703703703 0.06666666666666667 0.06419753086419754
0 0.6875 0.1271604938271605 0.09722222222222222 0.13580246913580246
0 0.1590277777777778 0.5567901234567901 0.04027777777777778 0.046913580246913576
0 0.10555555555555556 0.5308641975308642 0.058333333333333334 0.07407407407407407
