2 0.8333333333333334 0.619753086419753 0.061111111111111116 0.0691358024691358
2 0.08819444444444445 0.4802469135802469 0.06805555555555556 0.16049382716049382
2 0.43125 0.6567901234567901 0.09305555555555556 0.1037037037037037
0 0.25625000000000003 0.45555555555555555 0.05416666666666667 0.09135802469135802
0 0.46319444444444446 0.23086419753086418 0.03194444444444445 0.07160493827160494
0 0.6555555555555556 0.12962962962962962 0.04166666666666667 0.08148148148148147
0 0.7590277777777779 0.6061728395061728 0.08750000000000001 0.15061728395061727
0 0.24097222222222223 0.8407407407407407 0.0625 0.11604938271604938
0 0.2111111111111111 0.9333333333333333 0.06666666666666667 0.11851851851851852
0 0.10138888888888889 0.8333333333333334 0.075 0.12098765432098765
0 0.9569444444444445 0.13333333333333333 0.08888888888888889 0.13333333333333333
