0 0.5125000000000001 0.20987654320987653 0.06666666666666667 0.10864197530864197
0 0.3472222222222222 0.07160493827160494 0.05277777777777778 0.08888888888888889
0 0.42291666666666666 0.9148148148148147 0.09027777777777778 0.17530864197530863
0 0.21597222222222223 0.35185185185185186 0.051388888888888894 0.10123456790123457
0 0.13402777777777777 0.3753086419753086 0.0625 0.11358024691358025
0 0.10833333333333334 0.19999999999999998 0.075 0.09876543209876543
1 0.04027777777777778 0.07160493827160494 0.07777777777777778 0.07901234567901234
1 0.04583333333333334 0.16049382716049382 0.075 0.09876543209876543
2 0.18958333333333335 0.19876543209876543 0.07361111111111111 0.1259259259259259
2 0.22847222222222224 0.5234567901234568 0.09027777777777778 0.11358024691358025
2 0.4444444444444445 0.737037037037037 0.05277777777777778 0.145679012345679
1 0.7368055555555556 0.6518518518518518 0.09027777777777778 0.13333333333333333
1 0.5770833333333334 0.8074074074074074 0.07916666666666666 0.1728395061728395
2 0.5368055555555555 0.9308641975308641 0.09861111111111112 0.11851851851851852
