2 0.6 0.9148148148148147 0.044444444444444446 0.17037037037037037
1 0.5854166666666667 0.5111111111111111 0.09027777777777778 0.10864197530864197
0 0.5638888888888889 0.7679012345679013 0.08333333333333334 0.2419753086419753
0 0.4083333333333333 0.6555555555555556 0.08888888888888889 0.14074074074074075
0 0.49097222222222225 0.5691358024691358 0.06805555555555556 0.13580246913580246
0 0.4375 0.4382716049382716 0.061111111111111116 0.08641975308641975
0 0.40902777777777777 0.3382716049382716 0.06805555555555556 0.09876543209876543
0 0.26875 0.27037037037037037 0.0625 0.07654320987654321
0 0.19236111111111112 0.22469135802469134 0.04861111111111111 0.07901234567901234
0 0.07916666666666666 0.20987654320987653 0.07222222222222223 0.11358024691358025
