0 0.2965277777777778 0.8407407407407407 0.03194444444444445 0.09135802469135802
1 0.3666666666666667 0.608641975308642 0.05 0.08148148148148147
1 0.42083333333333334 0.41234567901234565 0.03888888888888889 0.0691358024691358
1 0.3979166666666667 0.917283950617284 0.08194444444444444 0.12098765432098765
0 0.14791666666666667 0.3888888888888889 0.059722222222222225 0.10617283950617283
0 0.7791666666666667 0.9567901234567902 0.058333333333333334 0.09135802469135802
0 0.9097222222222222 0.9506172839506173 0.075 0.1037037037037037
0 0.8451388888888889 0.3530864197530864 0.06527777777777778 0.1037037037037037
0 0.17430555555555557 0.9197530864197531 0.09583333333333334 0.1654320987654321
0 0.8409722222222222 0.8592592592592593 0.059722222222222225 0.11358024691358025
