0 0.9277777777777778 0.6938271604938272 0.05 0.12345679012345678
0 0.70625 0.47160493827160493 0.05416666666666667 0.10864197530864197
0 0.6763888888888889 0.30617283950617286 0.058333333333333334 0.12345679012345678
1 0.9125000000000001 0.7839506172839505 0.061111111111111116 0.10617283950617283
1 0.4715277777777778 0.7197530864197531 0.08194444444444444 0.1259259259259259
1 0.061111111111111116 0.12345679012345678 0.11111111111111112 0.16296296296296295
0 0.5243055555555556 0.9432098765432099 0.12916666666666668 0.11851851851851852
0 0.857638888888889 0.6037037037037037 0.059722222222222225 0.10123456790123457
0 0.71875 0.6851851851851851 0.051388888888888894 0.1111111111111111
0 0.6444444444444445 0.6296296296296297 0.061111111111111116 0.1580246913580247
0 0.10347222222222223 0.7864197530864198 0.19583333333333333 0.2839506172839506
