0 0.6972222222222223 0.1345679012345679 0.05277777777777778 0.09135802469135802
0 0.20625000000000002 0.5209876543209876 0.07361111111111111 0.12839506172839507
0 0.27569444444444446 0.7592592592592592 0.09305555555555556 0.16049382716049382
0 0.8250000000000001 0.8753086419753087 0.08611111111111111 0.1308641975308642
1 0.08333333333333334 0.23950617283950618 0.07222222222222223 0.08395061728395062
1 0.20972222222222223 0.3358024691358025 0.05 0.04938271604938271
1 0.5166666666666667 0.15061728395061727 0.05 0.08395061728395062
1 0.6694444444444445 0.4506172839506173 0.036111111111111115 0.0962962962962963
0 0.7194444444444444 0.3962962962962963 0.04722222222222222 0.08641975308641975
0 0.8256944444444445 0.1691358024691358 0.03194444444444445 0.05185185185185185
0 0.8854166666666667 0.1419753086419753 0.04027777777777778 0.06666666666666667
0 0.7319444444444445 0.05802469135802469 0.03333333333333333 0.056790123456790124
