0 0.28125 0.08888888888888889 0.03194444444444445 0.06419753086419754
0 0.06527777777777778 0.18518518518518517 0.04722222222222222 0.08888888888888889
0 0.03125 0.29012345679012347 0.059722222222222225 0.09135802469135802
2 0.5326388888888889 0.39999999999999997 0.06805555555555556 0.07407407407407407
2 0.576388888888889 0.5259259259259259 0.07777777777777778 0.0691358024691358
1 0.3479166666666667 0.3419753086419753 0.04583333333333334 0.08148148148148147
1 0.3479166666666667 0.21975308641975308 0.043055555555555555 0.0691358024691358
1 0.3888888888888889 0.28641975308641976 0.04722222222222222 0.07901234567901234
1 0.75625 0.18518518518518517 0.0375 0.0691358024691358
1 0.638888888888889 0.3493827160493827 0.058333333333333334 0.10123456790123457
1 0.7097222222222223 0.36790123456790125 0.03888888888888889 0.07901234567901234
1 0.7319444444444445 0.508641975308642 0.075 0.07407407407407407
1 0.7833333333333333 0.4740740740740741 0.07222222222222223 0.08888888888888889
1 0.7291666666666667 0.42839506172839503 0.0638888888888889 0.06666666666666667
1 0.7590277777777779 0.38395061728395063 0.06805555555555556 0.06666666666666667
0 0.7486111111111111 0.6481481481481481 0.09444444444444444 0.1111111111111111
1 0.1277777777777778 0.9543209876543209 0.08055555555555556 0.0962962962962963
