0 0.45208333333333334 0.15555555555555556 0.051388888888888894 0.08888888888888889
2 0.6159722222222223 0.8074074074074074 0.07361111111111111 0.14320987654320988
2 0.26319444444444445 0.6395061728395062 0.059722222222222225 0.16296296296296295
2 0.23402777777777778 0.5259259259259259 0.08194444444444444 0.12345679012345678
1 0.15763888888888888 0.291358024691358 0.06805555555555556 0.09876543209876543
1 0.3611111111111111 0.35432098765432096 0.07777777777777778 0.13580246913580246
2 0.4986111111111111 0.6296296296296297 0.05555555555555556 0.09876543209876543
0 0.41111111111111115 0.6271604938271604 0.07777777777777778 0.12839506172839507
0 0.8055555555555556 0.9407407407407408 0.08611111111111111 0.12345679012345678
0 0.7680555555555556 0.34074074074074073 0.061111111111111116 0.08395061728395062
0 0.8361111111111111 0.3160493827160494 0.06666666666666667 0.09382716049382715
0 0.8083333333333333 0.1691358024691358 0.0638888888888889 0.09135802469135802
0 0.6840277777777778 0.18024691358024691 0.04583333333333334 0.07901234567901234
0 0.7333333333333334 0.06049382716049383 0.044444444444444446 0.07654320987654321
2 0.35347222222222224 0.9530864197530864 0.11805555555555557 0.09876543209876543
