0 0.4416666666666667 0.07530864197530864 0.02777777777777778 0.037037037037037035
1 0.22430555555555556 0.3333333333333333 0.13194444444444445 0.07901234567901234
1 0.5659722222222222 0.9543209876543209 0.09027777777777778 0.0962962962962963
0 0.7527777777777778 0.7641975308641975 0.04722222222222222 0.10123456790123457
0 0.7611111111111112 0.674074074074074 0.036111111111111115 0.08395061728395062
0 0.6840277777777778 0.5938271604938271 0.059722222222222225 0.10617283950617283
0 0.7694444444444445 0.37407407407407406 0.04722222222222222 0.07654320987654321
0 0.5833333333333334 0.3567901234567901 0.05555555555555556 0.09135802469135802
0 0.5534722222222223 0.4493827160493827 0.05694444444444444 0.10864197530864197
0 0.5868055555555556 0.6098765432098765 0.09861111111111112 0.1382716049382716
0 0.49930555555555556 0.762962962962963 0.09027777777777778 0.14320987654320988
0 0.4013888888888889 0.7296296296296296 0.10833333333333334 0.16049382716049382
0 0.31736111111111115 0.6481481481481481 0.12083333333333333 0.21481481481481482
