0 0.9631944444444445 0.21234567901234566 0.0763888888888889 0.12839506172839507
1 0.43194444444444446 0.41234567901234565 0.02777777777777778 0.03950617283950617
0 0.14097222222222222 0.12962962962962962 0.10138888888888889 0.10617283950617283
0 0.32083333333333336 0.35802469135802467 0.07222222222222223 0.09382716049382715
0 0.06458333333333334 0.6222222222222222 0.10694444444444445 0.16790123456790124
0 0.4625 0.39382716049382716 0.030555555555555558 0.08148148148148147
0 0.5118055555555556 0.508641975308642 0.07361111111111111 0.1037037037037037
1 0.6659722222222223 0.9493827160493827 0.08472222222222223 0.10617283950617283
2 0.5131944444444445 0.7950617283950617 0.10416666666666667 0.17777777777777778
2 0.7604166666666667 0.7666666666666666 0.04583333333333334 0.1259259259259259
