0 0.5701388888888889 0.41604938271604935 0.10138888888888889 0.18024691358024691
0 0.6465277777777778 0.4925925925925926 0.06527777777777778 0.1111111111111111
0 0.7409722222222223 0.23703703703703705 0.04583333333333334 0.09876543209876543
2 0.35555555555555557 0.11851851851851852 0.058333333333333334 0.06419753086419754
2 0.3715277777777778 0.38271604938271603 0.14305555555555557 0.1382716049382716
2 0.40972222222222227 0.6987654320987654 0.18055555555555555 0.14814814814814814
1 0.6270833333333333 0.619753086419753 0.04861111111111111 0.12839506172839507
1 0.6826388888888889 0.5691358024691358 0.06527777777777778 0.1111111111111111
1 0.6145833333333334 0.7666666666666666 0.07361111111111111 0.1654320987654321
1 0.69375 0.7716049382716049 0.07916666666666666 0.17037037037037037
