1 0.42430555555555555 0.5925925925925926 0.04583333333333334 0.08395061728395062
2 0.8916666666666667 0.18888888888888888 0.10833333333333334 0.21975308641975308
2 0.8222222222222223 0.18518518518518517 0.11111111111111112 0.07407407407407407
2 0.7111111111111111 0.11234567901234567 0.03888888888888889 0.18024691358024691
1 0.43194444444444446 0.9 0.061111111111111116 0.08641975308641975
0 0.5555555555555556 0.7777777777777778 0.10555555555555556 0.2271604938271605
0 0.4756944444444445 0.519753086419753 0.059722222222222225 0.18518518518518517
0 0.2513888888888889 0.45185185185185184 0.10833333333333334 0.15308641975308643
0 0.20416666666666666 0.27037037037037037 0.06666666666666667 0.10123456790123457
0 0.09236111111111112 0.12962962962962962 0.09305555555555556 0.06666666666666667
3 0.3923611111111111 0.2802469135802469 0.020833333333333336 0.056790123456790124
