0 0.9222222222222223 0.3469135802469136 0.05277777777777778 0.0962962962962963
0 0.6180555555555556 0.28271604938271605 0.03888888888888889 0.07654320987654321
0 0.34444444444444444 0.5975308641975309 0.044444444444444446 0.08888888888888889
0 0.48125 0.1037037037037037 0.034722222222222224 0.07901234567901234
0 0.3666666666666667 0.24074074074074073 0.03888888888888889 0.08148148148148147
0 0.36944444444444446 0.9123456790123456 0.10277777777777779 0.17530864197530863
0 0.49375 0.8950617283950617 0.06805555555555556 0.12098765432098765
0 0.5576388888888889 0.3259259259259259 0.05416666666666667 0.09382716049382715
0 0.7472222222222222 0.08641975308641975 0.030555555555555558 0.04938271604938271
0 0.71875 0.2938271604938272 0.0625 0.12345679012345678
0 0.7111111111111111 0.5246913580246914 0.061111111111111116 0.10617283950617283
0 0.6152777777777778 0.9024691358024691 0.08888888888888889 0.17037037037037037
0 0.7784722222222222 0.9074074074074074 0.08194444444444444 0.16049382716049382
0 0.8805555555555555 0.9074074074074074 0.10833333333333334 0.18024691358024691
