0 0.11388888888888889 0.9111111111111111 0.13055555555555556 0.18271604938271604
0 0.22083333333333335 0.4740740740740741 0.07222222222222223 0.13333333333333333
0 0.32569444444444445 0.408641975308642 0.04861111111111111 0.06666666666666667
0 0.1590277777777778 0.2234567901234568 0.06527777777777778 0.0962962962962963
0 0.43680555555555556 0.20617283950617282 0.09027777777777778 0.1308641975308642
0 0.36388888888888893 0.7888888888888889 0.10833333333333334 0.22962962962962963
0 0.22222222222222224 0.9530864197530864 0.061111111111111116 0.09876543209876543
2 0.8256944444444445 0.17037037037037037 0.09027777777777778 0.10864197530864197
1 0.9347222222222222 0.18888888888888888 0.10555555555555556 0.1259259259259259
1 0.14027777777777778 0.4419753086419753 0.07777777777777778 0.1037037037037037
2 0.051388888888888894 0.5518518518518518 0.1 0.10617283950617283
1 0.22569444444444445 0.6790123456790124 0.07083333333333333 0.13333333333333333
2 0.5590277777777778 0.9382716049382716 0.10694444444444445 0.12839506172839507
2 0.45625000000000004 0.7135802469135802 0.059722222222222225 0.19753086419753085
2 0.45069444444444445 0.9185185185185185 0.05416666666666667 0.16790123456790124
