3 0.4395833333333333 0.7876543209876543 0.02361111111111111 0.044444444444444446
1 0.9486111111111112 0.8308641975308642 0.09722222222222222 0.17037037037037037
0 0.07291666666666667 0.6259259259259259 0.12083333333333333 0.13580246913580246
0 0.24930555555555556 0.7086419753086419 0.07361111111111111 0.12345679012345678
0 0.4104166666666667 0.8765432098765432 0.06805555555555556 0.10864197530864197
0 0.701388888888889 0.7024691358024692 0.044444444444444446 0.10617283950617283
0 0.8909722222222223 0.3753086419753086 0.0625 0.05925925925925926
0 0.7770833333333333 0.5407407407407407 0.051388888888888894 0.08888888888888889
0 0.4840277777777778 0.10987654320987654 0.04583333333333334 0.08148148148148147
0 0.3840277777777778 0.08148148148148147 0.043055555555555555 0.08888888888888889
