0 0.7979166666666667 0.3382716049382716 0.03194444444444445 0.05925925925925926
0 0.7368055555555556 0.2271604938271605 0.03194444444444445 0.05925925925925926
2 0.8493055555555555 0.917283950617284 0.059722222222222225 0.12098765432098765
1 0.5958333333333333 0.9580246913580247 0.08888888888888889 0.08888888888888889
1 0.8083333333333333 0.6592592592592592 0.06944444444444445 0.10864197530864197
0 0.24791666666666667 0.29876543209876544 0.05416666666666667 0.07901234567901234
0 0.10138888888888889 0.36296296296296293 0.06666666666666667 0.07901234567901234
0 0.7048611111111112 0.26666666666666666 0.03194444444444445 0.0691358024691358
0 0.7909722222222223 0.49382716049382713 0.034722222222222224 0.0691358024691358
0 0.6284722222222222 0.8679012345679012 0.07361111111111111 0.10617283950617283
0 0.2833333333333333 0.5345679012345679 0.075 0.09135802469135802
0 0.4041666666666667 0.345679012345679 0.058333333333333334 0.09876543209876543
0 0.4777777777777778 0.20617283950617282 0.06944444444444445 0.0962962962962963
