1 0.21805555555555556 0.5481481481481482 0.0638888888888889 0.07901234567901234
0 0.2125 0.39012345679012345 0.075 0.1037037037037037
0 0.1423611111111111 0.3802469135802469 0.09027777777777778 0.11851851851851852
0 0.10833333333333334 0.24814814814814815 0.05277777777777778 0.07654320987654321
0 0.3840277777777778 0.24444444444444444 0.04583333333333334 0.09876543209876543
0 0.35000000000000003 0.21728395061728395 0.04722222222222222 0.09382716049382715
0 0.6111111111111112 0.5666666666666667 0.061111111111111116 0.11604938271604938
0 0.8777777777777778 0.4345679012345679 0.06666666666666667 0.10864197530864197
0 0.5131944444444445 0.8962962962962963 0.10138888888888889 0.1925925925925926
2 0.6118055555555556 0.8604938271604938 0.08750000000000001 0.17530864197530863
2 0.33819444444444446 0.5728395061728395 0.0763888888888889 0.11851851851851852
0 0.41944444444444445 0.45555555555555555 0.04722222222222222 0.11604938271604938
