0 0.2763888888888889 0.6172839506172839 0.0638888888888889 0.07407407407407407
2 0.7548611111111111 0.8716049382716049 0.051388888888888894 0.15308641975308643
0 0.725 0.8320987654320987 0.036111111111111115 0.09876543209876543
0 0.2 0.8876543209876543 0.06666666666666667 0.10617283950617283
0 0.3979166666666667 0.9246913580246914 0.051388888888888894 0.09135802469135802
0 0.4048611111111111 0.8382716049382716 0.05694444444444444 0.056790123456790124
0 0.4326388888888889 0.8864197530864197 0.04583333333333334 0.08395061728395062
0 0.5840277777777778 0.7790123456790123 0.051388888888888894 0.10617283950617283
0 0.6979166666666667 0.5567901234567901 0.0625 0.1111111111111111
0 0.7173611111111111 0.7012345679012345 0.06527777777777778 0.12839506172839507
