2 0.5625 0.5308641975308642 0.08055555555555556 0.07901234567901234
2 0.5805555555555556 0.691358024691358 0.08333333333333334 0.07901234567901234
0 0.3805555555555556 0.03333333333333333 0.03888888888888889 0.06172839506172839
0 0.15486111111111112 0.02962962962962963 0.03194444444444445 0.05432098765432099
0 0.09236111111111112 0.07777777777777778 0.05694444444444444 0.0962962962962963
0 0.4173611111111111 0.2074074074074074 0.051388888888888894 0.07901234567901234
0 0.3888888888888889 0.3358024691358025 0.05277777777777778 0.08888888888888889
0 0.4465277777777778 0.2938271604938272 0.043055555555555555 0.07901234567901234
0 0.5291666666666667 0.2839506172839506 0.05555555555555556 0.08888888888888889
0 0.8388888888888889 0.42839506172839503 0.03888888888888889 0.06666666666666667
0 0.6777777777777778 0.528395061728395 0.0638888888888889 0.1037037037037037
0 0.7375 0.9604938271604938 0.09722222222222222 0.08395061728395062
0 0.75625 0.5925925925925926 0.051388888888888894 0.07901234567901234
1 0.7506944444444444 0.7679012345679013 0.08750000000000001 0.11358024691358025
1 0.8215277777777779 0.7790123456790123 0.0763888888888889 0.1259259259259259
1 0.7597222222222223 0.6839506172839506 0.061111111111111116 0.08395061728395062
1 0.7993055555555556 0.6407407407407407 0.05694444444444444 0.10123456790123457
1 0.03819444444444445 0.8728395061728395 0.07361111111111111 0.1308641975308642
