0 0.18194444444444446 0.21481481481481482 0.07222222222222223 0.09876543209876543
0 0.3388888888888889 0.4679012345679012 0.05 0.07654320987654321
0 0.22708333333333333 0.519753086419753 0.06805555555555556 0.1259259259259259
0 0.5041666666666667 0.3037037037037037 0.09444444444444444 0.1382716049382716
0 0.3805555555555556 0.9345679012345679 0.125 0.13580246913580246
0 0.07013888888888889 0.945679012345679 0.13472222222222222 0.11358024691358025
2 0.48125 0.8888888888888888 0.06805555555555556 0.2271604938271605
2 0.0375 0.5382716049382716 0.07222222222222223 0.12839506172839507
1 0.14305555555555557 0.44320987654320987 0.08333333333333334 0.12098765432098765
1 0.32430555555555557 0.5765432098765432 0.0375 0.056790123456790124
1 0.21597222222222223 0.745679012345679 0.09027777777777778 0.14814814814814814
