2 0.6131944444444445 0.7703703703703704 0.08750000000000001 0.08395061728395062
2 0.638888888888889 0.5975308641975309 0.11944444444444445 0.11358024691358025
2 0.7618055555555556 0.5814814814814815 0.09305555555555556 0.07654320987654321
2 0.8409722222222222 0.7333333333333333 0.09027777777777778 0.1037037037037037
2 0.5548611111111111 0.5493827160493827 0.1125 0.1259259259259259
0 0.11111111111111112 0.4567901234567901 0.0638888888888889 0.07407407407407407
0 0.24305555555555555 0.34814814814814815 0.05 0.09382716049382715
0 0.6875 0.28271604938271605 0.075 0.1308641975308642
0 0.4763888888888889 0.3296296296296296 0.0638888888888889 0.11604938271604938
0 0.48958333333333337 0.1259259259259259 0.04027777777777778 0.07901234567901234
0 0.5375 0.0345679012345679 0.044444444444444446 0.06419753086419754
0 0.38958333333333334 0.1419753086419753 0.04861111111111111 0.08148148148148147
0 0.45833333333333337 0.025925925925925925 0.04722222222222222 0.046913580246913576
0 0.2743055555555556 0.19012345679012346 0.059722222222222225 0.07901234567901234
0 0.375 0.04938271604938271 0.04722222222222222 0.08395061728395062
0 0.945138888888889 0.6419753086419753 0.1125 0.1728395061728395
