0 0.19861111111111113 0.5555555555555556 0.05 0.06419753086419754
0 0.4791666666666667 0.48518518518518516 0.044444444444444446 0.046913580246913576
0 0.5368055555555555 0.5234567901234568 0.07361111111111111 0.0691358024691358
0 0.6090277777777778 0.5432098765432098 0.04583333333333334 0.04938271604938271
0 0.43333333333333335 0.2419753086419753 0.036111111111111115 0.04938271604938271
1 0.02361111111111111 0.9111111111111111 0.044444444444444446 0.09876543209876543
1 0.40347222222222223 0.7358024691358025 0.05694444444444444 0.09382716049382715
2 0.65 0.8160493827160493 0.03888888888888889 0.20493827160493827
2 0.7555555555555555 0.8691358024691358 0.058333333333333334 0.17777777777777778
1 0.24097222222222223 0.49753086419753084 0.05694444444444444 0.06666666666666667
