0 0.09375 0.23333333333333334 0.04583333333333334 0.08148148148148147
0 0.2847222222222222 0.5185185185185185 0.05 0.09382716049382715
0 0.39583333333333337 0.7987654320987654 0.061111111111111116 0.0962962962962963
0 0.6541666666666667 0.07901234567901234 0.0638888888888889 0.12345679012345678
0 0.9361111111111111 0.5111111111111111 0.07777777777777778 0.13333333333333333
1 0.125 0.48271604938271606 0.05555555555555556 0.08148148148148147
1 0.06458333333333334 0.7432098765432099 0.059722222222222225 0.07407407407407407
2 0.6298611111111111 0.6506172839506172 0.09027777777777778 0.0962962962962963
2 0.5118055555555556 0.9666666666666667 0.0375 0.07160493827160494
3 0.14027777777777778 0.7641975308641975 0.022222222222222223 0.03209876543209877
3 0.18680555555555556 0.8617283950617284 0.04583333333333334 0.03950617283950617
1 0.8236111111111112 0.23950617283950618 0.058333333333333334 0.12345679012345678
