0 0.08194444444444444 0.29506172839506173 0.08333333333333334 0.0962962962962963
0 0.4673611111111111 0.5432098765432098 0.08750000000000001 0.14320987654320988
0 0.42708333333333337 0.29259259259259257 0.04583333333333334 0.056790123456790124
0 0.4763888888888889 0.35185185185185186 0.0638888888888889 0.10617283950617283
0 0.5923611111111111 0.6666666666666666 0.09305555555555556 0.16296296296296295
0 0.4604166666666667 0.9222222222222222 0.10972222222222222 0.16049382716049382
0 0.6666666666666667 0.5518518518518518 0.09166666666666667 0.14074074074074075
0 0.6909722222222222 0.774074074074074 0.08750000000000001 0.08148148148148147
0 0.5395833333333333 0.1419753086419753 0.05416666666666667 0.07654320987654321
0 0.5472222222222223 0.21975308641975308 0.06666666666666667 0.09382716049382715
0 0.607638888888889 0.16419753086419753 0.051388888888888894 0.08148148148148147
0 0.6340277777777779 0.2765432098765432 0.07361111111111111 0.08888888888888889
0 0.6506944444444445 0.3925925925925926 0.08750000000000001 0.15308641975308643
2 0.3138888888888889 0.48271604938271606 0.08333333333333334 0.21481481481481482
