0 0.03819444444444445 0.37160493827160496 0.05416666666666667 0.08148148148148147
0 0.22847222222222224 0.3160493827160494 0.04027777777777778 0.08395061728395062
0 0.3826388888888889 0.5037037037037037 0.0625 0.10864197530864197
0 0.5534722222222223 0.5567901234567901 0.06527777777777778 0.10123456790123457
0 0.1527777777777778 0.2641975308641975 0.044444444444444446 0.05432098765432099
0 0.47847222222222224 0.1962962962962963 0.059722222222222225 0.0962962962962963
0 0.5659722222222222 0.27901234567901234 0.051388888888888894 0.12345679012345678
0 0.5923611111111111 0.17777777777777778 0.04583333333333334 0.07901234567901234
0 0.6326388888888889 0.14938271604938272 0.043055555555555555 0.08641975308641975
0 0.6125 0.35432098765432096 0.05 0.08148148148148147
0 0.6743055555555556 0.3493827160493827 0.051388888888888894 0.07160493827160494
0 0.2923611111111111 0.37037037037037035 0.04583333333333334 0.05925925925925926
0 0.29375 0.9271604938271605 0.08472222222222223 0.145679012345679
0 0.21944444444444444 0.8382716049382716 0.06944444444444445 0.13580246913580246
0 0.3145833333333333 0.7148148148148148 0.06805555555555556 0.13580246913580246
1 0.5701388888888889 0.674074074074074 0.059722222222222225 0.09382716049382715
1 0.5493055555555556 0.8641975308641975 0.06805555555555556 0.11358024691358025
1 0.39375 0.9185185185185185 0.07916666666666666 0.1580246913580247
