0 0.39513888888888893 0.08641975308641975 0.07361111111111111 0.13333333333333333
0 0.5458333333333334 0.23086419753086418 0.1 0.17037037037037037
0 0.4625 0.2641975308641975 0.075 0.14814814814814814
0 0.6465277777777778 0.4024691358024691 0.10972222222222222 0.1728395061728395
0 0.2826388888888889 0.38395061728395063 0.07083333333333333 0.15061728395061727
0 0.35833333333333334 0.5580246913580247 0.09166666666666667 0.1580246913580247
0 0.1513888888888889 0.20123456790123456 0.12222222222222223 0.15061728395061727
0 0.03194444444444445 0.7777777777777778 0.061111111111111116 0.17777777777777778
0 0.23958333333333334 0.945679012345679 0.09861111111111112 0.11358024691358025
0 0.06180555555555556 0.9592592592592593 0.07916666666666666 0.08641975308641975
2 0.6652777777777779 0.7024691358024692 0.16111111111111112 0.23950617283950618
