2 0.28750000000000003 0.9209876543209876 0.09722222222222222 0.06419753086419754
1 0.17083333333333334 0.4148148148148148 0.04166666666666667 0.05925925925925926
2 0.5194444444444445 0.6333333333333333 0.07222222222222223 0.07654320987654321
1 0.7291666666666667 0.4444444444444444 0.05277777777777778 0.08395061728395062
1 0.8729166666666667 0.774074074074074 0.06527777777777778 0.12098765432098765
1 0.7131944444444445 0.8024691358024691 0.09305555555555556 0.14814814814814814
1 0.6354166666666667 0.9037037037037037 0.08194444444444444 0.14814814814814814
1 0.4715277777777778 0.908641975308642 0.06527777777777778 0.14814814814814814
0 0.9506944444444445 0.7012345679012345 0.04861111111111111 0.07901234567901234
0 0.3625 0.3493827160493827 0.036111111111111115 0.06666666666666667
0 0.19652777777777777 0.26296296296296295 0.043055555555555555 0.06666666666666667
