0 0.20347222222222222 0.6950617283950618 0.043055555555555555 0.07654320987654321
0 0.07777777777777778 0.8641975308641975 0.061111111111111116 0.11358024691358025
0 0.05 0.7172839506172839 0.061111111111111116 0.10123456790123457
0 0.48541666666666666 0.39012345679012345 0.04027777777777778 0.07407407407407407
0 0.8645833333333334 0.8037037037037037 0.11805555555555557 0.18024691358024691
0 0.4236111111111111 0.545679012345679 0.03333333333333333 0.05925925925925926
0 0.45625000000000004 0.5851851851851851 0.034722222222222224 0.08395061728395062
0 0.47361111111111115 0.8160493827160493 0.05555555555555556 0.10617283950617283
0 0.5368055555555555 0.8024691358024691 0.07361111111111111 0.11851851851851852
0 0.6298611111111111 0.8802469135802469 0.08194444444444444 0.15061728395061727
0 0.4791666666666667 0.9444444444444444 0.06666666666666667 0.1111111111111111
0 0.5486111111111112 0.9320987654320988 0.08333333333333334 0.1259259259259259
2 0.5750000000000001 0.32839506172839505 0.07222222222222223 0.1037037037037037
2 0.7076388888888889 0.30246913580246915 0.1486111111111111 0.11604938271604938
2 0.5388888888888889 0.6283950617283951 0.061111111111111116 0.18518518518518517
2 0.7333333333333334 0.050617283950617285 0.05277777777777778 0.09135802469135802
