1 0.4638888888888889 0.9160493827160494 0.09722222222222222 0.16790123456790124
2 0.48125 0.3592592592592593 0.09305555555555556 0.13580246913580246
2 0.7097222222222223 0.42839506172839503 0.1277777777777778 0.3530864197530864
2 0.5375 0.7530864197530864 0.19722222222222224 0.12345679012345678
0 0.3763888888888889 0.9629629629629629 0.06944444444444445 0.07901234567901234
0 0.27222222222222225 0.6679012345679012 0.08888888888888889 0.145679012345679
0 0.19583333333333333 0.43209876543209874 0.08333333333333334 0.1382716049382716
0 0.5645833333333333 0.39382716049382716 0.06527777777777778 0.14074074074074075
0 0.5236111111111111 0.18395061728395062 0.0638888888888889 0.145679012345679
0 0.5909722222222222 0.17777777777777778 0.08472222222222223 0.19753086419753085
0 0.40902777777777777 0.11234567901234567 0.07083333333333333 0.10123456790123457
