0 0.9597222222222223 0.05802469135802469 0.08333333333333334 0.10123456790123457
3 0.8368055555555556 0.10123456790123457 0.051388888888888894 0.08395061728395062
1 0.7076388888888889 0.07160493827160494 0.09583333333333334 0.1382716049382716
0 0.25069444444444444 0.2962962962962963 0.05694444444444444 0.10864197530864197
0 0.029166666666666667 0.5382716049382716 0.05555555555555556 0.1382716049382716
0 0.3729166666666667 0.49753086419753084 0.06805555555555556 0.1654320987654321
0 0.6125 0.7679012345679013 0.10277777777777779 0.16296296296296295
0 0.7027777777777778 0.5518518518518518 0.09722222222222222 0.17037037037037037
0 0.8013888888888889 0.7123456790123457 0.11944444444444445 0.19012345679012346
0 0.5875 0.9641975308641975 0.11666666666666667 0.07654320987654321
0 0.3888888888888889 0.20493827160493827 0.08055555555555556 0.14814814814814814
1 0.6541666666666667 0.25555555555555554 0.09444444444444444 0.19506172839506172
1 0.5381944444444444 0.3432098765432099 0.0625 0.11851851851851852
0 0.16875 0.7 0.15416666666666667 0.17530864197530863
