0 0.8194444444444445 0.345679012345679 0.036111111111111115 0.04938271604938271
2 0.8868055555555556 0.6234567901234568 0.06527777777777778 0.05185185185185185
0 0.6083333333333334 0.682716049382716 0.036111111111111115 0.08148148148148147
0 0.6097222222222223 0.5728395061728395 0.03888888888888889 0.05925925925925926
0 0.1513888888888889 0.41728395061728396 0.05 0.07901234567901234
0 0.46111111111111114 0.6345679012345679 0.03888888888888889 0.07901234567901234
0 0.4465277777777778 0.454320987654321 0.0375 0.04938271604938271
0 0.7263888888888889 0.782716049382716 0.061111111111111116 0.10864197530864197
0 0.7923611111111112 0.38395061728395063 0.051388888888888894 0.07160493827160494
0 0.5506944444444445 0.11975308641975309 0.02638888888888889 0.027160493827160494
0 0.6409722222222223 0.13209876543209875 0.034722222222222224 0.04197530864197531
1 0.6611111111111111 0.8012345679012346 0.061111111111111116 0.09135802469135802
