1 0.7361111111111112 0.8382716049382716 0.09166666666666667 0.1259259259259259
1 0.9076388888888889 0.6395061728395062 0.09861111111111112 0.08888888888888889
1 0.7583333333333334 0.608641975308642 0.07222222222222223 0.08148148148148147
0 0.15208333333333335 0.16296296296296295 0.03194444444444445 0.044444444444444446
0 0.3805555555555556 0.437037037037037 0.04166666666666667 0.05925925925925926
0 0.3104166666666667 0.9518518518518518 0.12083333333333333 0.10123456790123457
0 0.5756944444444445 0.6222222222222222 0.04861111111111111 0.07407407407407407
0 0.6347222222222223 0.4703703703703704 0.058333333333333334 0.0962962962962963
0 0.059722222222222225 0.554320987654321 0.06944444444444445 0.06666666666666667
0 0.33611111111111114 0.5160493827160494 0.0638888888888889 0.09876543209876543
0 0.27222222222222225 0.674074074074074 0.07222222222222223 0.1037037037037037
2 0.8819444444444445 0.6962962962962963 0.061111111111111116 0.08888888888888889
2 0.7048611111111112 0.754320987654321 0.06527777777777778 0.0962962962962963
2 0.6534722222222222 0.6691358024691358 0.0375 0.1037037037037037
2 0.26666666666666666 0.41728395061728396 0.061111111111111116 0.03950617283950617
2 0.14791666666666667 0.6604938271604938 0.11527777777777778 0.07654320987654321
2 0.15486111111111112 0.5037037037037037 0.07083333333333333 0.05432098765432099
