0 0.3013888888888889 0.13950617283950617 0.06944444444444445 0.1308641975308642
0 0.42291666666666666 0.06172839506172839 0.0625 0.11358024691358025
0 0.5 0.05185185185185185 0.061111111111111116 0.09382716049382715
0 0.3805555555555556 0.25308641975308643 0.06944444444444445 0.145679012345679
0 0.34444444444444444 0.4024691358024691 0.08333333333333334 0.1382716049382716
0 0.4951388888888889 0.5518518518518518 0.11527777777777778 0.18024691358024691
0 0.4930555555555556 0.18271604938271604 0.06944444444444445 0.13333333333333333
0 0.5868055555555556 0.18395061728395062 0.07361111111111111 0.1308641975308642
0 0.6923611111111111 0.23333333333333334 0.07083333333333333 0.1259259259259259
0 0.7048611111111112 0.5580246913580247 0.09305555555555556 0.20246913580246914
0 0.8347222222222223 0.7271604938271605 0.11111111111111112 0.18518518518518517
1 0.788888888888889 0.4641975308641975 0.12222222222222223 0.19753086419753085
1 0.6013888888888889 0.3962962962962963 0.08333333333333334 0.10123456790123457
1 0.4166666666666667 0.937037037037037 0.11111111111111112 0.1308641975308642
2 0.6534722222222222 0.7604938271604939 0.1902777777777778 0.1876543209876543
2 0.6861111111111111 0.337037037037037 0.12222222222222223 0.10617283950617283
2 0.5923611111111111 0.28888888888888886 0.06805555555555556 0.09876543209876543
