0 0.5263888888888889 0.4074074074074074 0.022222222222222223 0.05925925925925926
0 0.4673611111111111 0.7037037037037037 0.034722222222222224 0.05432098765432099
0 0.3284722222222222 0.782716049382716 0.04027777777777778 0.0691358024691358
2 0.5263888888888889 0.8308641975308642 0.05555555555555556 0.037037037037037035
1 0.37986111111111115 0.8506172839506173 0.03194444444444445 0.037037037037037035
1 0.42291666666666666 0.8925925925925926 0.04583333333333334 0.06172839506172839
1 0.5055555555555555 0.8777777777777778 0.061111111111111116 0.06666666666666667
1 0.6451388888888889 0.8506172839506173 0.0375 0.056790123456790124
1 0.5611111111111111 0.7703703703703704 0.036111111111111115 0.044444444444444446
1 0.857638888888889 0.5790123456790124 0.04861111111111111 0.046913580246913576
1 0.8472222222222222 0.9518518518518518 0.0638888888888889 0.0962962962962963
0 0.90625 0.674074074074074 0.04861111111111111 0.0691358024691358
0 0.6791666666666667 0.754320987654321 0.04166666666666667 0.09135802469135802
0 0.7625000000000001 0.937037037037037 0.05555555555555556 0.1308641975308642
