1 0.09583333333333334 0.8271604938271605 0.06944444444444445 0.09876543209876543
1 0.4701388888888889 0.9024691358024691 0.09861111111111112 0.19506172839506172
3 0.5215277777777778 0.12962962962962962 0.02638888888888889 0.04197530864197531
3 0.7881944444444444 0.29259259259259257 0.043055555555555555 0.1111111111111111
1 0.5881944444444445 0.7753086419753086 0.12638888888888888 0.21234567901234566
1 0.7284722222222223 0.674074074074074 0.10972222222222222 0.20246913580246914
1 0.5041666666666667 0.43209876543209874 0.08333333333333334 0.15308641975308643
0 0.39722222222222225 0.9666666666666667 0.08333333333333334 0.07160493827160494
0 0.020833333333333336 0.8160493827160493 0.03888888888888889 0.15555555555555556
0 0.24722222222222223 0.837037037037037 0.09444444444444444 0.14320987654320988
0 0.4291666666666667 0.7888888888888889 0.07222222222222223 0.12098765432098765
0 0.3506944444444445 0.6938271604938272 0.09583333333333334 0.1382716049382716
0 0.31666666666666665 0.5592592592592592 0.09166666666666667 0.145679012345679
