0 0.7715277777777778 0.053086419753086415 0.0763888888888889 0.10123456790123457
0 0.07916666666666666 0.3345679012345679 0.13055555555555556 0.19506172839506172
0 0.3472222222222222 0.611111111111111 0.13055555555555556 0.20987654320987653
0 0.5701388888888889 0.445679012345679 0.09027777777777778 0.15555555555555556
0 0.7048611111111112 0.41604938271604935 0.10416666666666667 0.19012345679012346
0 0.8444444444444444 0.345679012345679 0.08888888888888889 0.15308641975308643
0 0.9625 0.4222222222222222 0.07777777777777778 0.16296296296296295
0 0.9125000000000001 0.8814814814814814 0.11944444444444445 0.1925925925925926
0 0.058333333333333334 0.8827160493827161 0.11111111111111112 0.23950617283950618
1 0.7048611111111112 0.6 0.08750000000000001 0.1382716049382716
1 0.8125 0.5691358024691358 0.09722222222222222 0.18024691358024691
1 0.9125000000000001 0.5567901234567901 0.12222222222222223 0.16049382716049382
2 0.5090277777777777 0.6938271604938272 0.16527777777777777 0.18271604938271604
2 0.74375 0.7246913580246913 0.1875 0.13580246913580246
2 0.7340277777777778 0.291358024691358 0.12083333333333333 0.2814814814814815
1 0.8791666666666667 0.14320987654320988 0.11666666666666667 0.1382716049382716
