1 0.5729166666666667 0.2691358024691358 0.0375 0.07901234567901234
1 0.5597222222222222 0.6987654320987654 0.036111111111111115 0.03950617283950617
1 0.5423611111111112 0.9024691358024691 0.04027777777777778 0.06666666666666667
0 0.3902777777777778 0.9580246913580247 0.03333333333333333 0.07901234567901234
0 0.5590277777777778 0.07654320987654321 0.029166666666666667 0.05925925925925926
0 0.5916666666666667 0.19876543209876543 0.03333333333333333 0.037037037037037035
0 0.5006944444444444 0.2765432098765432 0.03194444444444445 0.04938271604938271
0 0.5930555555555556 0.42962962962962964 0.025 0.04938271604938271
0 0.5576388888888889 0.4407407407407407 0.02361111111111111 0.03209876543209877
0 0.5486111111111112 0.5382716049382716 0.02777777777777778 0.05925925925925926
0 0.5159722222222223 0.6407407407407407 0.03194444444444445 0.06172839506172839
0 0.48194444444444445 0.7222222222222222 0.030555555555555558 0.06666666666666667
0 0.4486111111111111 0.645679012345679 0.036111111111111115 0.06666666666666667
0 0.31527777777777777 0.6296296296296297 0.03333333333333333 0.04938271604938271
