0 0.28125 0.4567901234567901 0.0375 0.0345679012345679
0 0.30972222222222223 0.47530864197530864 0.025 0.05185185185185185
0 0.5715277777777777 0.16666666666666666 0.02361111111111111 0.04197530864197531
1 0.1486111111111111 0.9333333333333333 0.05277777777777778 0.06419753086419754
1 0.32708333333333334 0.5728395061728395 0.04861111111111111 0.05432098765432099
0 0.2972222222222222 0.854320987654321 0.05 0.08395061728395062
0 0.9694444444444444 0.6271604938271604 0.05277777777777778 0.08395061728395062
0 0.6319444444444444 0.5234567901234568 0.05 0.08395061728395062
0 0.8076388888888889 0.20123456790123456 0.04861111111111111 0.09135802469135802
0 0.7861111111111111 0.35185185185185186 0.05 0.07654320987654321
0 0.4986111111111111 0.6987654320987654 0.05 0.09382716049382715
0 0.08541666666666667 0.8839506172839506 0.0763888888888889 0.1037037037037037
