0 0.13680555555555557 0.21728395061728395 0.07361111111111111 0.09382716049382715
0 0.38333333333333336 0.35432098765432096 0.0638888888888889 0.12098765432098765
0 0.37777777777777777 0.6 0.08611111111111111 0.1382716049382716
0 0.5444444444444445 0.21975308641975308 0.058333333333333334 0.1037037037037037
0 0.46597222222222223 0.3987654320987654 0.0625 0.08641975308641975
0 0.4729166666666667 0.5160493827160494 0.07361111111111111 0.09876543209876543
0 0.5826388888888889 0.5148148148148148 0.07361111111111111 0.1111111111111111
0 0.5368055555555555 0.645679012345679 0.0763888888888889 0.12098765432098765
0 0.6618055555555555 0.4271604938271605 0.05416666666666667 0.07407407407407407
0 0.6687500000000001 0.682716049382716 0.07083333333333333 0.10123456790123457
0 0.7784722222222222 0.7703703703703704 0.07083333333333333 0.11358024691358025
0 0.4277777777777778 0.07037037037037037 0.04722222222222222 0.08641975308641975
1 0.8930555555555556 0.8555555555555555 0.09166666666666667 0.15555555555555556
2 0.6069444444444445 0.30617283950617286 0.05555555555555556 0.12345679012345678
2 0.6284722222222222 0.7617283950617284 0.0625 0.18518518518518517
2 0.6111111111111112 0.48148148148148145 0.08333333333333334 0.15308641975308643
