2 0.36388888888888893 0.41358024691358025 0.05555555555555556 0.1259259259259259
2 0.4027777777777778 0.5469135802469136 0.058333333333333334 0.22962962962962963
2 0.6208333333333333 0.5567901234567901 0.1277777777777778 0.2938271604938272
2 0.4763888888888889 0.3691358024691358 0.075 0.08641975308641975
1 0.5736111111111112 0.7691358024691358 0.0638888888888889 0.10617283950617283
0 0.2611111111111111 0.17901234567901234 0.03333333333333333 0.06172839506172839
0 0.40972222222222227 0.07160493827160494 0.03888888888888889 0.0691358024691358
0 0.2826388888888889 0.4728395061728395 0.051388888888888894 0.09135802469135802
0 0.23472222222222222 0.41604938271604935 0.061111111111111116 0.0962962962962963
0 0.2604166666666667 0.9629629629629629 0.09305555555555556 0.07901234567901234
