3 0.6722222222222223 0.23209876543209876 0.025 0.0345679012345679
1 0.20972222222222223 0.9432098765432099 0.14444444444444446 0.11851851851851852
1 0.9020833333333333 0.2074074074074074 0.09027777777777778 0.1580246913580247
2 0.701388888888889 0.6703703703703704 0.16944444444444445 0.19999999999999998
2 0.5798611111111112 0.38395061728395063 0.1513888888888889 0.1111111111111111
2 0.5743055555555556 0.1765432098765432 0.10694444444444445 0.09135802469135802
1 0.04930555555555556 0.19382716049382714 0.09305555555555556 0.24444444444444444
1 0.46111111111111114 0.056790123456790124 0.10555555555555556 0.1037037037037037
1 0.5256944444444445 0.7419753086419753 0.12361111111111112 0.20987654320987653
1 0.40972222222222227 0.5469135802469136 0.1 0.17037037037037037
1 0.30625 0.5950617283950617 0.09027777777777778 0.17777777777777778
0 0.06458333333333334 0.8925925925925926 0.12638888888888888 0.21975308641975308
0 0.3451388888888889 0.3530864197530864 0.08472222222222223 0.15308641975308643
