0 0.3138888888888889 0.4111111111111111 0.07222222222222223 0.12098765432098765
0 0.5208333333333334 0.40987654320987654 0.08333333333333334 0.14814814814814814
0 0.5201388888888889 0.6654320987654321 0.08194444444444444 0.145679012345679
0 0.6847222222222222 0.674074074074074 0.09444444444444444 0.14814814814814814
0 0.31666666666666665 0.817283950617284 0.08333333333333334 0.15308641975308643
0 0.7131944444444445 0.9259259259259259 0.10972222222222222 0.15308641975308643
0 0.4465277777777778 0.044444444444444446 0.08472222222222223 0.07901234567901234
0 0.6854166666666667 0.4111111111111111 0.0763888888888889 0.13580246913580246
0 0.6916666666666667 0.32098765432098764 0.07222222222222223 0.07407407407407407
0 0.7145833333333333 0.18888888888888888 0.0625 0.11604938271604938
0 0.7625000000000001 0.1037037037037037 0.07777777777777778 0.11851851851851852
0 0.8250000000000001 0.07407407407407407 0.08055555555555556 0.14320987654320988
1 0.8333333333333334 0.582716049382716 0.15833333333333333 0.2074074074074074
1 0.8458333333333333 0.23086419753086418 0.11666666666666667 0.16049382716049382
1 0.5986111111111111 0.3592592592592593 0.08055555555555556 0.21975308641975308
1 0.2215277777777778 0.6592592592592592 0.09305555555555556 0.17777777777777778
1 0.3416666666666667 0.5962962962962963 0.08888888888888889 0.15555555555555556
1 0.41875 0.8777777777777778 0.07361111111111111 0.17037037037037037
1 0.5055555555555555 0.8703703703703703 0.10833333333333334 0.20987654320987653
1 0.8506944444444445 0.9024691358024691 0.14027777777777778 0.19506172839506172
2 0.3965277777777778 0.6493827160493827 0.04583333333333334 0.2222222222222222
2 0.07361111111111111 0.8481481481481481 0.075 0.17037037037037037
1 0.2326388888888889 0.874074074074074 0.06527777777777778 0.15308641975308643
1 0.6055555555555556 0.937037037037037 0.10555555555555556 0.12098765432098765
3 0.17430555555555557 0.7333333333333333 0.059722222222222225 0.11851851851851852
3 0.5215277777777778 0.09753086419753086 0.034722222222222224 0.05185185185185185
3 0.2534722222222222 0.3037037037037037 0.06527777777777778 0.0691358024691358
