0 0.43472222222222223 0.5148148148148148 0.07222222222222223 0.1259259259259259
0 0.07777777777777778 0.4222222222222222 0.10555555555555556 0.18271604938271604
0 0.8458333333333333 0.18271604938271604 0.06666666666666667 0.11358024691358025
0 0.6284722222222222 0.4604938271604938 0.043055555555555555 0.07160493827160494
1 0.625 0.5938271604938271 0.08055555555555556 0.1111111111111111
1 0.7659722222222223 0.611111111111111 0.07361111111111111 0.12098765432098765
3 0.5472222222222223 0.7012345679012345 0.05277777777777778 0.07407407407407407
2 0.8125 0.8037037037037037 0.1388888888888889 0.18024691358024691
2 0.9611111111111111 0.7506172839506172 0.08055555555555556 0.12345679012345678
1 0.6729166666666667 0.4037037037037037 0.0625 0.07160493827160494
