0 0.25 0.9308641975308641 0.11111111111111112 0.14320987654320988
0 0.035416666666666666 0.5395061728395062 0.06527777777777778 0.20493827160493827
0 0.14375000000000002 0.0728395061728395 0.07916666666666666 0.11604938271604938
0 0.18819444444444444 0.4185185185185185 0.09861111111111112 0.1654320987654321
0 0.31875000000000003 0.4839506172839506 0.09027777777777778 0.14320987654320988
0 0.4826388888888889 0.38271604938271603 0.08750000000000001 0.13333333333333333
0 0.3784722222222222 0.7358024691358025 0.12083333333333333 0.20246913580246914
0 0.6798611111111111 0.7061728395061728 0.10416666666666667 0.17777777777777778
1 0.25972222222222224 0.18024691358024691 0.11388888888888889 0.14814814814814814
1 0.4027777777777778 0.18148148148148147 0.11666666666666667 0.18518518518518517
1 0.5090277777777777 0.24320987654320989 0.0763888888888889 0.12098765432098765
1 0.5965277777777778 0.48271604938271606 0.14027777777777778 0.20493827160493827
1 0.7666666666666667 0.5345679012345679 0.10833333333333334 0.17037037037037037
1 0.525 0.6641975308641975 0.12222222222222223 0.10864197530864197
1 0.1527777777777778 0.6679012345679012 0.13611111111111113 0.1654320987654321
1 0.2590277777777778 0.6049382716049383 0.10694444444444445 0.1580246913580247
1 0.0375 0.7493827160493827 0.06666666666666667 0.15061728395061727
3 0.9104166666666667 0.7962962962962963 0.0625 0.1111111111111111
2 0.8166666666666667 0.6345679012345679 0.09722222222222222 0.19753086419753085
