2 0.19722222222222224 0.817283950617284 0.07222222222222223 0.09876543209876543
2 0.19652777777777777 0.7160493827160493 0.03194444444444445 0.07407407407407407
2 0.22986111111111113 0.6148148148148148 0.08472222222222223 0.044444444444444446
3 0.6131944444444445 0.9395061728395061 0.020833333333333336 0.037037037037037035
3 0.6208333333333333 0.7444444444444445 0.016666666666666666 0.03209876543209877
1 0.8618055555555556 0.31234567901234567 0.051388888888888894 0.05185185185185185
1 0.6833333333333333 0.47530864197530864 0.05 0.07160493827160494
1 0.5805555555555556 0.3851851851851852 0.04166666666666667 0.05925925925925926
0 0.925 0.12962962962962962 0.04722222222222222 0.046913580246913576
0 0.8104166666666667 0.07654320987654321 0.0375 0.05432098765432099
0 0.6666666666666667 0.23703703703703705 0.030555555555555558 0.044444444444444446
0 0.4979166666666667 0.20123456790123456 0.029166666666666667 0.046913580246913576
0 0.43194444444444446 0.8407407407407407 0.07222222222222223 0.1308641975308642
0 0.2465277777777778 0.0691358024691358 0.0375 0.0345679012345679
0 0.16597222222222222 0.09506172839506173 0.051388888888888894 0.06172839506172839
