0 0.69375 0.29506172839506173 0.0375 0.07160493827160494
0 0.6465277777777778 0.2419753086419753 0.034722222222222224 0.05432098765432099
0 0.1277777777777778 0.754320987654321 0.075 0.10123456790123457
0 0.16666666666666669 0.6382716049382716 0.05 0.06666666666666667
0 0.4236111111111111 0.9259259259259259 0.058333333333333334 0.08395061728395062
0 0.65 0.9135802469135802 0.06944444444444445 0.09876543209876543
0 0.9097222222222222 0.7790123456790123 0.05277777777777778 0.08641975308641975
0 0.8159722222222222 0.6370370370370371 0.051388888888888894 0.0691358024691358
0 0.8930555555555556 0.45555555555555555 0.04722222222222222 0.07160493827160494
0 0.7666666666666667 0.1925925925925926 0.02777777777777778 0.06419753086419754
0 0.95625 0.23950617283950618 0.03194444444444445 0.06419753086419754
0 0.4486111111111111 0.24938271604938272 0.030555555555555558 0.044444444444444446
0 0.5055555555555555 0.3234567901234568 0.022222222222222223 0.0345679012345679
1 0.48541666666666666 0.762962962962963 0.043055555555555555 0.07901234567901234
1 0.9333333333333333 0.671604938271605 0.05555555555555556 0.08395061728395062
1 0.8840277777777779 0.7037037037037037 0.0375 0.05925925925925926
