0 0.8361111111111111 0.05432098765432099 0.10277777777777779 0.09876543209876543
0 0.7986111111111112 0.15061728395061727 0.06944444444444445 0.1037037037037037
0 0.9104166666666667 0.15432098765432098 0.13194444444444445 0.16049382716049382
0 0.9541666666666667 0.3654320987654321 0.09444444444444444 0.1580246913580247
0 0.7472222222222222 0.37407407407407406 0.13611111111111113 0.20987654320987653
0 0.6708333333333334 0.4962962962962963 0.11111111111111112 0.17777777777777778
0 0.6583333333333333 0.9012345679012346 0.11666666666666667 0.20246913580246914
0 0.9166666666666667 0.9333333333333333 0.1388888888888889 0.1382716049382716
0 0.4152777777777778 0.29259259259259257 0.07777777777777778 0.1259259259259259
0 0.45625000000000004 0.7716049382716049 0.07083333333333333 0.1259259259259259
2 0.55625 0.7148148148148148 0.11805555555555557 0.20493827160493827
0 0.15416666666666667 0.7864197530864198 0.075 0.1308641975308642
0 0.23958333333333334 0.8493827160493826 0.05694444444444444 0.1037037037037037
