1 0.7680555555555556 0.917283950617284 0.03888888888888889 0.05185185185185185
1 0.7027777777777778 0.8728395061728395 0.04722222222222222 0.0962962962962963
0 0.24305555555555555 0.3197530864197531 0.03888888888888889 0.07654320987654321
0 0.42430555555555555 0.07777777777777778 0.034722222222222224 0.06666666666666667
0 0.41250000000000003 0.1469135802469136 0.022222222222222223 0.05185185185185185
0 0.4673611111111111 0.19135802469135801 0.03194444444444445 0.05185185185185185
0 0.5840277777777778 0.12098765432098765 0.0375 0.05432098765432099
0 0.7722222222222223 0.2580246913580247 0.02777777777777778 0.056790123456790124
0 0.5840277777777778 0.5049382716049383 0.03194444444444445 0.07160493827160494
0 0.8812500000000001 0.3345679012345679 0.04583333333333334 0.07160493827160494
0 0.5881944444444445 0.9024691358024691 0.04027777777777778 0.08641975308641975
0 0.3527777777777778 0.6567901234567901 0.036111111111111115 0.05925925925925926
