0 0.6208333333333333 0.0728395061728395 0.04722222222222222 0.08641975308641975
0 0.7583333333333334 0.3592592592592593 0.0638888888888889 0.07654320987654321
0 0.9625 0.5975308641975309 0.07777777777777778 0.13333333333333333
0 0.8326388888888889 0.7222222222222222 0.11527777777777778 0.19012345679012346
0 0.6354166666666667 0.29876543209876544 0.059722222222222225 0.11358024691358025
0 0.5458333333333334 0.17407407407407408 0.07222222222222223 0.1111111111111111
0 0.5013888888888889 0.29259259259259257 0.075 0.0962962962962963
0 0.43680555555555556 0.20493827160493827 0.0625 0.09382716049382715
0 0.42430555555555555 0.12098765432098765 0.059722222222222225 0.07901234567901234
0 0.3527777777777778 0.32469135802469135 0.075 0.11604938271604938
0 0.34652777777777777 0.11358024691358025 0.06527777777777778 0.09382716049382715
