0 0.32222222222222224 0.6493827160493827 0.06944444444444445 0.15308641975308643
3 0.6534722222222222 0.8444444444444444 0.10138888888888889 0.1876543209876543
0 0.53125 0.08271604938271605 0.07083333333333333 0.13580246913580246
0 0.6097222222222223 0.1419753086419753 0.06944444444444445 0.14074074074074075
0 0.5465277777777778 0.30123456790123454 0.06805555555555556 0.13333333333333333
0 0.7027777777777778 0.24074074074074073 0.07777777777777778 0.13580246913580246
0 0.7041666666666667 0.39753086419753086 0.07777777777777778 0.1382716049382716
0 0.8895833333333334 0.12839506172839507 0.1625 0.2419753086419753
0 0.22986111111111113 0.3432098765432099 0.0763888888888889 0.12345679012345678
3 0.9326388888888889 0.6851851851851851 0.09027777777777778 0.145679012345679
