0 0.3791666666666667 0.06172839506172839 0.03333333333333333 0.07407407407407407
0 0.18055555555555555 0.43209876543209874 0.0638888888888889 0.07901234567901234
0 0.43472222222222223 0.5333333333333333 0.044444444444444446 0.09876543209876543
0 0.47847222222222224 0.5111111111111111 0.05416666666666667 0.07407407407407407
0 0.4701388888888889 0.7567901234567901 0.04583333333333334 0.0962962962962963
0 0.5263888888888889 0.9271604938271605 0.075 0.1308641975308642
0 0.44930555555555557 0.9691358024691358 0.06805555555555556 0.06666666666666667
1 0.37986111111111115 0.45185185185185184 0.04027777777777778 0.04938271604938271
1 0.49722222222222223 0.6 0.0638888888888889 0.06419753086419754
1 0.5402777777777777 0.7333333333333333 0.07777777777777778 0.12345679012345678
2 0.6875 0.7555555555555555 0.11111111111111112 0.08395061728395062
0 0.33819444444444446 0.2777777777777778 0.04583333333333334 0.07160493827160494
