2 0.6347222222222223 0.16419753086419753 0.030555555555555558 0.1654320987654321
2 0.64375 0.7074074074074074 0.07083333333333333 0.18024691358024691
1 0.5618055555555556 0.6901234567901234 0.0763888888888889 0.15555555555555556
1 0.5631944444444444 0.5432098765432098 0.0625 0.1382716049382716
1 0.6888888888888889 0.4148148148148148 0.09166666666666667 0.2419753086419753
1 0.3055555555555556 0.16049382716049382 0.16666666666666669 0.19753086419753085
0 0.6104166666666667 0.8962962962962963 0.10416666666666667 0.1925925925925926
0 0.4666666666666667 0.7259259259259259 0.09166666666666667 0.1728395061728395
0 0.2916666666666667 0.7790123456790123 0.13055555555555556 0.2345679012345679
0 0.28125 0.3592592592592593 0.12638888888888888 0.19012345679012346
0 0.1451388888888889 0.1271604938271605 0.17916666666666667 0.21481481481481482
