3 0.10208333333333333 0.845679012345679 0.02361111111111111 0.03209876543209877
3 0.1486111111111111 0.9617283950617284 0.030555555555555558 0.07160493827160494
2 0.6527777777777778 0.6481481481481481 0.0638888888888889 0.0962962962962963
2 0.5847222222222223 0.6444444444444445 0.06666666666666667 0.14814814814814814
2 0.9611111111111111 0.3691358024691358 0.08055555555555556 0.08641975308641975
2 0.9416666666666667 0.6777777777777778 0.11944444444444445 0.19999999999999998
2 0.3493055555555556 0.11234567901234567 0.07083333333333333 0.10617283950617283
1 0.525 0.3925925925925926 0.03888888888888889 0.05925925925925926
0 0.32222222222222224 0.6555555555555556 0.05555555555555556 0.07160493827160494
1 0.2777777777777778 0.7259259259259259 0.044444444444444446 0.05432098765432099
1 0.7194444444444444 0.4740740740740741 0.04722222222222222 0.06419753086419754
1 0.6965277777777779 0.8839506172839506 0.08472222222222223 0.07901234567901234
1 0.5576388888888889 0.6654320987654321 0.06527777777777778 0.10617283950617283
1 0.46319444444444446 0.5481481481481482 0.06527777777777778 0.0691358024691358
1 0.2652777777777778 0.8222222222222222 0.0638888888888889 0.11851851851851852
1 0.05347222222222223 0.5654320987654321 0.0625 0.1037037037037037
0 0.7902777777777779 0.4222222222222222 0.03333333333333333 0.08888888888888889
0 0.2 0.8604938271604938 0.06944444444444445 0.145679012345679
0 0.6756944444444445 0.7716049382716049 0.07916666666666666 0.1308641975308642
0 0.8215277777777779 0.07407407407407407 0.04583333333333334 0.05925925925925926
0 0.7722222222222223 0.1580246913580247 0.02777777777777778 0.05432098765432099
0 0.8944444444444445 0.24567901234567902 0.05277777777777778 0.07160493827160494
0 0.75 0.2839506172839506 0.02777777777777778 0.07407407407407407
0 0.44930555555555557 0.0654320987654321 0.043055555555555555 0.07160493827160494
0 0.13541666666666669 0.22592592592592592 0.029166666666666667 0.046913580246913576
