2 0.2013888888888889 0.26666666666666666 0.04166666666666667 0.11851851851851852
0 0.02013888888888889 0.3962962962962963 0.034722222222222224 0.10617283950617283
0 0.13680555555555557 0.19506172839506172 0.05694444444444444 0.07901234567901234
0 0.36458333333333337 0.4728395061728395 0.07361111111111111 0.11604938271604938
0 0.6305555555555555 0.7160493827160493 0.08888888888888889 0.16296296296296295
0 0.7069444444444445 0.5049382716049383 0.08055555555555556 0.0962962962962963
2 0.4569444444444445 0.5098765432098765 0.09444444444444444 0.1111111111111111
2 0.7930555555555556 0.6592592592592592 0.075 0.11358024691358025
1 0.4138888888888889 0.2962962962962963 0.03888888888888889 0.05432098765432099
1 0.5291666666666667 0.24567901234567902 0.044444444444444446 0.046913580246913576
