0 0.05694444444444444 0.6259259259259259 0.08888888888888889 0.1111111111111111
0 0.22013888888888888 0.8901234567901234 0.08472222222222223 0.16049382716049382
0 0.3993055555555556 0.9197530864197531 0.09027777777777778 0.15555555555555556
0 0.6013888888888889 0.8950617283950617 0.08055555555555556 0.14074074074074075
0 0.8250000000000001 0.6814814814814815 0.09166666666666667 0.1580246913580247
0 0.6972222222222223 0.47777777777777775 0.075 0.12098765432098765
0 0.5625 0.3592592592592593 0.07222222222222223 0.10123456790123457
0 0.35208333333333336 0.37037037037037035 0.07083333333333333 0.11358024691358025
0 0.33611111111111114 0.5604938271604938 0.08333333333333334 0.14320987654320988
0 0.43819444444444444 0.4962962962962963 0.07916666666666666 0.13333333333333333
0 0.4673611111111111 0.6432098765432098 0.08750000000000001 0.14074074074074075
0 0.5611111111111111 0.15432098765432098 0.06944444444444445 0.09135802469135802
0 0.5270833333333333 0.5012345679012346 0.043055555555555555 0.08395061728395062
0 0.576388888888889 0.6049382716049383 0.07777777777777778 0.1580246913580247
0 0.6375000000000001 0.1037037037037037 0.05277777777777778 0.09382716049382715
3 0.5506944444444445 0.2419753086419753 0.029166666666666667 0.04938271604938271
