1 0.8423611111111111 0.08148148148148147 0.10694444444444445 0.1580246913580247
1 0.7319444444444445 0.08765432098765431 0.10555555555555556 0.13580246913580246
1 0.6652777777777779 0.21728395061728395 0.11111111111111112 0.1876543209876543
1 0.5979166666666667 0.41358024691358025 0.13472222222222222 0.2691358024691358
2 0.9576388888888889 0.21975308641975308 0.08750000000000001 0.3160493827160494
2 0.7118055555555556 0.845679012345679 0.13472222222222222 0.2740740740740741
2 0.5604166666666667 0.7753086419753086 0.1763888888888889 0.18271604938271604
2 0.3340277777777778 0.4185185185185185 0.07083333333333333 0.254320987654321
0 0.2520833333333333 0.9592592592592593 0.10694444444444445 0.08641975308641975
0 0.39861111111111114 0.9123456790123456 0.11666666666666667 0.18024691358024691
0 0.5361111111111111 0.9320987654320988 0.09166666666666667 0.13580246913580246
0 0.6555555555555556 0.6925925925925925 0.13055555555555556 0.17037037037037037
0 0.882638888888889 0.6098765432098765 0.12916666666666668 0.2074074074074074
0 0.7048611111111112 0.5074074074074074 0.09583333333333334 0.16049382716049382
0 0.4763888888888889 0.3432098765432099 0.10555555555555556 0.18271604938271604
0 0.49236111111111114 0.6 0.08472222222222223 0.14814814814814814
0 0.29444444444444445 0.6604938271604938 0.1527777777777778 0.22469135802469134
0 0.22013888888888888 0.4925925925925926 0.11527777777777778 0.17037037037037037
0 0.08194444444444444 0.6765432098765432 0.1277777777777778 0.2222222222222222
