0 0.1701388888888889 0.6419753086419753 0.10416666666666667 0.1580246913580247
0 0.7444444444444445 0.49506172839506174 0.08888888888888889 0.17037037037037037
0 0.8756944444444444 0.762962962962963 0.06527777777777778 0.11358024691358025
0 0.46319444444444446 0.1469135802469136 0.051388888888888894 0.06666666666666667
0 0.3513888888888889 0.1382716049382716 0.030555555555555558 0.06419753086419754
0 0.3993055555555556 0.03209876543209877 0.029166666666666667 0.04938271604938271
1 0.2847222222222222 0.3259259259259259 0.05 0.0691358024691358
1 0.02777777777777778 0.5049382716049383 0.044444444444444446 0.12098765432098765
1 0.1701388888888889 0.7876543209876543 0.09027777777777778 0.08888888888888889
2 0.4388888888888889 0.5876543209876544 0.09722222222222222 0.1728395061728395
2 0.5201388888888889 0.2580246913580247 0.14027777777777778 0.08148148148148147
2 0.06041666666666667 0.4703703703703704 0.09305555555555556 0.18518518518518517
2 0.16458333333333333 0.49876543209876545 0.08472222222222223 0.12345679012345678
1 0.6125 0.3111111111111111 0.058333333333333334 0.0691358024691358
2 0.6104166666666667 0.4888888888888889 0.051388888888888894 0.1382716049382716
2 0.820138888888889 0.7728395061728395 0.034722222222222224 0.1925925925925926
