0 0.39305555555555555 0.2185185185185185 0.058333333333333334 0.08641975308641975
0 0.36597222222222225 0.4901234567901234 0.06527777777777778 0.10617283950617283
0 0.3736111111111111 0.6333333333333333 0.058333333333333334 0.1111111111111111
0 0.47222222222222227 0.36666666666666664 0.06666666666666667 0.10123456790123457
0 0.48750000000000004 0.4901234567901234 0.08333333333333334 0.1259259259259259
0 0.47847222222222224 0.6382716049382716 0.07361111111111111 0.12098765432098765
0 0.6347222222222223 0.22839506172839505 0.0638888888888889 0.1111111111111111
0 0.8895833333333334 0.24444444444444444 0.07361111111111111 0.13333333333333333
0 0.8131944444444444 0.36419753086419754 0.0763888888888889 0.11604938271604938
0 0.9625 0.31851851851851853 0.07777777777777778 0.14320987654320988
0 0.9458333333333334 0.5395061728395062 0.10833333333333334 0.16049382716049382
0 0.8 0.5654320987654321 0.10277777777777779 0.16296296296296295
0 0.7895833333333334 0.9481481481481482 0.10138888888888889 0.10864197530864197
0 0.5298611111111111 0.9469135802469135 0.05694444444444444 0.09135802469135802
1 0.3652777777777778 0.8530864197530864 0.09166666666666667 0.1308641975308642
1 0.5375 0.8160493827160493 0.05 0.09135802469135802
1 0.7347222222222223 0.6728395061728395 0.07777777777777778 0.145679012345679
1 0.8868055555555556 0.7987654320987654 0.0763888888888889 0.14074074074074075
1 0.7347222222222223 0.45555555555555555 0.06666666666666667 0.10617283950617283
2 0.40625 0.7135802469135802 0.09583333333333334 0.0691358024691358
0 0.19930555555555557 0.5419753086419753 0.09583333333333334 0.11604938271604938
1 0.3819444444444445 0.35061728395061725 0.05555555555555556 0.09382716049382715
2 0.625 0.3530864197530864 0.0638888888888889 0.07901234567901234
