0 0.5493055555555556 0.1382716049382716 0.03194444444444445 0.05432098765432099
0 0.29583333333333334 0.34814814814814815 0.02777777777777778 0.044444444444444446
0 0.12916666666666668 0.9098765432098765 0.07222222222222223 0.09135802469135802
0 0.20694444444444446 0.8061728395061728 0.04722222222222222 0.08641975308641975
0 0.40694444444444444 0.7037037037037037 0.044444444444444446 0.07407407407407407
0 0.4354166666666667 0.562962962962963 0.04027777777777778 0.05925925925925926
0 0.28750000000000003 0.5358024691358024 0.036111111111111115 0.05432098765432099
0 0.41250000000000003 0.32839506172839505 0.036111111111111115 0.05432098765432099
0 0.6826388888888889 0.5938271604938271 0.03194444444444445 0.08641975308641975
0 0.7125 0.5777777777777777 0.02777777777777778 0.05432098765432099
0 0.1125 0.5234567901234568 0.044444444444444446 0.044444444444444446
0 0.23194444444444445 0.6123456790123457 0.02777777777777778 0.03950617283950617
0 0.3715277777777778 0.28271604938271605 0.02361111111111111 0.04197530864197531
1 0.08263888888888889 0.6444444444444445 0.03194444444444445 0.0345679012345679
1 0.1451388888888889 0.671604938271605 0.043055555555555555 0.05925925925925926
