0 0.33472222222222225 0.37777777777777777 0.08333333333333334 0.08888888888888889
0 0.34652777777777777 0.4876543209876543 0.043055555555555555 0.07160493827160494
0 0.5437500000000001 0.2876543209876543 0.06527777777777778 0.12098765432098765
0 0.5125000000000001 0.4567901234567901 0.04722222222222222 0.09876543209876543
0 0.09791666666666667 0.7592592592592592 0.051388888888888894 0.09135802469135802
0 0.2013888888888889 0.8308641975308642 0.08055555555555556 0.1111111111111111
0 0.33055555555555555 0.7901234567901234 0.061111111111111116 0.09382716049382715
0 0.41805555555555557 0.8246913580246913 0.058333333333333334 0.1037037037037037
0 0.48194444444444445 0.737037037037037 0.08055555555555556 0.10123456790123457
0 0.5125000000000001 0.8728395061728395 0.08888888888888889 0.13580246913580246
0 0.6534722222222222 0.8197530864197531 0.08750000000000001 0.08888888888888889
0 0.6708333333333334 0.9209876543209876 0.11111111111111112 0.14320987654320988
1 0.6756944444444445 0.6222222222222222 0.09305555555555556 0.1728395061728395
1 0.9180555555555556 0.7358024691358025 0.1638888888888889 0.2074074074074074
1 0.4201388888888889 0.5395061728395062 0.0625 0.10617283950617283
3 0.5506944444444445 0.4308641975308642 0.043055555555555555 0.1259259259259259
3 0.6041666666666667 0.4037037037037037 0.06666666666666667 0.13580246913580246
2 0.6006944444444444 0.06790123456790123 0.09861111111111112 0.1111111111111111
