0 0.4916666666666667 0.6679012345679012 0.04722222222222222 0.09135802469135802
0 0.5527777777777778 0.674074074074074 0.04722222222222222 0.07407407407407407
0 0.6347222222222223 0.7666666666666666 0.07777777777777778 0.1308641975308642
0 0.7770833333333333 0.671604938271605 0.08750000000000001 0.14814814814814814
0 0.5277777777777778 0.4839506172839506 0.061111111111111116 0.11358024691358025
0 0.39583333333333337 0.39999999999999997 0.03888888888888889 0.08888888888888889
0 0.45625000000000004 0.3950617283950617 0.051388888888888894 0.08888888888888889
0 0.6354166666666667 0.08024691358024691 0.07916666666666666 0.13580246913580246
0 0.4548611111111111 0.24444444444444444 0.07361111111111111 0.12839506172839507
0 0.36736111111111114 0.23333333333333334 0.05416666666666667 0.10123456790123457
