0 0.034722222222222224 0.6592592592592592 0.0638888888888889 0.1580246913580247
1 0.6027777777777777 0.16049382716049382 0.05277777777777778 0.08395061728395062
1 0.763888888888889 0.0728395061728395 0.05277777777777778 0.08148148148148147
1 0.32569444444444445 0.9629629629629629 0.0375 0.07901234567901234
0 0.18472222222222223 0.03950617283950617 0.08333333333333334 0.06419753086419754
0 0.36041666666666666 0.11481481481481481 0.06805555555555556 0.10617283950617283
0 0.24583333333333335 0.18395061728395062 0.07222222222222223 0.1259259259259259
0 0.5263888888888889 0.4345679012345679 0.07222222222222223 0.11851851851851852
0 0.5805555555555556 0.7432098765432099 0.06666666666666667 0.16296296296296295
0 0.7423611111111111 0.8037037037037037 0.11805555555555557 0.23950617283950618
