3 0.7270833333333334 0.1259259259259259 0.02361111111111111 0.02962962962962963
2 0.8159722222222222 0.34074074074074073 0.06527777777777778 0.07901234567901234
0 0.38819444444444445 0.08518518518518518 0.059722222222222225 0.08148148148148147
0 0.76875 0.2345679012345679 0.06805555555555556 0.08888888888888889
0 0.27569444444444446 0.48518518518518516 0.04027777777777778 0.0962962962962963
0 0.3902777777777778 0.9382716049382716 0.09166666666666667 0.12345679012345678
1 0.5729166666666667 0.7765432098765432 0.10972222222222222 0.20493827160493827
1 0.5618055555555556 0.1617283950617284 0.08194444444444444 0.08148148148148147
2 0.6611111111111111 0.4222222222222222 0.09444444444444444 0.1037037037037037
2 0.6430555555555556 0.08271604938271605 0.02777777777777778 0.0962962962962963
2 0.10138888888888889 0.4901234567901234 0.02777777777777778 0.12098765432098765
