2 0.7375 0.7765432098765432 0.16666666666666669 0.08641975308641975
2 0.6729166666666667 0.5259259259259259 0.19861111111111113 0.09382716049382715
0 0.23819444444444446 0.7987654320987654 0.059722222222222225 0.07160493827160494
0 0.20208333333333334 0.9209876543209876 0.08750000000000001 0.10864197530864197
0 0.3104166666666667 0.9629629629629629 0.06805555555555556 0.07901234567901234
0 0.14722222222222223 0.817283950617284 0.05 0.04938271604938271
1 0.31666666666666665 0.8716049382716049 0.075 0.08395061728395062
1 0.6597222222222222 0.8962962962962963 0.14444444444444446 0.20246913580246914
2 0.4673611111111111 0.8679012345679012 0.07916666666666666 0.25925925925925924
2 0.33263888888888893 0.7555555555555555 0.05694444444444444 0.16790123456790124
