1 0.95625 0.8975308641975308 0.09027777777777778 0.20987654320987653
2 0.5340277777777778 0.5209876543209876 0.20972222222222223 0.1876543209876543
0 0.40555555555555556 0.8987654320987654 0.10555555555555556 0.15308641975308643
0 0.3701388888888889 0.6382716049382716 0.07916666666666666 0.15555555555555556
0 0.48194444444444445 0.23703703703703705 0.07222222222222223 0.11851851851851852
0 0.5576388888888889 0.3493827160493827 0.10416666666666667 0.15061728395061727
0 0.7020833333333334 0.36666666666666664 0.12361111111111112 0.19012345679012346
0 0.9076388888888889 0.3493827160493827 0.1125 0.19012345679012346
0 0.945138888888889 0.10246913580246914 0.1125 0.145679012345679
0 0.795138888888889 0.18888888888888888 0.1125 0.18024691358024691
0 0.6583333333333333 0.17530864197530863 0.09166666666666667 0.13333333333333333
0 0.5152777777777778 0.09876543209876543 0.06666666666666667 0.11358024691358025
