0 0.2847222222222222 0.32098765432098764 0.06666666666666667 0.09382716049382715
0 0.5750000000000001 0.1567901234567901 0.03888888888888889 0.07654320987654321
0 0.6902777777777778 0.31851851851851853 0.05277777777777778 0.1382716049382716
0 0.7368055555555556 0.38395061728395063 0.05416666666666667 0.08148148148148147
0 0.7180555555555556 0.7382716049382716 0.05555555555555556 0.1382716049382716
1 0.3944444444444445 0.9407407407407408 0.14166666666666666 0.12345679012345678
1 0.545138888888889 0.3617283950617284 0.05416666666666667 0.07160493827160494
1 0.1736111111111111 0.6148148148148148 0.11111111111111112 0.1037037037037037
2 0.09583333333333334 0.774074074074074 0.1638888888888889 0.12098765432098765
2 0.08958333333333333 0.9037037037037037 0.10972222222222222 0.18271604938271604
2 0.225 0.5308641975308642 0.13333333333333333 0.0691358024691358
2 0.14097222222222222 0.7506172839506172 0.12083333333333333 0.09876543209876543
2 0.3625 0.37777777777777777 0.09444444444444444 0.07407407407407407
