0 0.19791666666666669 0.4567901234567901 0.05694444444444444 0.09876543209876543
0 0.15 0.9 0.058333333333333334 0.0962962962962963
0 0.4840277777777778 0.32222222222222224 0.051388888888888894 0.09135802469135802
0 0.7138888888888889 0.619753086419753 0.075 0.11851851851851852
0 0.6916666666666667 0.7555555555555555 0.08333333333333334 0.14814814814814814
0 0.42847222222222225 0.4345679012345679 0.051388888888888894 0.07407407407407407
0 0.4666666666666667 0.9691358024691358 0.06666666666666667 0.06666666666666667
1 0.425 0.3308641975308642 0.05277777777777778 0.07407407407407407
1 0.5708333333333333 0.19876543209876543 0.05 0.06666666666666667
1 0.8590277777777778 0.6432098765432098 0.10972222222222222 0.14074074074074075
1 0.35625 0.6555555555555556 0.04861111111111111 0.056790123456790124
1 0.24583333333333335 0.3530864197530864 0.03888888888888889 0.05925925925925926
0 0.3 0.5481481481481482 0.036111111111111115 0.0691358024691358
