0 0.4930555555555556 0.7580246913580246 0.11111111111111112 0.1580246913580247
0 0.4840277777777778 0.9432098765432099 0.10972222222222222 0.11851851851851852
1 0.18055555555555555 0.3234567901234568 0.125 0.21234567901234566
1 0.35208333333333336 0.2185185185185185 0.14027777777777778 0.22469135802469134
1 0.45833333333333337 0.09012345679012346 0.11111111111111112 0.17530864197530863
0 0.32708333333333334 0.046913580246913576 0.07361111111111111 0.07407407407407407
2 0.6569444444444444 0.3135802469135802 0.16111111111111112 0.12345679012345678
2 0.5861111111111111 0.13703703703703704 0.125 0.1654320987654321
1 0.7465277777777778 0.6962962962962963 0.1513888888888889 0.28641975308641976
1 0.6020833333333333 0.45555555555555555 0.09861111111111112 0.16049382716049382
