0 0.05416666666666667 0.0691358024691358 0.10555555555555556 0.13333333333333333
0 0.5944444444444444 0.19753086419753085 0.11111111111111112 0.20246913580246914
0 0.7090277777777778 0.3172839506172839 0.09027777777777778 0.19012345679012346
0 0.8055555555555556 0.3197530864197531 0.08888888888888889 0.15061728395061727
0 0.2833333333333333 0.7135802469135802 0.10555555555555556 0.20246913580246914
0 0.33125 0.9395061728395061 0.10694444444444445 0.1259259259259259
0 0.4756944444444445 0.9358024691358025 0.10416666666666667 0.13333333333333333
1 0.10208333333333333 0.35802469135802467 0.1736111111111111 0.20246913580246914
1 0.4673611111111111 0.5691358024691358 0.1513888888888889 0.254320987654321
1 0.5555555555555556 0.7888888888888889 0.08333333333333334 0.15555555555555556
1 0.7277777777777779 0.5950617283950617 0.05555555555555556 0.09382716049382715
2 0.6840277777777778 0.545679012345679 0.05694444444444444 0.2518518518518518
1 0.8868055555555556 0.1925925925925926 0.059722222222222225 0.11358024691358025
1 0.11388888888888889 0.591358024691358 0.12222222222222223 0.19012345679012346
1 0.8805555555555555 0.3567901234567901 0.05 0.10617283950617283
