1 0.13680555555555557 0.7358024691358025 0.051388888888888894 0.07407407407407407
1 0.5215277777777778 0.29506172839506173 0.0625 0.07654320987654321
0 0.7104166666666667 0.9777777777777777 0.07361111111111111 0.04938271604938271
0 0.576388888888889 0.9753086419753086 0.08333333333333334 0.05432098765432099
0 0.7631944444444445 0.43580246913580245 0.04027777777777778 0.07654320987654321
0 0.9263888888888889 0.05555555555555555 0.061111111111111116 0.07160493827160494
0 0.8076388888888889 0.06790123456790123 0.04027777777777778 0.0962962962962963
0 0.6173611111111111 0.12098765432098765 0.034722222222222224 0.05432098765432099
0 0.39305555555555555 0.48518518518518516 0.03888888888888889 0.06666666666666667
0 0.3458333333333333 0.37160493827160496 0.03888888888888889 0.06666666666666667
