0 0.08194444444444444 0.3962962962962963 0.11944444444444445 0.17530864197530863
0 0.21875 0.337037037037037 0.07916666666666666 0.1111111111111111
0 0.3076388888888889 0.39382716049382716 0.09861111111111112 0.13580246913580246
0 0.4291666666666667 0.4419753086419753 0.08888888888888889 0.14320987654320988
0 0.5638888888888889 0.4901234567901234 0.08611111111111111 0.145679012345679
0 0.4048611111111111 0.5925925925925926 0.06527777777777778 0.09876543209876543
0 0.1763888888888889 0.5246913580246914 0.10555555555555556 0.1654320987654321
0 0.02361111111111111 0.5469135802469136 0.044444444444444446 0.1654320987654321
1 0.30486111111111114 0.2185185185185185 0.07083333333333333 0.10617283950617283
1 0.38333333333333336 0.31851851851851853 0.10833333333333334 0.1382716049382716
1 0.2798611111111111 0.5567901234567901 0.09305555555555556 0.145679012345679
1 0.425 0.8296296296296296 0.16111111111111112 0.25679012345679014
1 0.5465277777777778 0.654320987654321 0.12361111111111112 0.19753086419753085
1 0.24444444444444446 0.9444444444444444 0.13333333333333333 0.11604938271604938
2 0.6673611111111112 0.10864197530864197 0.09861111111111112 0.1580246913580247
2 0.4979166666666667 0.30123456790123454 0.1125 0.09876543209876543
2 0.6875 0.6617283950617284 0.14166666666666666 0.1728395061728395
2 0.7645833333333334 0.9395061728395061 0.10972222222222222 0.1259259259259259
1 0.6479166666666667 0.41234567901234565 0.1125 0.14814814814814814
2 0.45416666666666666 0.05802469135802469 0.08333333333333334 0.09135802469135802
