2 0.27083333333333337 0.2740740740740741 0.10555555555555556 0.05925925925925926
2 0.11597222222222223 0.26296296296296295 0.1125 0.1259259259259259
1 0.2798611111111111 0.825925925925926 0.10694444444444445 0.19999999999999998
1 0.9388888888888889 0.5123456790123456 0.125 0.20987654320987653
0 0.45555555555555555 0.0962962962962963 0.04166666666666667 0.05925925925925926
0 0.36388888888888893 0.15061728395061727 0.075 0.10864197530864197
0 0.22986111111111113 0.6012345679012345 0.10138888888888889 0.15061728395061727
0 0.5263888888888889 0.31234567901234567 0.09166666666666667 0.17530864197530863
3 0.16111111111111112 0.5395061728395062 0.022222222222222223 0.037037037037037035
3 0.11388888888888889 0.36296296296296293 0.016666666666666666 0.03950617283950617
