3 0.7923611111111112 0.7641975308641975 0.10694444444444445 0.20987654320987653
0 0.03680555555555556 0.12962962962962962 0.0625 0.10123456790123457
0 0.08541666666666667 0.2679012345679012 0.09305555555555556 0.10617283950617283
0 0.20694444444444446 0.12469135802469136 0.06666666666666667 0.0962962962962963
0 0.34097222222222223 0.09382716049382715 0.05694444444444444 0.08888888888888889
0 0.3458333333333333 0.16790123456790124 0.05277777777777778 0.08395061728395062
0 0.28055555555555556 0.2271604938271605 0.06666666666666667 0.09876543209876543
0 0.23194444444444445 0.3493827160493827 0.07222222222222223 0.11604938271604938
0 0.4513888888888889 0.4567901234567901 0.06666666666666667 0.11358024691358025
0 0.33263888888888893 0.43209876543209874 0.08194444444444444 0.11851851851851852
0 0.37430555555555556 0.28888888888888886 0.08194444444444444 0.11358024691358025
0 0.30347222222222225 0.34444444444444444 0.08194444444444444 0.13580246913580246
0 0.41250000000000003 0.3802469135802469 0.05 0.04938271604938271
0 0.18333333333333335 0.8148148148148148 0.125 0.18271604938271604
0 0.15625 0.5234567901234568 0.06805555555555556 0.08888888888888889
0 0.05277777777777778 0.5320987654320988 0.09444444444444444 0.15061728395061727
0 0.030555555555555558 0.774074074074074 0.05277777777777778 0.11604938271604938
0 0.04166666666666667 0.8901234567901234 0.08055555555555556 0.15061728395061727
0 0.28402777777777777 0.05432098765432099 0.0375 0.0691358024691358
1 0.4444444444444445 0.18641975308641975 0.08333333333333334 0.12098765432098765
1 0.5111111111111112 0.23703703703703705 0.0638888888888889 0.11358024691358025
1 0.6326388888888889 0.3382716049382716 0.07083333333333333 0.12839506172839507
1 0.7895833333333334 0.3234567901234568 0.07916666666666666 0.10864197530864197
1 0.6923611111111111 0.5938271604938271 0.10138888888888889 0.18518518518518517
1 0.7881944444444444 0.1567901234567901 0.10972222222222222 0.13580246913580246
2 0.6847222222222222 0.8061728395061728 0.07222222222222223 0.2345679012345679
3 0.826388888888889 0.4308641975308642 0.08611111111111111 0.1308641975308642
0 0.5430555555555556 0.9148148148148147 0.10833333333333334 0.17530864197530863
3 0.4715277777777778 0.3333333333333333 0.020833333333333336 0.0345679012345679
