0 0.2326388888888889 0.24814814814814815 0.05416666666666667 0.07160493827160494
0 0.47708333333333336 0.046913580246913576 0.0625 0.07901234567901234
0 0.7236111111111111 0.24938271604938272 0.07777777777777778 0.1580246913580247
0 0.7486111111111111 0.608641975308642 0.10555555555555556 0.13580246913580246
0 0.9 0.5419753086419753 0.07222222222222223 0.08641975308641975
0 0.8493055555555555 0.5740740740740741 0.02638888888888889 0.05185185185185185
0 0.3819444444444445 0.3987654320987654 0.061111111111111116 0.056790123456790124
0 0.4215277777777778 0.08765432098765431 0.034722222222222224 0.06666666666666667
1 0.49583333333333335 0.3765432098765432 0.08055555555555556 0.12098765432098765
1 0.4701388888888889 0.5074074074074074 0.04027777777777778 0.08148148148148147
1 0.34097222222222223 0.9555555555555555 0.0375 0.09382716049382715
2 0.4513888888888889 0.7148148148148148 0.09444444444444444 0.21481481481481482
2 0.6256944444444444 0.7555555555555555 0.14027777777777778 0.08395061728395062
3 0.4479166666666667 0.6172839506172839 0.02361111111111111 0.044444444444444446
3 0.5847222222222223 0.8407407407407407 0.025 0.027160493827160494
3 0.3416666666666667 0.3617283950617284 0.019444444444444445 0.04197530864197531
