2 0.7798611111111111 0.5506172839506173 0.10694444444444445 0.12839506172839507
2 0.3104166666666667 0.6 0.11805555555555557 0.16296296296296295
2 0.13819444444444445 0.6506172839506172 0.10694444444444445 0.1111111111111111
1 0.7048611111111112 0.32222222222222224 0.09305555555555556 0.08148148148148147
1 0.7486111111111111 0.2345679012345679 0.05 0.08888888888888889
1 0.6791666666666667 0.26296296296296295 0.0638888888888889 0.05185185185185185
1 0.7166666666666667 0.4148148148148148 0.0638888888888889 0.08395061728395062
1 0.5638888888888889 0.3358024691358025 0.05277777777777778 0.09382716049382715
1 0.5645833333333333 0.19876543209876543 0.051388888888888894 0.08641975308641975
1 0.5034722222222222 0.23209876543209876 0.051388888888888894 0.08395061728395062
1 0.4277777777777778 0.11604938271604938 0.05277777777777778 0.07407407407407407
1 0.37083333333333335 0.20864197530864198 0.04722222222222222 0.08641975308641975
1 0.48958333333333337 0.554320987654321 0.05416666666666667 0.09135802469135802
1 0.35347222222222224 0.9555555555555555 0.0625 0.09382716049382715
1 0.33055555555555555 0.7691358024691358 0.08888888888888889 0.15061728395061727
1 0.26180555555555557 0.4271604938271605 0.06805555555555556 0.11851851851851852
1 0.3375 0.3592592592592593 0.05555555555555556 0.0962962962962963
1 0.24930555555555556 0.3296296296296296 0.0625 0.07654320987654321
