0 0.9798611111111112 0.17777777777777778 0.043055555555555555 0.07901234567901234
0 0.8048611111111111 0.5518518518518518 0.08472222222222223 0.145679012345679
0 0.7111111111111111 0.12962962962962962 0.0638888888888889 0.09135802469135802
0 0.46805555555555556 0.3074074074074074 0.05555555555555556 0.10123456790123457
0 0.09375 0.7185185185185186 0.09583333333333334 0.09876543209876543
1 0.1388888888888889 0.8493827160493826 0.10277777777777779 0.12839506172839507
1 0.34652777777777777 0.40987654320987654 0.04027777777777778 0.07901234567901234
1 0.6687500000000001 0.20123456790123456 0.06805555555555556 0.09135802469135802
1 0.2833333333333333 0.611111111111111 0.036111111111111115 0.056790123456790124
0 0.8104166666666667 0.15555555555555556 0.034722222222222224 0.07901234567901234
0 0.48541666666666666 0.1469135802469136 0.04027777777777778 0.06666666666666667
