0 0.8944444444444445 0.6987654320987654 0.061111111111111116 0.11358024691358025
2 0.13958333333333334 0.8024691358024691 0.07361111111111111 0.0691358024691358
1 0.19583333333333333 0.4444444444444444 0.06666666666666667 0.07901234567901234
1 0.6673611111111112 0.1728395061728395 0.059722222222222225 0.08395061728395062
1 0.6895833333333333 0.23209876543209876 0.0625 0.05432098765432099
0 0.37083333333333335 0.08024691358024691 0.044444444444444446 0.09135802469135802
0 0.5798611111111112 0.16790123456790124 0.051388888888888894 0.07901234567901234
0 0.820138888888889 0.1876543209876543 0.0375 0.05925925925925926
0 0.8972222222222223 0.23580246913580247 0.02777777777777778 0.05185185185185185
1 0.7229166666666667 0.5666666666666667 0.051388888888888894 0.09135802469135802
