1 0.8854166666666667 0.6271604938271604 0.09305555555555556 0.10864197530864197
0 0.1326388888888889 0.3592592592592593 0.07083333333333333 0.10617283950617283
0 0.5180555555555556 0.18271604938271604 0.04722222222222222 0.06419753086419754
0 0.034722222222222224 0.7283950617283951 0.0638888888888889 0.08888888888888889
0 0.13125 0.9580246913580247 0.08194444444444444 0.08888888888888889
0 0.8208333333333334 0.9407407407407408 0.14166666666666666 0.12345679012345678
0 0.7923611111111112 0.6135802469135803 0.07916666666666666 0.11604938271604938
0 0.9493055555555556 0.3 0.05416666666666667 0.08148148148148147
0 0.8819444444444445 0.28271604938271605 0.07222222222222223 0.07654320987654321
0 0.9118055555555555 0.3925925925925926 0.07916666666666666 0.08395061728395062
0 0.7763888888888889 0.3876543209876543 0.061111111111111116 0.08888888888888889
0 0.6625 0.43580246913580245 0.05277777777777778 0.06172839506172839
0 0.6611111111111111 0.5024691358024691 0.03888888888888889 0.06172839506172839
0 0.5770833333333334 0.48641975308641977 0.051388888888888894 0.06419753086419754
0 0.5631944444444444 0.6246913580246913 0.09305555555555556 0.11851851851851852
0 0.42847222222222225 0.7975308641975308 0.08472222222222223 0.11358024691358025
0 0.24861111111111112 0.7481481481481481 0.08055555555555556 0.08888888888888889
