0 0.04930555555555556 0.5234567901234568 0.07083333333333333 0.08395061728395062
0 0.14722222222222223 0.5111111111111111 0.08611111111111111 0.09382716049382715
0 0.2451388888888889 0.4641975308641975 0.06527777777777778 0.08888888888888889
0 0.17569444444444446 0.2654320987654321 0.05694444444444444 0.0962962962962963
0 0.1527777777777778 0.3925925925925926 0.07222222222222223 0.1037037037037037
0 0.35694444444444445 0.5654320987654321 0.07777777777777778 0.1580246913580247
0 0.4256944444444445 0.47901234567901235 0.0763888888888889 0.12345679012345678
0 0.5215277777777778 0.4802469135802469 0.06527777777777778 0.11604938271604938
0 0.4729166666666667 0.5876543209876544 0.09583333333333334 0.16296296296296295
0 0.5513888888888889 0.6691358024691358 0.09166666666666667 0.16790123456790124
0 0.4326388888888889 0.8358024691358025 0.10416666666666667 0.18518518518518517
0 0.21597222222222223 0.6308641975308642 0.11527777777777778 0.12098765432098765
0 0.10902777777777778 0.7037037037037037 0.09305555555555556 0.14320987654320988
0 0.15833333333333333 0.8938271604938272 0.1 0.18271604938271604
0 0.2826388888888889 0.9555555555555555 0.10138888888888889 0.09382716049382715
0 0.6576388888888889 0.8358024691358025 0.09027777777777778 0.1259259259259259
1 0.3236111111111111 0.24320987654320989 0.05555555555555556 0.1111111111111111
1 0.24166666666666667 0.32839506172839505 0.06944444444444445 0.1382716049382716
1 0.29791666666666666 0.7222222222222222 0.09583333333333334 0.15555555555555556
2 0.5479166666666667 0.8246913580246913 0.10972222222222222 0.14320987654320988
3 0.81875 0.30493827160493825 0.06805555555555556 0.10123456790123457
