0 0.16527777777777777 0.554320987654321 0.04166666666666667 0.06666666666666667
0 0.76875 0.2691358024691358 0.04583333333333334 0.08888888888888889
0 0.5083333333333333 0.24320987654320989 0.05 0.08641975308641975
0 0.9298611111111111 0.582716049382716 0.09305555555555556 0.10864197530864197
0 0.6194444444444445 0.8148148148148148 0.075 0.14320987654320988
0 0.5319444444444444 0.9666666666666667 0.10277777777777779 0.07160493827160494
1 0.45069444444444445 0.5123456790123456 0.04583333333333334 0.07654320987654321
0 0.14791666666666667 0.7407407407407407 0.051388888888888894 0.06419753086419754
0 0.051388888888888894 0.9197530864197531 0.08333333333333334 0.1308641975308642
0 0.24722222222222223 0.7345679012345678 0.05277777777777778 0.06666666666666667
0 0.42638888888888893 0.8123456790123457 0.05555555555555556 0.09876543209876543
