0 0.7069444444444445 0.3851851851851852 0.036111111111111115 0.04938271604938271
0 0.14444444444444446 0.35185185185185186 0.11666666666666667 0.17037037037037037
0 0.3263888888888889 0.9469135802469135 0.06666666666666667 0.1111111111111111
0 0.9187500000000001 0.5049382716049383 0.059722222222222225 0.08148148148148147
0 0.7604166666666667 0.9395061728395061 0.08194444444444444 0.11604938271604938
0 0.7777777777777778 0.7432098765432099 0.06666666666666667 0.1037037037037037
0 0.6006944444444444 0.3790123456790123 0.03194444444444445 0.07654320987654321
1 0.42708333333333337 0.1925925925925926 0.0625 0.09382716049382715
1 0.46805555555555556 0.1345679012345679 0.06666666666666667 0.0962962962962963
1 0.6708333333333334 0.39012345679012345 0.036111111111111115 0.05925925925925926
2 0.4666666666666667 0.9259259259259259 0.08611111111111111 0.15308641975308643
0 0.7916666666666667 0.3037037037037037 0.036111111111111115 0.06419753086419754
