2 0.3416666666666667 0.7666666666666666 0.08888888888888889 0.145679012345679
0 0.19930555555555557 0.6753086419753086 0.059722222222222225 0.14074074074074075
0 0.27847222222222223 0.6345679012345679 0.07361111111111111 0.09876543209876543
0 0.12013888888888889 0.3111111111111111 0.059722222222222225 0.08395061728395062
0 0.1826388888888889 0.046913580246913576 0.04027777777777778 0.07407407407407407
1 0.13333333333333333 0.5592592592592592 0.06944444444444445 0.07160493827160494
1 0.2986111111111111 0.7592592592592592 0.075 0.10617283950617283
1 0.25277777777777777 0.8703703703703703 0.07222222222222223 0.12098765432098765
1 0.33333333333333337 0.9271604938271605 0.11111111111111112 0.14074074074074075
2 0.5270833333333333 0.9444444444444444 0.1513888888888889 0.11604938271604938
