0 0.34375 0.2345679012345679 0.03194444444444445 0.05925925925925926
0 0.28125 0.3617283950617284 0.043055555555555555 0.07160493827160494
0 0.33125 0.4580246913580247 0.04027777777777778 0.06666666666666667
0 0.46458333333333335 0.7074074074074074 0.043055555555555555 0.0962962962962963
0 0.5229166666666667 0.6753086419753086 0.04027777777777778 0.07654320987654321
0 0.8986111111111111 0.5962962962962963 0.0638888888888889 0.10123456790123457
0 0.9534722222222223 0.8308641975308642 0.06527777777777778 0.1111111111111111
0 0.5888888888888889 0.1765432098765432 0.02777777777777778 0.046913580246913576
0 0.18888888888888888 0.8308641975308642 0.061111111111111116 0.10617283950617283
2 0.6006944444444444 0.6987654320987654 0.06527777777777778 0.05432098765432099
2 0.6826388888888889 0.7716049382716049 0.07361111111111111 0.07160493827160494
2 0.7201388888888889 0.5061728395061729 0.05416666666666667 0.0691358024691358
