3 0.9784722222222223 0.0345679012345679 0.043055555555555555 0.05432098765432099
0 0.6833333333333333 0.0728395061728395 0.08333333333333334 0.13580246913580246
2 0.6534722222222222 0.1962962962962963 0.12083333333333333 0.1308641975308642
1 0.33125 0.7197530864197531 0.14305555555555557 0.21975308641975308
1 0.4701388888888889 0.7382716049382716 0.09861111111111112 0.16296296296296295
1 0.5944444444444444 0.6222222222222222 0.10833333333333334 0.21728395061728395
1 0.5659722222222222 0.42345679012345677 0.10138888888888889 0.1654320987654321
1 0.3506944444444445 0.22098765432098766 0.13472222222222222 0.18518518518518517
0 0.9555555555555556 0.35185185185185186 0.09166666666666667 0.13580246913580246
0 0.8812500000000001 0.44814814814814813 0.09305555555555556 0.11604938271604938
0 0.6715277777777778 0.8012345679012346 0.10416666666666667 0.15061728395061727
0 0.5208333333333334 0.1728395061728395 0.09722222222222222 0.15308641975308643
0 0.4701388888888889 0.35061728395061725 0.08194444444444444 0.14320987654320988
0 0.30833333333333335 0.5098765432098765 0.10555555555555556 0.15061728395061727
0 0.03680555555555556 0.05432098765432099 0.06805555555555556 0.1037037037037037
