0 0.04097222222222222 0.9024691358024691 0.07361111111111111 0.19999999999999998
0 0.9611111111111111 0.5444444444444444 0.08055555555555556 0.15555555555555556
0 0.5055555555555555 0.15061728395061727 0.07222222222222223 0.11358024691358025
0 0.3979166666666667 0.11234567901234567 0.07916666666666666 0.13580246913580246
2 0.4916666666666667 0.682716049382716 0.15833333333333333 0.1308641975308642
1 0.6326388888888889 0.7395061728395061 0.12083333333333333 0.19999999999999998
1 0.24375000000000002 0.4925925925925926 0.08194444444444444 0.11604938271604938
1 0.19236111111111112 0.6617283950617284 0.11805555555555557 0.15308641975308643
0 0.35208333333333336 0.7308641975308642 0.09861111111111112 0.16296296296296295
0 0.7381944444444445 0.6358024691358024 0.08194444444444444 0.15061728395061727
0 0.65625 0.4567901234567901 0.08194444444444444 0.1382716049382716
0 0.48958333333333337 0.2691358024691358 0.06527777777777778 0.11851851851851852
0 0.3041666666666667 0.3037037037037037 0.07222222222222223 0.11358024691358025
2 0.4326388888888889 0.4345679012345679 0.0625 0.1728395061728395
