0 0.5270833333333333 0.7345679012345678 0.08472222222222223 0.15555555555555556
0 0.21319444444444446 0.05802469135802469 0.043055555555555555 0.07654320987654321
0 0.3770833333333333 0.3395061728395062 0.059722222222222225 0.12098765432098765
0 0.24097222222222223 0.7148148148148148 0.08194444444444444 0.145679012345679
0 0.32569444444444445 0.6333333333333333 0.06805555555555556 0.10617283950617283
0 0.36388888888888893 0.8901234567901234 0.08888888888888889 0.14074074074074075
0 0.2513888888888889 0.9641975308641975 0.09444444444444444 0.07654320987654321
0 0.6347222222222223 0.891358024691358 0.09444444444444444 0.18271604938271604
0 0.6763888888888889 0.6123456790123457 0.08055555555555556 0.13333333333333333
0 0.8277777777777778 0.4925925925925926 0.10277777777777779 0.15555555555555556
0 0.9659722222222222 0.5567901234567901 0.07083333333333333 0.19506172839506172
0 0.945138888888889 0.8234567901234567 0.1125 0.20493827160493827
0 0.6805555555555556 0.08641975308641975 0.09166666666666667 0.13333333333333333
0 0.8840277777777779 0.09259259259259259 0.12916666666666668 0.16049382716049382
1 0.6152777777777778 0.18888888888888888 0.09444444444444444 0.13580246913580246
1 0.701388888888889 0.2185185185185185 0.09166666666666667 0.1308641975308642
1 0.6868055555555556 0.32098765432098764 0.10138888888888889 0.12345679012345678
1 0.5597222222222222 0.4641975308641975 0.07222222222222223 0.14814814814814814
1 0.6298611111111111 0.5012345679012346 0.08194444444444444 0.1037037037037037
1 0.4375 0.9246913580246914 0.06666666666666667 0.145679012345679
1 0.2777777777777778 0.2617283950617284 0.05555555555555556 0.1382716049382716
1 0.5430555555555556 0.21975308641975308 0.05555555555555556 0.10864197530864197
1 0.9569444444444445 0.18024691358024691 0.08888888888888889 0.11358024691358025
1 0.2763888888888889 0.4012345679012346 0.05 0.08641975308641975
0 0.11319444444444444 0.4925925925925926 0.08472222222222223 0.14074074074074075
