1 0.3041666666666667 0.6975308641975309 0.058333333333333334 0.12098765432098765
1 0.4138888888888889 0.39382716049382716 0.08611111111111111 0.10123456790123457
1 0.5736111111111112 0.254320987654321 0.05 0.10864197530864197
1 0.7048611111111112 0.27901234567901234 0.0625 0.08888888888888889
1 0.7388888888888889 0.4111111111111111 0.058333333333333334 0.08148148148148147
1 0.8590277777777778 0.291358024691358 0.059722222222222225 0.07901234567901234
1 0.7979166666666667 0.9604938271604938 0.07083333333333333 0.08395061728395062
0 0.2972222222222222 0.4407407407407407 0.075 0.145679012345679
2 0.6305555555555555 0.7024691358024692 0.09722222222222222 0.11604938271604938
2 0.7152777777777778 0.5419753086419753 0.07777777777777778 0.18024691358024691
2 0.4701388888888889 0.9049382716049382 0.06527777777777778 0.17037037037037037
2 0.5520833333333334 0.8962962962962963 0.09583333333333334 0.17777777777777778
3 0.29583333333333334 0.754320987654321 0.030555555555555558 0.046913580246913576
3 0.6034722222222223 0.1925925925925926 0.029166666666666667 0.07407407407407407
