0 0.4 0.18148148148148147 0.058333333333333334 0.10123456790123457
0 0.6333333333333333 0.09382716049382715 0.06666666666666667 0.11358024691358025
0 0.42638888888888893 0.3802469135802469 0.03888888888888889 0.06419753086419754
0 0.48333333333333334 0.4419753086419753 0.05555555555555556 0.08395061728395062
0 0.5673611111111111 0.49506172839506174 0.06527777777777778 0.10617283950617283
0 0.5506944444444445 0.5839506172839506 0.04027777777777778 0.07654320987654321
0 0.6236111111111111 0.6074074074074074 0.06944444444444445 0.10864197530864197
0 0.6777777777777778 0.745679012345679 0.08055555555555556 0.15308641975308643
0 0.8743055555555556 0.754320987654321 0.09305555555555556 0.10123456790123457
0 0.9548611111111112 0.9481481481481482 0.09305555555555556 0.10864197530864197
0 0.9270833333333334 0.07530864197530864 0.11805555555555557 0.13580246913580246
1 0.6354166666666667 0.3802469135802469 0.051388888888888894 0.09876543209876543
1 0.7180555555555556 0.3358024691358025 0.09722222222222222 0.16790123456790124
