3 0.6381944444444445 0.18395061728395062 0.0625 0.1259259259259259
0 0.05 0.762962962962963 0.08611111111111111 0.15308641975308643
0 0.02638888888888889 0.05925925925925926 0.04722222222222222 0.11358024691358025
0 0.1638888888888889 0.0691358024691358 0.08888888888888889 0.11358024691358025
0 0.2972222222222222 0.09012345679012346 0.058333333333333334 0.10123456790123457
0 0.36388888888888893 0.15185185185185185 0.05 0.10123456790123457
0 0.39583333333333337 0.2876543209876543 0.06944444444444445 0.11604938271604938
0 0.42986111111111114 0.445679012345679 0.07361111111111111 0.15555555555555556
0 0.5097222222222222 0.4728395061728395 0.058333333333333334 0.08641975308641975
1 0.8368055555555556 0.9148148148148147 0.06527777777777778 0.1259259259259259
2 0.05763888888888889 0.48271604938271606 0.08472222222222223 0.21975308641975308
2 0.2868055555555556 0.47160493827160493 0.08472222222222223 0.16790123456790124
3 0.5131944444444445 0.3962962962962963 0.03194444444444445 0.06666666666666667
3 0.34652777777777777 0.050617283950617285 0.02638888888888889 0.06172839506172839
