3 0.04791666666666667 0.21604938271604937 0.029166666666666667 0.022222222222222223
3 0.07361111111111111 0.2222222222222222 0.02777777777777778 0.019753086419753086
2 0.9166666666666667 0.4691358024691358 0.05 0.24691358024691357
1 0.44930555555555557 0.1962962962962963 0.09027777777777778 0.13580246913580246
1 0.41805555555555557 0.044444444444444446 0.08055555555555556 0.08395061728395062
1 0.33958333333333335 0.1271604938271605 0.07361111111111111 0.15555555555555556
1 0.8756944444444444 0.7950617283950617 0.07916666666666666 0.1876543209876543
1 0.7083333333333334 0.6283950617283951 0.10833333333333334 0.19999999999999998
1 0.3215277777777778 0.737037037037037 0.12361111111111112 0.3333333333333333
1 0.24097222222222223 0.5518518518518518 0.0763888888888889 0.17530864197530863
1 0.15 0.6296296296296297 0.14166666666666666 0.24691358024691357
0 0.6722222222222223 0.9506172839506173 0.1277777777777778 0.1037037037037037
0 0.5805555555555556 0.6246913580246913 0.08611111111111111 0.14320987654320988
0 0.4486111111111111 0.5864197530864197 0.08055555555555556 0.14074074074074075
0 0.3770833333333333 0.43950617283950616 0.11805555555555557 0.1925925925925926
0 0.21875 0.2604938271604938 0.10138888888888889 0.24938271604938272
0 0.08333333333333334 0.11851851851851852 0.12222222222222223 0.16296296296296295
0 0.05555555555555556 0.4469135802469136 0.10833333333333334 0.30617283950617286
2 0.8840277777777779 0.2716049382716049 0.051388888888888894 0.1876543209876543
2 0.5659722222222222 0.7172839506172839 0.10416666666666667 0.13580246913580246
