2 0.6222222222222222 0.7679012345679013 0.03888888888888889 0.04938271604938271
2 0.9104166666666667 0.8444444444444444 0.06805555555555556 0.09382716049382715
2 0.043750000000000004 0.8469135802469135 0.0763888888888889 0.08395061728395062
0 0.052083333333333336 0.6419753086419753 0.0375 0.06419753086419754
0 0.29791666666666666 0.9728395061728395 0.051388888888888894 0.05925925925925926
0 0.4777777777777778 0.7506172839506172 0.05 0.08888888888888889
0 0.8243055555555556 0.8629629629629629 0.04583333333333334 0.09135802469135802
0 0.6486111111111111 0.562962962962963 0.05 0.08888888888888889
0 0.6569444444444444 0.38271604938271603 0.05 0.07901234567901234
0 0.40902777777777777 0.31234567901234567 0.029166666666666667 0.046913580246913576
0 0.5715277777777777 0.15185185185185185 0.029166666666666667 0.046913580246913576
0 0.5159722222222223 0.10617283950617283 0.0375 0.06419753086419754
