0 0.3888888888888889 0.3037037037037037 0.0638888888888889 0.11358024691358025
2 0.7416666666666667 0.7617283950617284 0.14722222222222223 0.17037037037037037
2 0.6055555555555556 0.6259259259259259 0.061111111111111116 0.21975308641975308
1 0.81875 0.046913580246913576 0.1125 0.08888888888888889
1 0.545138888888889 0.3271604938271605 0.12638888888888888 0.20493827160493827
0 0.8555555555555556 0.671604938271605 0.1 0.16296296296296295
0 0.6611111111111111 0.41728395061728396 0.09444444444444444 0.1580246913580247
0 0.9423611111111111 0.3382716049382716 0.11805555555555557 0.21728395061728395
0 0.7631944444444445 0.09753086419753086 0.051388888888888894 0.1111111111111111
0 0.7118055555555556 0.23950617283950618 0.07361111111111111 0.12839506172839507
0 0.6354166666666667 0.09506172839506173 0.09305555555555556 0.16049382716049382
0 0.4 0.9320987654320988 0.08611111111111111 0.13580246913580246
0 0.4152777777777778 0.7765432098765432 0.10833333333333334 0.17530864197530863
