2 0.7375 0.3345679012345679 0.08333333333333334 0.145679012345679
1 0.20416666666666666 0.5444444444444444 0.05277777777777778 0.05185185185185185
1 0.6208333333333333 0.44320987654320987 0.044444444444444446 0.07654320987654321
1 0.5159722222222223 0.24691358024691357 0.05416666666666667 0.08395061728395062
1 0.5444444444444445 0.9246913580246914 0.044444444444444446 0.056790123456790124
1 0.5527777777777778 0.8333333333333334 0.04722222222222222 0.09135802469135802
1 0.4256944444444445 0.9061728395061728 0.05694444444444444 0.07407407407407407
0 0.8243055555555556 0.7197530864197531 0.04027777777777778 0.07654320987654321
0 0.8979166666666667 0.7703703703703704 0.04583333333333334 0.06419753086419754
0 0.6659722222222223 0.7567901234567901 0.051388888888888894 0.08641975308641975
0 0.7875 0.8901234567901234 0.05 0.0962962962962963
0 0.4326388888888889 0.5987654320987654 0.04861111111111111 0.06666666666666667
0 0.7152777777777778 0.4876543209876543 0.044444444444444446 0.07654320987654321
0 0.6826388888888889 0.08395061728395062 0.03194444444444445 0.05925925925925926
0 0.5951388888888889 0.2765432098765432 0.04583333333333334 0.08888888888888889
0 0.34444444444444444 0.2506172839506173 0.05 0.07160493827160494
