0 0.7631944444444445 0.9654320987654321 0.07361111111111111 0.07407407407407407
0 0.7798611111111111 0.8876543209876543 0.05694444444444444 0.09135802469135802
0 0.34652777777777777 0.4271604938271605 0.06805555555555556 0.13333333333333333
0 0.5444444444444445 0.10864197530864197 0.04166666666666667 0.06419753086419754
0 0.51875 0.19135802469135801 0.034722222222222224 0.07160493827160494
0 0.89375 0.7049382716049383 0.05416666666666667 0.06666666666666667
0 0.6402777777777778 0.5703703703703703 0.02777777777777778 0.0691358024691358
0 0.42291666666666666 0.891358024691358 0.04583333333333334 0.09382716049382715
0 0.81875 0.562962962962963 0.034722222222222224 0.05432098765432099
0 0.7333333333333334 0.5987654320987654 0.030555555555555558 0.04197530864197531
1 0.51875 0.38271604938271603 0.04583333333333334 0.08395061728395062
1 0.5520833333333334 0.3419753086419753 0.04861111111111111 0.07654320987654321
