0 0.22569444444444445 0.4876543209876543 0.0763888888888889 0.12098765432098765
0 0.37430555555555556 0.6246913580246913 0.08472222222222223 0.14814814814814814
0 0.4986111111111111 0.8234567901234567 0.08055555555555556 0.1654320987654321
0 0.17083333333333334 0.7259259259259259 0.06944444444444445 0.11851851851851852
0 0.04722222222222222 0.8123456790123457 0.08888888888888889 0.1728395061728395
0 0.08263888888888889 0.9567901234567902 0.10138888888888889 0.09135802469135802
0 0.2451388888888889 0.8679012345679012 0.09027777777777778 0.17037037037037037
0 0.20972222222222223 0.22098765432098766 0.07222222222222223 0.1308641975308642
0 0.3027777777777778 0.15308641975308643 0.0638888888888889 0.1037037037037037
0 0.20902777777777778 0.08395061728395062 0.06805555555555556 0.1037037037037037
0 0.3041666666666667 0.037037037037037035 0.05277777777777778 0.06419753086419754
0 0.4465277777777778 0.05555555555555555 0.051388888888888894 0.10123456790123457
1 0.16875 0.3345679012345679 0.06805555555555556 0.11604938271604938
1 0.28194444444444444 0.3308641975308642 0.058333333333333334 0.07901234567901234
1 0.4715277777777778 0.38271604938271603 0.04583333333333334 0.08395061728395062
1 0.3993055555555556 0.0691358024691358 0.043055555555555555 0.0691358024691358
1 0.28541666666666665 0.6185185185185185 0.06805555555555556 0.12098765432098765
2 0.65625 0.674074074074074 0.15416666666666667 0.1925925925925926
3 0.46875 0.6864197530864198 0.029166666666666667 0.05925925925925926
