2 0.7604166666666667 0.36666666666666664 0.12083333333333333 0.08641975308641975
0 0.12569444444444444 0.3493827160493827 0.07083333333333333 0.11604938271604938
0 0.19791666666666669 0.43209876543209874 0.07083333333333333 0.1037037037037037
0 0.25972222222222224 0.4111111111111111 0.05555555555555556 0.1111111111111111
0 0.18194444444444446 0.31851851851851853 0.058333333333333334 0.08888888888888889
0 0.33819444444444446 0.5777777777777777 0.09305555555555556 0.11851851851851852
0 0.6875 0.8888888888888888 0.1 0.16296296296296295
0 0.3791666666666667 0.9530864197530864 0.09166666666666667 0.09876543209876543
1 0.45625000000000004 0.6271604938271604 0.10694444444444445 0.16790123456790124
1 0.5895833333333333 0.6185185185185185 0.1125 0.19999999999999998
1 0.7118055555555556 0.7123456790123457 0.10694444444444445 0.16049382716049382
2 0.24166666666666667 0.9049382716049382 0.14166666666666666 0.19506172839506172
1 0.8465277777777778 0.9123456790123456 0.13194444444444445 0.18024691358024691
