0 0.17083333333333334 0.36049382716049383 0.11111111111111112 0.16790123456790124
0 0.2826388888888889 0.7888888888888889 0.1513888888888889 0.2345679012345679
0 0.19305555555555556 0.037037037037037035 0.08055555555555556 0.0691358024691358
0 0.3576388888888889 0.13209876543209875 0.0763888888888889 0.11604938271604938
0 0.5 0.09753086419753086 0.08333333333333334 0.1259259259259259
0 0.6493055555555556 0.07037037037037037 0.07361111111111111 0.1308641975308642
0 0.732638888888889 0.16049382716049382 0.06805555555555556 0.12345679012345678
0 0.763888888888889 0.35432098765432096 0.11111111111111112 0.20987654320987653
0 0.8104166666666667 0.5876543209876544 0.10694444444444445 0.18271604938271604
0 0.9409722222222222 0.6469135802469136 0.10416666666666667 0.15308641975308643
1 0.3 0.2962962962962963 0.11944444444444445 0.19753086419753085
1 0.41597222222222224 0.8148148148148148 0.09861111111111112 0.17777777777777778
2 0.39513888888888893 0.611111111111111 0.0763888888888889 0.19012345679012346
1 0.8243055555555556 0.7753086419753086 0.07361111111111111 0.15308641975308643
