3 0.05416666666666667 0.5061728395061729 0.08333333333333334 0.14320987654320988
3 0.5256944444444445 0.7567901234567901 0.0375 0.07160493827160494
3 0.4375 0.691358024691358 0.05277777777777778 0.09876543209876543
3 0.6993055555555556 0.35802469135802467 0.05694444444444444 0.07407407407407407
3 0.23611111111111113 0.6333333333333333 0.036111111111111115 0.04197530864197531
3 0.3590277777777778 0.5703703703703703 0.05694444444444444 0.08888888888888889
3 0.41944444444444445 0.38271604938271603 0.04166666666666667 0.05925925925925926
3 0.5159722222222223 0.6160493827160494 0.09583333333333334 0.16049382716049382
1 0.6722222222222223 0.6185185185185185 0.1277777777777778 0.18518518518518517
1 0.35625 0.8333333333333334 0.05694444444444444 0.11604938271604938
2 0.25625000000000003 0.6901234567901234 0.14027777777777778 0.17530864197530863
2 0.18472222222222223 0.5518518518518518 0.16111111111111112 0.0962962962962963
0 0.05694444444444444 0.9580246913580247 0.10277777777777779 0.08888888888888889
0 0.275 0.3148148148148148 0.08611111111111111 0.15061728395061727
0 0.11041666666666668 0.04814814814814815 0.07916666666666666 0.08641975308641975
0 0.075 0.1925925925925926 0.05555555555555556 0.09382716049382715
