0 0.4777777777777778 0.6308641975308642 0.08611111111111111 0.145679012345679
0 0.6736111111111112 0.18271604938271604 0.07222222222222223 0.11358024691358025
0 0.7708333333333334 0.1382716049382716 0.08055555555555556 0.14814814814814814
1 0.18055555555555555 0.4802469135802469 0.1388888888888889 0.21975308641975308
1 0.2965277777777778 0.16790123456790124 0.12638888888888888 0.23209876543209876
1 0.6041666666666667 0.26296296296296295 0.10277777777777779 0.17530864197530863
2 0.7194444444444444 0.41234567901234565 0.12222222222222223 0.1580246913580247
2 0.7194444444444444 0.6728395061728395 0.1527777777777778 0.1308641975308642
1 0.8798611111111111 0.19999999999999998 0.09583333333333334 0.12839506172839507
2 0.5847222222222223 0.06172839506172839 0.12222222222222223 0.11851851851851852
1 0.4277777777777778 0.8839506172839506 0.09166666666666667 0.16296296296296295
1 0.5263888888888889 0.8296296296296296 0.10277777777777779 0.17777777777777778
