3 0.6208333333333333 0.17407407407407408 0.07777777777777778 0.1111111111111111
2 0.2326388888888889 0.2716049382716049 0.08472222222222223 0.13333333333333333
0 0.01875 0.3962962962962963 0.029166666666666667 0.145679012345679
0 0.10208333333333333 0.34814814814814815 0.07083333333333333 0.12345679012345678
0 0.32222222222222224 0.6234567901234568 0.10555555555555556 0.1654320987654321
0 0.16597222222222222 0.17777777777777778 0.08472222222222223 0.12345679012345678
0 0.20902777777777778 0.05432098765432099 0.07916666666666666 0.09876543209876543
0 0.325 0.06666666666666667 0.08611111111111111 0.12839506172839507
0 0.04027777777777778 0.17160493827160495 0.05277777777777778 0.10123456790123457
1 0.11180555555555556 0.07160493827160494 0.09583333333333334 0.13333333333333333
2 0.27083333333333337 0.8641975308641975 0.10833333333333334 0.20246913580246914
2 0.6763888888888889 0.745679012345679 0.07222222222222223 0.3160493827160494
3 0.5618055555555556 0.7790123456790123 0.09027777777777778 0.15555555555555556
2 0.8506944444444445 0.43209876543209874 0.06805555555555556 0.23209876543209876
