0 0.48125 0.1345679012345679 0.029166666666666667 0.04197530864197531
1 0.8041666666666667 0.9333333333333333 0.03888888888888889 0.07407407407407407
2 0.6756944444444445 0.4407407407407407 0.09305555555555556 0.17530864197530863
1 0.4715277777777778 0.9728395061728395 0.051388888888888894 0.05925925925925926
1 0.22222222222222224 0.9444444444444444 0.04722222222222222 0.08148148148148147
1 0.17083333333333334 0.8975308641975308 0.058333333333333334 0.08148148148148147
1 0.36180555555555555 0.8222222222222222 0.043055555555555555 0.06419753086419754
1 0.5548611111111111 0.5740740740740741 0.051388888888888894 0.09135802469135802
1 0.4326388888888889 0.33209876543209876 0.0625 0.10617283950617283
1 0.06041666666666667 0.662962962962963 0.06805555555555556 0.10123456790123457
0 0.5951388888888889 0.9123456790123456 0.059722222222222225 0.1111111111111111
0 0.3388888888888889 0.737037037037037 0.05277777777777778 0.07160493827160494
0 0.8479166666666667 0.9234567901234567 0.051388888888888894 0.08888888888888889
0 0.6131944444444445 0.1691358024691358 0.029166666666666667 0.05185185185185185
0 0.6506944444444445 0.6222222222222222 0.04861111111111111 0.09876543209876543
0 0.5236111111111111 0.3728395061728395 0.05555555555555556 0.09382716049382715
0 0.23680555555555557 0.3234567901234568 0.05416666666666667 0.07901234567901234
