0 0.4416666666666667 0.5074074074074074 0.061111111111111116 0.10617283950617283
0 0.4729166666666667 0.7444444444444445 0.09027777777777778 0.145679012345679
0 0.5777777777777778 0.908641975308642 0.07222222222222223 0.11358024691358025
1 0.17708333333333334 0.6271604938271604 0.06805555555555556 0.08888888888888889
1 0.13680555555555557 0.9074074074074074 0.06805555555555556 0.09135802469135802
1 0.48750000000000004 0.41728395061728396 0.058333333333333334 0.08888888888888889
1 0.5618055555555556 0.3962962962962963 0.05694444444444444 0.09135802469135802
1 0.6895833333333333 0.4666666666666667 0.0625 0.08395061728395062
1 0.5027777777777778 0.874074074074074 0.05555555555555556 0.11358024691358025
1 0.3548611111111111 0.8950617283950617 0.051388888888888894 0.08148148148148147
3 0.9368055555555556 0.8432098765432099 0.08750000000000001 0.12098765432098765
2 0.625 0.4308641975308642 0.08333333333333334 0.06666666666666667
2 0.3944444444444445 0.44320987654320987 0.05555555555555556 0.06666666666666667
