1 0.09027777777777778 0.837037037037037 0.05555555555555556 0.09382716049382715
1 0.6520833333333333 0.7814814814814814 0.0625 0.10617283950617283
1 0.8458333333333333 0.6012345679012345 0.05277777777777778 0.08148148148148147
1 0.826388888888889 0.43950617283950616 0.03888888888888889 0.044444444444444446
1 0.6958333333333334 0.49506172839506174 0.03888888888888889 0.056790123456790124
1 0.5381944444444444 0.6320987654320988 0.03194444444444445 0.05432098765432099
1 0.3784722222222222 0.6358024691358024 0.03194444444444445 0.046913580246913576
0 0.763888888888889 0.34814814814814815 0.03333333333333333 0.05432098765432099
0 0.6409722222222223 0.6382716049382716 0.02638888888888889 0.04197530864197531
0 0.42847222222222225 0.828395061728395 0.020833333333333336 0.056790123456790124
0 0.39305555555555555 0.9320987654320988 0.04166666666666667 0.07654320987654321
0 0.035416666666666666 0.662962962962963 0.04027777777777778 0.06666666666666667
