1 0.16111111111111112 0.19999999999999998 0.07777777777777778 0.12345679012345678
1 0.15347222222222223 0.7851851851851852 0.14305555555555557 0.26666666666666666
0 0.35625 0.037037037037037035 0.051388888888888894 0.0691358024691358
0 0.23680555555555557 0.6876543209876543 0.06805555555555556 0.10123456790123457
0 0.24305555555555555 0.5098765432098765 0.08333333333333334 0.10617283950617283
0 0.28402777777777777 0.4024691358024691 0.07083333333333333 0.11358024691358025
0 0.5041666666666667 0.4765432098765432 0.06944444444444445 0.09382716049382715
0 0.3451388888888889 0.5259259259259259 0.06805555555555556 0.11358024691358025
0 0.43819444444444444 0.31851851851851853 0.06805555555555556 0.12839506172839507
0 0.5270833333333333 0.13209876543209875 0.059722222222222225 0.11604938271604938
0 0.3611111111111111 0.32469135802469135 0.044444444444444446 0.0962962962962963
0 0.2951388888888889 0.25308641975308643 0.07916666666666666 0.13580246913580246
0 0.2138888888888889 0.31851851851851853 0.061111111111111116 0.1037037037037037
