1 0.5979166666666667 0.9296296296296296 0.07916666666666666 0.1111111111111111
2 0.5465277777777778 0.9222222222222222 0.07361111111111111 0.14074074074074075
2 0.4256944444444445 0.8506172839506173 0.08194444444444444 0.1111111111111111
0 0.3590277777777778 0.35185185185185186 0.043055555555555555 0.06666666666666667
0 0.37986111111111115 0.6123456790123457 0.04861111111111111 0.13333333333333333
0 0.5340277777777778 0.5925925925925926 0.04027777777777778 0.0691358024691358
0 0.39583333333333337 0.2716049382716049 0.022222222222222223 0.044444444444444446
0 0.5048611111111111 0.4419753086419753 0.02361111111111111 0.05925925925925926
0 0.51875 0.4012345679012346 0.02361111111111111 0.05185185185185185
2 0.13402777777777777 0.9160493827160494 0.07916666666666666 0.1728395061728395
2 0.3104166666666667 0.8234567901234567 0.051388888888888894 0.145679012345679
