1 0.48888888888888893 0.39753086419753086 0.03888888888888889 0.06419753086419754
1 0.09722222222222222 0.5345679012345679 0.09166666666666667 0.12098765432098765
1 0.1451388888888889 0.8839506172839506 0.10972222222222222 0.14814814814814814
1 0.3826388888888889 0.9123456790123456 0.10416666666666667 0.1654320987654321
2 0.45 0.519753086419753 0.04166666666666667 0.17037037037037037
2 0.5854166666666667 0.7419753086419753 0.09027777777777778 0.1308641975308642
2 0.7708333333333334 0.30864197530864196 0.10555555555555556 0.08395061728395062
0 0.5513888888888889 0.6037037037037037 0.07222222222222223 0.1111111111111111
0 0.5458333333333334 0.5049382716049383 0.04722222222222222 0.06666666666666667
0 0.5868055555555556 0.437037037037037 0.04861111111111111 0.08395061728395062
0 0.64375 0.2839506172839506 0.05694444444444444 0.09382716049382715
0 0.6472222222222223 0.454320987654321 0.061111111111111116 0.09382716049382715
0 0.6618055555555555 0.5728395061728395 0.0763888888888889 0.10864197530864197
0 0.6375000000000001 0.7037037037037037 0.07222222222222223 0.13333333333333333
0 0.6486111111111111 0.937037037037037 0.08333333333333334 0.1308641975308642
0 0.4902777777777778 0.47160493827160493 0.05555555555555556 0.09876543209876543
0 0.4256944444444445 0.7246913580246913 0.0625 0.1111111111111111
0 0.33055555555555555 0.7703703703703704 0.075 0.1382716049382716
0 0.16111111111111112 0.682716049382716 0.09166666666666667 0.145679012345679
0 0.38472222222222224 0.4666666666666667 0.0638888888888889 0.10864197530864197
0 0.37569444444444444 0.29506172839506173 0.04861111111111111 0.05185185185185185
0 0.36180555555555555 0.35432098765432096 0.05694444444444444 0.07654320987654321
0 0.15625 0.4148148148148148 0.06805555555555556 0.12839506172839507
