3 0.5625 0.7987654320987654 0.09166666666666667 0.14074074074074075
0 0.5409722222222222 0.145679012345679 0.05694444444444444 0.09382716049382715
0 0.7423611111111111 0.1580246913580247 0.06805555555555556 0.09876543209876543
0 0.851388888888889 0.18518518518518517 0.0638888888888889 0.11851851851851852
0 0.826388888888889 0.3074074074074074 0.08333333333333334 0.13580246913580246
0 0.9381944444444444 0.35802469135802467 0.08472222222222223 0.13333333333333333
0 0.9833333333333334 0.5074074074074074 0.036111111111111115 0.1308641975308642
0 0.7513888888888889 0.6530864197530865 0.06944444444444445 0.10617283950617283
0 0.6 0.4728395061728395 0.08333333333333334 0.145679012345679
0 0.48125 0.49135802469135803 0.09861111111111112 0.1382716049382716
0 0.3611111111111111 0.4444444444444444 0.06944444444444445 0.1037037037037037
0 0.27083333333333337 0.4049382716049383 0.07777777777777778 0.12345679012345678
0 0.03819444444444445 0.4641975308641975 0.07361111111111111 0.15308641975308643
1 0.12638888888888888 0.22839506172839505 0.08055555555555556 0.12098765432098765
1 0.38333333333333336 0.06172839506172839 0.05555555555555556 0.09382716049382715
1 0.5118055555555556 0.046913580246913576 0.04861111111111111 0.07901234567901234
