1 0.04652777777777778 0.11851851851851852 0.04861111111111111 0.0691358024691358
0 0.70625 0.6802469135802469 0.04027777777777778 0.07654320987654321
0 0.45972222222222225 0.9296296296296296 0.036111111111111115 0.11604938271604938
1 0.6743055555555556 0.8506172839506173 0.059722222222222225 0.0962962962962963
1 0.6256944444444444 0.18518518518518517 0.07083333333333333 0.08395061728395062
0 0.7180555555555556 0.23580246913580247 0.044444444444444446 0.08148148148148147
0 0.5895833333333333 0.754320987654321 0.051388888888888894 0.0962962962962963
0 0.4326388888888889 0.745679012345679 0.05694444444444444 0.08395061728395062
0 0.2548611111111111 0.6728395061728395 0.059722222222222225 0.10123456790123457
0 0.39513888888888893 0.18641975308641975 0.04583333333333334 0.07654320987654321
