2 0.8763888888888889 0.1728395061728395 0.13333333333333333 0.14320987654320988
1 0.7000000000000001 0.5098765432098765 0.10555555555555556 0.17037037037037037
1 0.7375 0.22098765432098766 0.1 0.18024691358024691
1 0.7180555555555556 0.05555555555555555 0.09444444444444444 0.10617283950617283
1 0.625 0.2506172839506173 0.08333333333333334 0.17037037037037037
1 0.5229166666666667 0.18888888888888888 0.10416666666666667 0.18518518518518517
0 0.2743055555555556 0.9604938271604938 0.11805555555555557 0.08395061728395062
0 0.07430555555555556 0.9160493827160494 0.14583333333333334 0.1728395061728395
0 0.3180555555555556 0.7703703703703704 0.1277777777777778 0.1925925925925926
0 0.4756944444444445 0.7024691358024692 0.09305555555555556 0.16049382716049382
0 0.8152777777777778 0.7703703703703704 0.08611111111111111 0.15308641975308643
0 0.725 0.8345679012345679 0.07777777777777778 0.14320987654320988
0 0.7465277777777778 0.6358024691358024 0.0763888888888889 0.1308641975308642
0 0.5694444444444444 0.5518518518518518 0.09166666666666667 0.19506172839506172
0 0.4777777777777778 0.4641975308641975 0.08333333333333334 0.1580246913580247
0 0.37986111111111115 0.5592592592592592 0.10416666666666667 0.17530864197530863
0 0.23194444444444445 0.5814814814814815 0.10555555555555556 0.17530864197530863
0 0.7909722222222223 0.37407407407407406 0.10138888888888889 0.11604938271604938
0 0.5166666666666667 0.037037037037037035 0.05555555555555556 0.0691358024691358
0 0.25416666666666665 0.14074074074074075 0.09444444444444444 0.10864197530864197
0 0.034722222222222224 0.25679012345679014 0.0638888888888889 0.1580246913580247
