0 0.8979166666666667 0.7061728395061728 0.04583333333333334 0.09382716049382715
0 0.07222222222222223 0.1345679012345679 0.03888888888888889 0.06172839506172839
0 0.5333333333333333 0.16419753086419753 0.02777777777777778 0.046913580246913576
0 0.6652777777777779 0.09753086419753086 0.030555555555555558 0.046913580246913576
0 0.6298611111111111 0.19382716049382714 0.0625 0.10617283950617283
0 0.8409722222222222 0.11604938271604938 0.043055555555555555 0.0691358024691358
0 0.9284722222222223 0.2691358024691358 0.059722222222222225 0.07901234567901234
0 0.8368055555555556 0.36666666666666664 0.04861111111111111 0.08641975308641975
0 0.7597222222222223 0.2728395061728395 0.03888888888888889 0.056790123456790124
0 0.6618055555555555 0.2641975308641975 0.0375 0.06419753086419754
0 0.5472222222222223 0.49135802469135803 0.030555555555555558 0.05432098765432099
0 0.55 0.6814814814814815 0.03333333333333333 0.06419753086419754
0 0.40625 0.7814814814814814 0.02638888888888889 0.08148148148148147
0 0.36319444444444443 0.8074074074074074 0.03194444444444445 0.05432098765432099
0 0.30347222222222225 0.8419753086419753 0.034722222222222224 0.05925925925925926
