3 0.8909722222222223 0.37407407407407406 0.043055555555555555 0.046913580246913576
3 0.3416666666666667 0.5814814814814815 0.03888888888888889 0.037037037037037035
3 0.3180555555555556 0.6148148148148148 0.022222222222222223 0.03950617283950617
3 0.50625 0.582716049382716 0.02638888888888889 0.02962962962962963
3 0.3763888888888889 0.30864197530864196 0.05555555555555556 0.05432098765432099
3 0.4013888888888889 0.27901234567901234 0.03888888888888889 0.044444444444444446
0 0.7923611111111112 0.7654320987654321 0.10694444444444445 0.16296296296296295
0 0.75625 0.611111111111111 0.10138888888888889 0.18518518518518517
0 0.7298611111111112 0.4382716049382716 0.1125 0.15555555555555556
0 0.6631944444444444 0.5271604938271605 0.09027777777777778 0.13580246913580246
0 0.8597222222222223 0.5123456790123456 0.12222222222222223 0.1654320987654321
0 0.8138888888888889 0.34074074074074073 0.06944444444444445 0.10864197530864197
0 0.8069444444444445 0.21234567901234566 0.06944444444444445 0.1382716049382716
0 0.7375 0.13333333333333333 0.058333333333333334 0.11358024691358025
0 0.63125 0.2222222222222222 0.07083333333333333 0.1037037037037037
0 0.4666666666666667 0.18641975308641975 0.058333333333333334 0.10123456790123457
0 0.29791666666666666 0.9135802469135802 0.08750000000000001 0.17777777777777778
0 0.5798611111111112 0.8135802469135802 0.07083333333333333 0.145679012345679
0 0.42708333333333337 0.9407407407407408 0.09583333333333334 0.12345679012345678
0 0.4902777777777778 0.7506172839506172 0.07777777777777778 0.16790123456790124
0 0.41250000000000003 0.774074074074074 0.06666666666666667 0.13580246913580246
0 0.35833333333333334 0.5098765432098765 0.058333333333333334 0.09135802469135802
0 0.2902777777777778 0.5234567901234568 0.07222222222222223 0.1037037037037037
0 0.5013888888888889 0.37037037037037035 0.07777777777777778 0.11358024691358025
0 0.3791666666666667 0.3851851851851852 0.0638888888888889 0.08395061728395062
0 0.42638888888888893 0.49506172839506174 0.075 0.07160493827160494
0 0.4104166666666667 0.5790123456790124 0.0763888888888889 0.0962962962962963
0 0.2604166666666667 0.6444444444444445 0.07361111111111111 0.1037037037037037
