0 0.2423611111111111 0.4691358024691358 0.051388888888888894 0.07901234567901234
0 0.15416666666666667 0.8851851851851852 0.11111111111111112 0.16049382716049382
0 0.24583333333333335 0.6123456790123457 0.07777777777777778 0.1037037037037037
0 0.34652777777777777 0.6432098765432098 0.06805555555555556 0.08148148148148147
0 0.9715277777777778 0.7 0.059722222222222225 0.1308641975308642
0 0.8319444444444445 0.5567901234567901 0.05 0.0962962962962963
0 0.6222222222222222 0.45185185185185184 0.06944444444444445 0.08888888888888889
0 0.7395833333333334 0.5987654320987654 0.07916666666666666 0.11604938271604938
0 0.5986111111111111 0.6666666666666666 0.08055555555555556 0.09876543209876543
0 0.3875 0.2234567901234568 0.0638888888888889 0.10617283950617283
