0 0.17916666666666667 0.1567901234567901 0.09166666666666667 0.15061728395061727
0 0.2951388888888889 0.2580246913580247 0.09305555555555556 0.15555555555555556
0 0.34652777777777777 0.4740740740740741 0.1125 0.1728395061728395
0 0.4131944444444445 0.7358024691358025 0.10694444444444445 0.19753086419753085
0 0.5319444444444444 0.7617283950617284 0.075 0.1308641975308642
2 0.22847222222222224 0.782716049382716 0.11527777777777778 0.1037037037037037
1 0.4173611111111111 0.31234567901234567 0.09305555555555556 0.13580246913580246
1 0.7416666666666667 0.6234567901234568 0.11388888888888889 0.1308641975308642
1 0.8298611111111112 0.2271604938271605 0.09305555555555556 0.14320987654320988
1 0.9569444444444445 0.5888888888888889 0.08055555555555556 0.12098765432098765
1 0.6215277777777778 0.7283950617283951 0.08750000000000001 0.11851851851851852
2 0.7298611111111112 0.7864197530864198 0.15416666666666667 0.17530864197530863
2 0.4840277777777778 0.5074074074074074 0.09305555555555556 0.27901234567901234
3 0.7444444444444445 0.26296296296296295 0.11111111111111112 0.20987654320987653
