2 0.4354166666666667 0.02962962962962963 0.10138888888888889 0.05432098765432099
2 0.6048611111111112 0.34814814814814815 0.12083333333333333 0.16790123456790124
2 0.6819444444444445 0.5259259259259259 0.16111111111111112 0.13333333333333333
1 0.5576388888888889 0.8074074074074074 0.0625 0.14814814814814814
1 0.7854166666666667 0.8987654320987654 0.16527777777777777 0.2074074074074074
1 0.6298611111111111 0.6839506172839506 0.10694444444444445 0.1728395061728395
1 0.5833333333333334 0.13333333333333333 0.09166666666666667 0.15308641975308643
1 0.4729166666666667 0.32222222222222224 0.11805555555555557 0.17530864197530863
1 0.35833333333333334 0.4580246913580247 0.14166666666666666 0.25925925925925924
1 0.17847222222222223 0.5753086419753086 0.13472222222222222 0.2271604938271605
0 0.3368055555555556 0.2617283950617284 0.07083333333333333 0.1037037037037037
0 0.4965277777777778 0.16790123456790124 0.08472222222222223 0.1580246913580247
0 0.35833333333333334 0.11481481481481481 0.09444444444444444 0.15061728395061727
0 0.23472222222222222 0.07654320987654321 0.11111111111111112 0.14814814814814814
0 0.09236111111111112 0.15432098765432098 0.11805555555555557 0.1654320987654321
