2 0.8215277777777779 0.12098765432098765 0.08194444444444444 0.16296296296296295
0 0.7548611111111111 0.1259259259259259 0.09583333333333334 0.14814814814814814
0 0.2111111111111111 0.8234567901234567 0.1 0.10617283950617283
0 0.31736111111111115 0.6962962962962963 0.07083333333333333 0.1382716049382716
0 0.38333333333333336 0.5172839506172839 0.09166666666666667 0.1654320987654321
0 0.37222222222222223 0.12962962962962962 0.17777777777777778 0.23950617283950618
0 0.0625 0.8222222222222222 0.11111111111111112 0.1382716049382716
0 0.8125 0.2938271604938272 0.09166666666666667 0.16790123456790124
1 0.5375 0.7604938271604939 0.075 0.14320987654320988
2 0.47222222222222227 0.519753086419753 0.07222222222222223 0.19012345679012346
