0 0.4027777777777778 0.8061728395061728 0.061111111111111116 0.15061728395061727
0 0.21597222222222223 0.3691358024691358 0.06527777777777778 0.09135802469135802
0 0.7104166666666667 0.07777777777777778 0.07361111111111111 0.12098765432098765
1 0.3784722222222222 0.2419753086419753 0.06527777777777778 0.08888888888888889
1 0.24305555555555555 0.18395061728395062 0.0638888888888889 0.07160493827160494
1 0.5361111111111111 0.42098765432098767 0.08055555555555556 0.15555555555555556
2 0.65625 0.3962962962962963 0.10416666666666667 0.07654320987654321
2 0.5715277777777777 0.5432098765432098 0.0625 0.0691358024691358
2 0.5875 0.682716049382716 0.07777777777777778 0.11604938271604938
1 0.8027777777777778 0.10740740740740741 0.08333333333333334 0.10617283950617283
