0 0.16944444444444445 0.7395061728395061 0.075 0.11604938271604938
0 0.5152777777777778 0.3135802469135802 0.10277777777777779 0.1925925925925926
0 0.6541666666666667 0.3765432098765432 0.11666666666666667 0.19012345679012346
1 0.7840277777777778 0.5259259259259259 0.14305555555555557 0.21234567901234566
1 0.8840277777777779 0.8074074074074074 0.08472222222222223 0.1382716049382716
1 0.875 0.10246913580246914 0.11388888888888889 0.17530864197530863
2 0.50625 0.5308641975308642 0.043055555555555555 0.23209876543209876
2 0.5930555555555556 0.7753086419753086 0.12222222222222223 0.18271604938271604
2 0.670138888888889 0.9012345679012346 0.08750000000000001 0.17777777777777778
3 0.3013888888888889 0.7938271604938272 0.044444444444444446 0.12098765432098765
