1 0.43194444444444446 0.23703703703703705 0.044444444444444446 0.0691358024691358
1 0.5784722222222223 0.17037037037037037 0.0375 0.05925925925925926
1 0.763888888888889 0.4530864197530864 0.10555555555555556 0.12098765432098765
1 0.888888888888889 0.11851851851851852 0.075 0.10864197530864197
1 0.6666666666666667 0.2654320987654321 0.07222222222222223 0.12098765432098765
1 0.5409722222222222 0.7135802469135802 0.0625 0.08888888888888889
0 0.7472222222222222 0.28641975308641976 0.06944444444444445 0.12839506172839507
0 0.6597222222222222 0.41975308641975306 0.07777777777777778 0.1037037037037037
0 0.4715277777777778 0.4888888888888889 0.051388888888888894 0.08888888888888889
0 0.2826388888888889 0.8506172839506173 0.059722222222222225 0.0962962962962963
0 0.3666666666666667 0.3691358024691358 0.05277777777777778 0.10123456790123457
