1 0.13333333333333333 0.9135802469135802 0.09166666666666667 0.09876543209876543
0 0.21319444444444446 0.45925925925925926 0.04027777777777778 0.06419753086419754
0 0.18888888888888888 0.37037037037037035 0.04166666666666667 0.06419753086419754
0 0.6236111111111111 0.8790123456790123 0.044444444444444446 0.08888888888888889
0 0.6083333333333334 0.7469135802469136 0.04166666666666667 0.07654320987654321
0 0.5569444444444445 0.6666666666666666 0.03333333333333333 0.06419753086419754
0 0.6770833333333334 0.6061728395061728 0.029166666666666667 0.06172839506172839
0 0.6493055555555556 0.5407407407407407 0.02361111111111111 0.05432098765432099
0 0.5430555555555556 0.4024691358024691 0.036111111111111115 0.0691358024691358
0 0.3965277777777778 0.29753086419753083 0.03194444444444445 0.037037037037037035
0 0.2847222222222222 0.4469135802469136 0.06666666666666667 0.1037037037037037
