0 0.020833333333333336 0.5135802469135803 0.036111111111111115 0.08395061728395062
0 0.3701388888888889 0.3419753086419753 0.05416666666666667 0.1111111111111111
0 0.6833333333333333 0.15555555555555556 0.03333333333333333 0.05925925925925926
0 0.6319444444444444 0.05432098765432099 0.03333333333333333 0.05925925925925926
0 0.11388888888888889 0.2604938271604938 0.08055555555555556 0.12098765432098765
0 0.27708333333333335 0.5222222222222223 0.05416666666666667 0.08148148148148147
0 0.8250000000000001 0.9308641975308641 0.075 0.10864197530864197
0 0.7201388888888889 0.3296296296296296 0.04027777777777778 0.06666666666666667
1 0.16736111111111113 0.562962962962963 0.06805555555555556 0.07901234567901234
1 0.5173611111111112 0.7802469135802469 0.07361111111111111 0.09876543209876543
1 0.6347222222222223 0.4469135802469136 0.03333333333333333 0.05432098765432099
0 0.8236111111111112 0.21604938271604937 0.04166666666666667 0.05185185185185185
0 0.8743055555555556 0.19753086419753085 0.029166666666666667 0.05432098765432099
2 0.7652777777777778 0.7641975308641975 0.07777777777777778 0.046913580246913576
2 0.7777777777777778 0.8345679012345679 0.058333333333333334 0.06419753086419754
1 0.9243055555555556 0.8098765432098766 0.05694444444444444 0.07407407407407407
