3 0.8090277777777778 0.17901234567901234 0.02638888888888889 0.037037037037037035
1 0.5340277777777778 0.5740740740740741 0.051388888888888894 0.11604938271604938
1 0.6916666666666667 0.391358024691358 0.1 0.17037037037037037
1 0.7944444444444445 0.4185185185185185 0.09166666666666667 0.13580246913580246
1 0.7555555555555555 0.8024691358024691 0.09722222222222222 0.1876543209876543
2 0.19097222222222224 0.13333333333333333 0.07916666666666666 0.24691358024691357
2 0.6611111111111111 0.20493827160493827 0.07777777777777778 0.1580246913580247
2 0.45625000000000004 0.817283950617284 0.1375 0.25679012345679014
2 0.6368055555555556 0.6851851851851851 0.12361111111111112 0.2938271604938272
0 0.5395833333333333 0.25555555555555554 0.0763888888888889 0.145679012345679
0 0.11666666666666667 0.7641975308641975 0.08055555555555556 0.12098765432098765
