1 0.0638888888888889 0.9419753086419753 0.08333333333333334 0.08641975308641975
0 0.43472222222222223 0.8814814814814814 0.02777777777777778 0.06419753086419754
0 0.6201388888888889 0.608641975308642 0.0375 0.056790123456790124
0 0.75625 0.7518518518518519 0.051388888888888894 0.07654320987654321
0 0.6729166666666667 0.6864197530864198 0.0375 0.07901234567901234
0 0.6847222222222222 0.582716049382716 0.05277777777777778 0.07901234567901234
0 0.945138888888889 0.6469135802469136 0.051388888888888894 0.07901234567901234
0 0.85 0.4074074074074074 0.036111111111111115 0.07901234567901234
0 0.8270833333333334 0.3074074074074074 0.02638888888888889 0.046913580246913576
0 0.5729166666666667 0.4506172839506173 0.029166666666666667 0.056790123456790124
0 0.5104166666666667 0.4024691358024691 0.018055555555555557 0.0345679012345679
0 0.5375 0.35061728395061725 0.019444444444444445 0.0345679012345679
0 0.41944444444444445 0.6259259259259259 0.02777777777777778 0.06172839506172839
0 0.3472222222222222 0.6283950617283951 0.022222222222222223 0.05185185185185185
0 0.39375 0.8185185185185185 0.029166666666666667 0.07654320987654321
0 0.19930555555555557 0.8209876543209876 0.04027777777777778 0.05185185185185185
