0 0.04583333333333334 0.5753086419753086 0.08611111111111111 0.1925925925925926
0 0.19305555555555556 0.6271604938271604 0.1 0.1580246913580247
0 0.3784722222222222 0.5 0.09583333333333334 0.15555555555555556
0 0.5750000000000001 0.8358024691358025 0.1 0.18518518518518517
0 0.2569444444444445 0.8888888888888888 0.13333333333333333 0.2271604938271605
1 0.13958333333333334 0.291358024691358 0.13194444444444445 0.19753086419753085
1 0.28611111111111115 0.2777777777777778 0.11388888888888889 0.18024691358024691
1 0.6666666666666667 0.6432098765432098 0.11111111111111112 0.18024691358024691
1 0.5048611111111111 0.5728395061728395 0.14305555555555557 0.2617283950617284
1 0.1125 0.7802469135802469 0.11388888888888889 0.1925925925925926
3 0.8034722222222223 0.9049382716049382 0.0625 0.1111111111111111
2 0.7159722222222222 0.737037037037037 0.09583333333333334 0.21975308641975308
