3 0.5520833333333334 0.3259259259259259 0.02638888888888889 0.044444444444444446
0 0.9013888888888889 0.291358024691358 0.0638888888888889 0.0691358024691358
0 0.8354166666666667 0.48518518518518516 0.06805555555555556 0.1259259259259259
0 0.8951388888888889 0.8888888888888888 0.08472222222222223 0.13333333333333333
1 0.31736111111111115 0.6814814814814815 0.12083333333333333 0.2074074074074074
1 0.75 0.7839506172839505 0.07222222222222223 0.15555555555555556
1 0.5027777777777778 0.3728395061728395 0.0638888888888889 0.11358024691358025
0 0.425 0.24938271604938272 0.044444444444444446 0.08395061728395062
2 0.6743055555555556 0.28518518518518515 0.0625 0.14074074074074075
2 0.6229166666666667 0.3074074074074074 0.0375 0.15061728395061727
2 0.6340277777777779 0.49135802469135803 0.0375 0.14320987654320988
