0 0.125 0.5728395061728395 0.09166666666666667 0.1382716049382716
0 0.21736111111111112 0.6185185185185185 0.08194444444444444 0.14074074074074075
0 0.09930555555555556 0.7790123456790123 0.08472222222222223 0.10617283950617283
0 0.3666666666666667 0.945679012345679 0.11944444444444445 0.11358024691358025
0 0.17569444444444446 0.928395061728395 0.1375 0.14814814814814814
3 0.14305555555555557 0.34814814814814815 0.07222222222222223 0.09876543209876543
3 0.4902777777777778 0.519753086419753 0.08055555555555556 0.12098765432098765
3 0.6034722222222223 0.6172839506172839 0.0625 0.11358024691358025
3 0.6972222222222223 0.8098765432098766 0.05555555555555556 0.11358024691358025
2 0.788888888888889 0.5617283950617283 0.125 0.15555555555555556
2 0.7520833333333333 0.6814814814814815 0.08472222222222223 0.2222222222222222
1 0.5618055555555556 0.7197530864197531 0.0625 0.10123456790123457
