2 0.41597222222222224 0.7851851851851852 0.03194444444444445 0.11851851851851852
1 0.8041666666666667 0.11358024691358025 0.04166666666666667 0.0345679012345679
1 0.8840277777777779 0.10246913580246914 0.04027777777777778 0.04197530864197531
1 0.45555555555555555 0.691358024691358 0.03333333333333333 0.06419753086419754
1 0.32916666666666666 0.8469135802469135 0.061111111111111116 0.11851851851851852
0 0.9416666666666667 0.04074074074074074 0.044444444444444446 0.04197530864197531
0 0.6666666666666667 0.39012345679012345 0.03333333333333333 0.0691358024691358
0 0.6826388888888889 0.3197530864197531 0.0375 0.046913580246913576
0 0.6305555555555555 0.29012345679012347 0.025 0.037037037037037035
0 0.4986111111111111 0.49876543209876545 0.030555555555555558 0.08395061728395062
0 0.35625 0.9617283950617284 0.07916666666666666 0.08148148148148147
0 0.41597222222222224 0.8827160493827161 0.043055555555555555 0.09135802469135802
0 0.21180555555555555 0.19999999999999998 0.10694444444444445 0.16790123456790124
