2 0.2576388888888889 0.39382716049382716 0.051388888888888894 0.10617283950617283
1 0.35208333333333336 0.35061728395061725 0.07916666666666666 0.10864197530864197
1 0.29444444444444445 0.8518518518518519 0.17222222222222222 0.2419753086419753
1 0.7277777777777779 0.8950617283950617 0.09722222222222222 0.21481481481481482
0 0.12361111111111112 0.8876543209876543 0.2 0.22962962962962963
0 0.09166666666666667 0.6567901234567901 0.13055555555555556 0.1580246913580247
0 0.33819444444444446 0.6469135802469136 0.11527777777777778 0.16790123456790124
0 0.5750000000000001 0.48641975308641977 0.0638888888888889 0.1037037037037037
0 0.4881944444444445 0.4925925925925926 0.07916666666666666 0.12098765432098765
0 0.37986111111111115 0.4839506172839506 0.08194444444444444 0.14320987654320988
0 0.14027777777777778 0.3790123456790123 0.07777777777777778 0.0962962962962963
0 0.03125 0.40987654320987654 0.05416666666666667 0.14320987654320988
