1 0.29930555555555555 0.14320987654320988 0.043055555555555555 0.05925925925925926
0 0.10902777777777778 0.42839506172839503 0.0763888888888889 0.07160493827160494
0 0.4215277777777778 0.254320987654321 0.06805555555555556 0.13333333333333333
0 0.6159722222222223 0.08148148148148147 0.06805555555555556 0.15308641975308643
0 0.7138888888888889 0.6209876543209877 0.10833333333333334 0.19012345679012346
0 0.9152777777777779 0.9481481481481482 0.08611111111111111 0.10864197530864197
0 0.2652777777777778 0.7012345679012345 0.09166666666666667 0.11851851851851852
1 0.17847222222222223 0.6938271604938272 0.06527777777777778 0.04938271604938271
1 0.35347222222222224 0.6518518518518518 0.043055555555555555 0.08395061728395062
1 0.41944444444444445 0.6753086419753086 0.10277777777777779 0.18024691358024691
1 0.37222222222222223 0.828395061728395 0.07777777777777778 0.15555555555555556
1 0.33958333333333335 0.3802469135802469 0.043055555555555555 0.08888888888888889
