3 0.55625 0.854320987654321 0.10694444444444445 0.1876543209876543
1 0.6930555555555555 0.6407407407407407 0.07777777777777778 0.1308641975308642
2 0.5520833333333334 0.08641975308641975 0.04861111111111111 0.1037037037037037
2 0.64375 0.07037037037037037 0.05694444444444444 0.1111111111111111
2 0.6944444444444444 0.14074074074074075 0.0638888888888889 0.10864197530864197
2 0.5979166666666667 0.1567901234567901 0.051388888888888894 0.08641975308641975
2 0.4131944444444445 0.15185185185185185 0.06527777777777778 0.08641975308641975
2 0.4847222222222222 0.22098765432098766 0.05277777777777778 0.08148148148148147
2 0.5145833333333334 0.3259259259259259 0.0625 0.09382716049382715
2 0.32430555555555557 0.4222222222222222 0.07916666666666666 0.09382716049382715
2 0.45208333333333334 0.5395061728395062 0.0625 0.12098765432098765
2 0.5215277777777778 0.6839506172839506 0.08472222222222223 0.12839506172839507
2 0.3090277777777778 0.671604938271605 0.0763888888888889 0.09876543209876543
2 0.36736111111111114 0.5777777777777777 0.0625 0.11358024691358025
2 0.1902777777777778 0.5975308641975309 0.08888888888888889 0.11358024691358025
2 0.7375 0.345679012345679 0.16944444444444445 0.1580246913580247
