0 0.41111111111111115 0.3765432098765432 0.061111111111111116 0.11604938271604938
0 0.12152777777777778 0.6382716049382716 0.11527777777777778 0.18024691358024691
0 0.3263888888888889 0.45185185185185184 0.09166666666666667 0.13333333333333333
0 0.30972222222222223 0.5839506172839506 0.08333333333333334 0.14074074074074075
0 0.40625 0.5888888888888889 0.0625 0.10617283950617283
0 0.4361111111111111 0.7308641975308642 0.07777777777777778 0.1382716049382716
0 0.5784722222222223 0.8716049382716049 0.07916666666666666 0.13333333333333333
0 0.3597222222222222 0.9259259259259259 0.08611111111111111 0.15308641975308643
0 0.23541666666666666 0.9530864197530864 0.09861111111111112 0.09876543209876543
0 0.7923611111111112 0.7098765432098765 0.07083333333333333 0.12098765432098765
0 0.851388888888889 0.7728395061728395 0.06666666666666667 0.13333333333333333
2 0.6673611111111112 0.4691358024691358 0.0625 0.25679012345679014
0 0.04236111111111111 0.2654320987654321 0.07361111111111111 0.1654320987654321
0 0.10416666666666667 0.29876543209876544 0.05555555555555556 0.14320987654320988
1 0.71875 0.6518518518518518 0.08194444444444444 0.11851851851851852
3 0.4666666666666667 0.9716049382716049 0.019444444444444445 0.046913580246913576
