0 0.19722222222222224 0.043209876543209874 0.11111111111111112 0.08148148148148147
0 0.07291666666666667 0.06790123456790123 0.12916666666666668 0.12098765432098765
0 0.12638888888888888 0.9024691358024691 0.08611111111111111 0.15555555555555556
0 0.19583333333333333 0.9469135802469135 0.07777777777777778 0.09135802469135802
0 0.30347222222222225 0.9518518518518518 0.08194444444444444 0.10123456790123457
0 0.39861111111111114 0.9160493827160494 0.08333333333333334 0.16790123456790124
0 0.5027777777777778 0.7802469135802469 0.08888888888888889 0.16790123456790124
0 0.3902777777777778 0.6938271604938272 0.08333333333333334 0.14320987654320988
0 0.7166666666666667 0.562962962962963 0.09166666666666667 0.13333333333333333
0 0.40347222222222223 0.19012345679012346 0.13472222222222222 0.17777777777777778
0 0.20486111111111113 0.20987654320987653 0.11527777777777778 0.15308641975308643
0 0.11597222222222223 0.41358024691358025 0.0763888888888889 0.11604938271604938
0 0.12638888888888888 0.2876543209876543 0.07777777777777778 0.10123456790123457
0 0.07083333333333333 0.21481481481481482 0.07222222222222223 0.12345679012345678
0 0.18958333333333335 0.37407407407407406 0.07361111111111111 0.10617283950617283
0 0.2611111111111111 0.337037037037037 0.08611111111111111 0.10123456790123457
0 0.3423611111111111 0.3358024691358025 0.09861111111111112 0.12839506172839507
0 0.2798611111111111 0.4888888888888889 0.0625 0.11358024691358025
0 0.4625 0.36049382716049383 0.1 0.12345679012345678
0 0.6048611111111112 0.2839506172839506 0.14583333333333334 0.1925925925925926
0 0.7263888888888889 0.05555555555555555 0.08055555555555556 0.10617283950617283
1 0.6166666666666667 0.11851851851851852 0.20833333333333334 0.23209876543209876
1 0.14583333333333334 0.6271604938271604 0.075 0.12839506172839507
1 0.04513888888888889 0.8395061728395061 0.06805555555555556 0.19753086419753085
1 0.6340277777777779 0.6518518518518518 0.08472222222222223 0.1580246913580247
1 0.6819444444444445 0.8864197530864197 0.125 0.2222222222222222
1 0.5423611111111112 0.9148148148148147 0.08472222222222223 0.16049382716049382
1 0.2916666666666667 0.6185185185185185 0.05555555555555556 0.10123456790123457
2 0.4930555555555556 0.48518518518518516 0.11666666666666667 0.10617283950617283
2 0.56875 0.4901234567901234 0.0763888888888889 0.21481481481481482
2 0.21944444444444444 0.8481481481481481 0.05277777777777778 0.145679012345679
