2 0.8993055555555556 0.5209876543209876 0.05416666666666667 0.21234567901234566
0 0.9430555555555556 0.17407407407407408 0.1 0.20493827160493827
0 0.2715277777777778 0.7049382716049383 0.10972222222222222 0.2345679012345679
0 0.3791666666666667 0.8382716049382716 0.10833333333333334 0.145679012345679
0 0.6833333333333333 0.6777777777777778 0.08611111111111111 0.15555555555555556
1 0.3840277777777778 0.13333333333333333 0.10972222222222222 0.2271604938271605
1 0.5506944444444445 0.23333333333333334 0.12361111111111112 0.2345679012345679
1 0.8472222222222222 0.4308641975308642 0.06666666666666667 0.15555555555555556
1 0.5340277777777778 0.46172839506172836 0.08472222222222223 0.1580246913580247
1 0.19930555555555557 0.337037037037037 0.13472222222222222 0.30864197530864196
2 0.25416666666666665 0.23209876543209876 0.15 0.36049382716049383
1 0.5819444444444445 0.608641975308642 0.09722222222222222 0.22962962962962963
