0 0.4118055555555556 0.4839506172839506 0.06527777777777778 0.11851851851851852
0 0.16666666666666669 0.5703703703703703 0.05555555555555556 0.12839506172839507
0 0.4916666666666667 0.06296296296296296 0.0638888888888889 0.0962962962962963
0 0.7319444444444445 0.5246913580246914 0.08611111111111111 0.16049382716049382
0 0.4881944444444445 0.8975308641975308 0.08750000000000001 0.17530864197530863
0 0.7875 0.3296296296296296 0.05555555555555556 0.10123456790123457
0 0.061111111111111116 0.2185185185185185 0.04722222222222222 0.07654320987654321
0 0.11666666666666667 0.2654320987654321 0.036111111111111115 0.07654320987654321
0 0.17152777777777778 0.3987654320987654 0.03194444444444445 0.07160493827160494
1 0.09236111111111112 0.6790123456790124 0.07361111111111111 0.11851851851851852
1 0.3284722222222222 0.3259259259259259 0.043055555555555555 0.08888888888888889
