0 0.2569444444444445 0.8407407407407407 0.06944444444444445 0.12098765432098765
0 0.45625000000000004 0.7888888888888889 0.08750000000000001 0.17530864197530863
0 0.638888888888889 0.5703703703703703 0.0638888888888889 0.12839506172839507
0 0.5659722222222222 0.5160493827160494 0.07083333333333333 0.11851851851851852
0 0.3597222222222222 0.27901234567901234 0.06666666666666667 0.11851851851851852
0 0.5194444444444445 0.09382716049382715 0.05277777777777778 0.09876543209876543
0 0.47222222222222227 0.06172839506172839 0.05277777777777778 0.09876543209876543
0 0.3055555555555556 0.2037037037037037 0.058333333333333334 0.08148148148148147
0 0.1277777777777778 0.6530864197530865 0.0638888888888889 0.10617283950617283
0 0.10277777777777779 0.30123456790123454 0.08888888888888889 0.12839506172839507
