0 0.12638888888888888 0.14444444444444443 0.05555555555555556 0.07160493827160494
0 0.18333333333333335 0.31851851851851853 0.07222222222222223 0.12345679012345678
0 0.21666666666666667 0.25679012345679014 0.044444444444444446 0.07407407407407407
0 0.22847222222222224 0.07901234567901234 0.043055555555555555 0.05925925925925926
0 0.3979166666666667 0.10740740740740741 0.051388888888888894 0.07654320987654321
0 0.42708333333333337 0.06296296296296296 0.051388888888888894 0.07654320987654321
0 0.43472222222222223 0.1654320987654321 0.044444444444444446 0.0691358024691358
0 0.4729166666666667 0.2074074074074074 0.02638888888888889 0.05925925925925926
0 0.3965277777777778 0.3592592592592593 0.05694444444444444 0.11604938271604938
0 0.24305555555555555 0.4728395061728395 0.07777777777777778 0.12098765432098765
0 0.17708333333333334 0.5641975308641975 0.09027777777777778 0.14074074074074075
0 0.019444444444444445 0.49753086419753084 0.036111111111111115 0.10123456790123457
0 0.1277777777777778 0.05925925925925926 0.058333333333333334 0.08888888888888889
0 0.18055555555555555 0.024691358024691357 0.04166666666666667 0.044444444444444446
0 0.3 0.48271604938271606 0.05 0.1111111111111111
0 0.8194444444444445 0.2777777777777778 0.05277777777777778 0.10617283950617283
2 0.5909722222222222 0.4271604938271605 0.05694444444444444 0.0691358024691358
2 0.6256944444444444 0.9234567901234567 0.08472222222222223 0.08888888888888889
1 0.8798611111111111 0.10123456790123457 0.0625 0.05925925925925926
