0 0.22222222222222224 0.4691358024691358 0.05277777777777778 0.08888888888888889
0 0.2951388888888889 0.508641975308642 0.0375 0.0691358024691358
0 0.5493055555555556 0.47777777777777775 0.06805555555555556 0.10617283950617283
0 0.9479166666666667 0.5765432098765432 0.10694444444444445 0.14074074074074075
0 0.425 0.25679012345679014 0.03888888888888889 0.06419753086419754
0 0.3909722222222222 0.2777777777777778 0.0375 0.07160493827160494
2 0.3861111111111111 0.7296296296296296 0.05 0.0962962962962963
1 0.3159722222222222 0.6185185185185185 0.04861111111111111 0.07654320987654321
1 0.6527777777777778 0.23703703703703705 0.044444444444444446 0.07407407407407407
1 0.10555555555555556 0.4765432098765432 0.06666666666666667 0.08395061728395062
