0 0.3715277777777778 0.8790123456790123 0.07083333333333333 0.14320987654320988
0 0.18055555555555555 0.928395061728395 0.11666666666666667 0.14814814814814814
0 0.15416666666666667 0.46296296296296297 0.061111111111111116 0.08641975308641975
0 0.23819444444444446 0.42345679012345677 0.043055555555555555 0.06666666666666667
0 0.3458333333333333 0.39012345679012345 0.03333333333333333 0.05432098765432099
0 0.3513888888888889 0.4469135802469136 0.03333333333333333 0.04938271604938271
0 0.3680555555555556 0.5037037037037037 0.02777777777777778 0.05432098765432099
0 0.3736111111111111 0.6370370370370371 0.036111111111111115 0.07407407407407407
0 0.14027777777777778 0.26666666666666666 0.044444444444444446 0.05432098765432099
0 0.1076388888888889 0.29506172839506173 0.043055555555555555 0.08148148148148147
1 0.44930555555555557 0.6382716049382716 0.04861111111111111 0.08641975308641975
1 0.40347222222222223 0.7148148148148148 0.051388888888888894 0.07160493827160494
1 0.05625 0.691358024691358 0.08472222222222223 0.09382716049382715
