0 0.36319444444444443 0.9592592592592593 0.11527777777777778 0.08641975308641975
0 0.4548611111111111 0.04938271604938271 0.04583333333333334 0.05925925925925926
0 0.5840277777777778 0.23086419753086418 0.04861111111111111 0.0962962962962963
0 0.9347222222222222 0.3358024691358025 0.05555555555555556 0.09382716049382715
0 0.5756944444444445 0.6283950617283951 0.043055555555555555 0.09135802469135802
0 0.7541666666666667 0.25925925925925924 0.03333333333333333 0.07407407407407407
0 0.7631944444444445 0.4493827160493827 0.0375 0.08395061728395062
2 0.5222222222222223 0.937037037037037 0.13055555555555556 0.1111111111111111
1 0.2576388888888889 0.9481481481481482 0.04583333333333334 0.07407407407407407
1 0.5326388888888889 0.6691358024691358 0.04027777777777778 0.07407407407407407
