0 0.4652777777777778 0.2271604938271605 0.05555555555555556 0.09382716049382715
0 0.46111111111111114 0.445679012345679 0.06944444444444445 0.1308641975308642
0 0.22986111111111113 0.5790123456790124 0.051388888888888894 0.06666666666666667
0 0.07777777777777778 0.9506172839506173 0.08611111111111111 0.1037037037037037
2 0.8333333333333334 0.4802469135802469 0.0638888888888889 0.11604938271604938
2 0.7722222222222223 0.454320987654321 0.06666666666666667 0.0345679012345679
1 0.3041666666666667 0.46296296296296297 0.058333333333333334 0.07654320987654321
1 0.16666666666666669 0.6012345679012345 0.05555555555555556 0.06666666666666667
1 0.5201388888888889 0.7925925925925926 0.0625 0.09382716049382715
1 0.9020833333333333 0.17407407407407408 0.07361111111111111 0.06666666666666667
