0 0.18194444444444446 0.25925925925925924 0.06666666666666667 0.11358024691358025
0 0.19305555555555556 0.4419753086419753 0.06944444444444445 0.11851851851851852
0 0.27569444444444446 0.4222222222222222 0.05416666666666667 0.10864197530864197
0 0.3791666666666667 0.5975308641975309 0.08055555555555556 0.1382716049382716
0 0.4791666666666667 0.5432098765432098 0.0638888888888889 0.12345679012345678
0 0.5743055555555556 0.42098765432098767 0.07361111111111111 0.1111111111111111
0 0.6819444444444445 0.37160493827160496 0.06666666666666667 0.1308641975308642
0 0.6576388888888889 0.1580246913580247 0.05416666666666667 0.09876543209876543
1 0.6395833333333334 0.8938271604938272 0.08194444444444444 0.14814814814814814
1 0.6972222222222223 0.9518518518518518 0.058333333333333334 0.09135802469135802
