0 0.3215277777777778 0.8962962962962963 0.08194444444444444 0.15308641975308643
0 0.42430555555555555 0.16296296296296295 0.17916666666666667 0.3160493827160494
2 0.6145833333333334 0.7753086419753086 0.2791666666666667 0.3654320987654321
1 0.4798611111111111 0.09876543209876543 0.11805555555555557 0.1925925925925926
1 0.8409722222222222 0.38641975308641974 0.32083333333333336 0.7679012345679013
1 0.5826388888888889 0.5037037037037037 0.1486111111111111 0.2765432098765432
1 0.4548611111111111 0.49506172839506174 0.09583333333333334 0.1654320987654321
1 0.42083333333333334 0.40617283950617283 0.061111111111111116 0.1111111111111111
1 0.44930555555555557 0.29876543209876544 0.08750000000000001 0.16296296296296295
1 0.3729166666666667 0.3654320987654321 0.05694444444444444 0.11851851851851852
1 0.33055555555555555 0.5753086419753086 0.08333333333333334 0.18271604938271604
1 0.20347222222222222 0.7469135802469136 0.07916666666666666 0.1259259259259259
