0 0.2986111111111111 0.3530864197530864 0.16944444444444445 0.1925925925925926
0 0.12222222222222223 0.45555555555555555 0.11944444444444445 0.13580246913580246
0 0.18125 0.3876543209876543 0.09861111111111112 0.17777777777777778
0 0.3055555555555556 0.5839506172839506 0.12222222222222223 0.145679012345679
0 0.20833333333333334 0.9506172839506173 0.11944444444444445 0.1037037037037037
0 0.80625 0.21604938271604937 0.10694444444444445 0.17037037037037037
0 0.7152777777777778 0.21481481481481482 0.08333333333333334 0.20246913580246914
0 0.9187500000000001 0.11975308641975309 0.1486111111111111 0.18518518518518517
0 0.9104166666666667 0.5234567901234568 0.18194444444444446 0.2222222222222222
1 0.07847222222222222 0.6617283950617284 0.14305555555555557 0.14814814814814814
