0 0.16736111111111113 0.3234567901234568 0.051388888888888894 0.08888888888888889
0 0.24027777777777778 0.7160493827160493 0.03888888888888889 0.09876543209876543
0 0.30972222222222223 0.7395061728395061 0.05277777777777778 0.07654320987654321
0 0.28750000000000003 0.29259259259259257 0.030555555555555558 0.06666666666666667
1 0.40902777777777777 0.5814814814814815 0.0375 0.06172839506172839
1 0.61875 0.7061728395061728 0.059722222222222225 0.07901234567901234
1 0.6319444444444444 0.6567901234567901 0.058333333333333334 0.05432098765432099
1 0.48125 0.43580246913580245 0.0375 0.04197530864197531
1 0.5638888888888889 0.3728395061728395 0.036111111111111115 0.0345679012345679
1 0.04583333333333334 0.8160493827160493 0.08611111111111111 0.15061728395061727
1 0.38958333333333334 0.8790123456790123 0.06805555555555556 0.09876543209876543
