0 0.16597222222222222 0.14444444444444443 0.07083333333333333 0.1259259259259259
0 0.036111111111111115 0.20493827160493827 0.06944444444444445 0.20246913580246914
0 0.06875 0.3802469135802469 0.08750000000000001 0.16296296296296295
0 0.11319444444444444 0.7148148148148148 0.10416666666666667 0.22469135802469134
0 0.5256944444444445 0.7814814814814814 0.09027777777777778 0.19506172839506172
0 0.5645833333333333 0.21234567901234566 0.0763888888888889 0.15308641975308643
0 0.6333333333333333 0.24938271604938272 0.05555555555555556 0.09876543209876543
0 0.4916666666666667 0.11728395061728394 0.08888888888888889 0.15555555555555556
0 0.5472222222222223 0.05432098765432099 0.09444444444444444 0.1037037037037037
0 0.11875000000000001 0.2518518518518518 0.06805555555555556 0.09876543209876543
2 0.8909722222222223 0.2962962962962963 0.051388888888888894 0.1728395061728395
2 0.9638888888888889 0.6271604938271604 0.075 0.13333333333333333
