0 0.7125 0.8098765432098766 0.036111111111111115 0.07901234567901234
0 0.0638888888888889 0.27530864197530863 0.07222222222222223 0.07160493827160494
0 0.4083333333333333 0.32839506172839505 0.058333333333333334 0.08395061728395062
0 0.4701388888888889 0.09876543209876543 0.04027777777777778 0.06419753086419754
0 0.6930555555555555 0.43209876543209874 0.030555555555555558 0.05925925925925926
1 0.34652777777777777 0.36296296296296293 0.06805555555555556 0.08888888888888889
1 0.6409722222222223 0.36666666666666664 0.05416666666666667 0.07654320987654321
2 0.3125 0.9419753086419753 0.09444444444444444 0.09135802469135802
1 0.10972222222222222 0.32469135802469135 0.061111111111111116 0.05185185185185185
1 0.8465277777777778 0.6518518518518518 0.059722222222222225 0.10864197530864197
