0 0.2625 0.9 0.08055555555555556 0.16049382716049382
0 0.81875 0.6592592592592592 0.06805555555555556 0.08888888888888889
0 0.7284722222222223 0.337037037037037 0.043055555555555555 0.07654320987654321
0 0.6923611111111111 0.3469135802469136 0.043055555555555555 0.07160493827160494
0 0.65625 0.28271604938271605 0.04583333333333334 0.07654320987654321
0 0.04861111111111111 0.4740740740740741 0.09166666666666667 0.11358024691358025
2 0.74375 0.7814814814814814 0.10138888888888889 0.08641975308641975
2 0.36944444444444446 0.7950617283950617 0.044444444444444446 0.13333333333333333
1 0.9284722222222223 0.9432098765432099 0.06527777777777778 0.11851851851851852
1 0.10972222222222222 0.4679012345679012 0.061111111111111116 0.07654320987654321
