0 0.050694444444444445 0.4641975308641975 0.09861111111111112 0.2962962962962963
0 0.16805555555555557 0.4962962962962963 0.10833333333333334 0.23209876543209876
0 0.2569444444444445 0.5802469135802469 0.11111111111111112 0.2419753086419753
0 0.18472222222222223 0.8518518518518519 0.17500000000000002 0.30123456790123454
0 0.33333333333333337 0.8592592592592593 0.11111111111111112 0.28641975308641976
0 0.43194444444444446 0.808641975308642 0.11111111111111112 0.19999999999999998
0 0.5048611111111111 0.4382716049382716 0.10694444444444445 0.20493827160493827
0 0.45416666666666666 0.24691358024691357 0.09166666666666667 0.13333333333333333
0 0.3194444444444445 0.2604938271604938 0.1 0.17037037037037037
0 0.29305555555555557 0.09259259259259259 0.06944444444444445 0.15061728395061727
0 0.9208333333333334 0.2962962962962963 0.08611111111111111 0.17777777777777778
3 0.7722222222222223 0.6049382716049383 0.0638888888888889 0.12345679012345678
3 0.8340277777777778 0.3802469135802469 0.06805555555555556 0.14814814814814814
