0 0.8368055555555556 0.5259259259259259 0.12083333333333333 0.1876543209876543
0 0.6659722222222223 0.445679012345679 0.08194444444444444 0.13580246913580246
0 0.5833333333333334 0.7901234567901234 0.07777777777777778 0.12839506172839507
0 0.638888888888889 0.891358024691358 0.08611111111111111 0.14814814814814814
0 0.47222222222222227 0.9629629629629629 0.05555555555555556 0.07901234567901234
0 0.4215277777777778 0.9728395061728395 0.051388888888888894 0.05925925925925926
0 0.4847222222222222 0.7802469135802469 0.058333333333333334 0.11358024691358025
0 0.5256944444444445 0.5395061728395062 0.05416666666666667 0.09135802469135802
0 0.5486111111111112 0.44814814814814813 0.05277777777777778 0.08148148148148147
0 0.8104166666666667 0.8901234567901234 0.3402777777777778 0.22469135802469134
1 0.788888888888889 0.6481481481481481 0.08333333333333334 0.15061728395061727
1 0.7763888888888889 0.8790123456790123 0.1 0.17777777777777778
1 0.9006944444444445 0.8790123456790123 0.10416666666666667 0.19753086419753085
