0 0.19722222222222224 0.21234567901234566 0.14722222222222223 0.2617283950617284
0 0.3451388888888889 0.11358024691358025 0.12638888888888888 0.17777777777777778
0 0.3493055555555556 0.291358024691358 0.14027777777777778 0.2222222222222222
0 0.23750000000000002 0.4037037037037037 0.125 0.24444444444444444
0 0.12916666666666668 0.3925925925925926 0.11944444444444445 0.18271604938271604
0 0.21736111111111112 0.6530864197530865 0.1763888888888889 0.31851851851851853
0 0.30694444444444446 0.8691358024691358 0.125 0.2419753086419753
0 0.36041666666666666 0.5037037037037037 0.13472222222222222 0.24691358024691357
0 0.5 0.7345679012345678 0.14444444444444446 0.27901234567901234
0 0.5409722222222222 0.5407407407407407 0.09305555555555556 0.1925925925925926
0 0.7131944444444445 0.8481481481481481 0.12638888888888888 0.25925925925925924
0 0.6215277777777778 0.4074074074074074 0.09861111111111112 0.1728395061728395
0 0.5583333333333333 0.26296296296296295 0.1 0.14074074074074075
0 0.5319444444444444 0.37777777777777777 0.10277777777777779 0.15308641975308643
0 0.46875 0.2617283950617284 0.08750000000000001 0.1728395061728395
0 0.6791666666666667 0.3432098765432099 0.05555555555555556 0.13333333333333333
0 0.65 0.23333333333333334 0.08055555555555556 0.12098765432098765
0 0.6361111111111112 0.11728395061728394 0.07222222222222223 0.1259259259259259
0 0.5979166666666667 0.050617283950617285 0.0763888888888889 0.09135802469135802
