0 0.030555555555555558 0.1419753086419753 0.058333333333333334 0.20987654320987653
0 0.1451388888888889 0.4839506172839506 0.1125 0.18271604938271604
0 0.275 0.508641975308642 0.1 0.17777777777777778
0 0.38472222222222224 0.5333333333333333 0.10277777777777779 0.19753086419753085
0 0.5097222222222222 0.5753086419753086 0.10555555555555556 0.1925925925925926
0 0.6430555555555556 0.5641975308641975 0.13333333333333333 0.18518518518518517
0 0.6895833333333333 0.25679012345679014 0.10694444444444445 0.1876543209876543
0 0.4479166666666667 0.4012345679012346 0.10972222222222222 0.19506172839506172
0 0.3548611111111111 0.3814814814814815 0.09027777777777778 0.15555555555555556
0 0.61875 0.9419753086419753 0.11805555555555557 0.12098765432098765
1 0.23611111111111113 0.6493827160493827 0.06666666666666667 0.12839506172839507
1 0.19236111111111112 0.8469135802469135 0.09583333333333334 0.1876543209876543
1 0.6972222222222223 0.837037037037037 0.09166666666666667 0.1876543209876543
1 0.675 0.6530864197530865 0.06666666666666667 0.0962962962962963
1 0.7909722222222223 0.7395061728395061 0.15694444444444444 0.27901234567901234
1 0.7743055555555556 0.9432098765432099 0.1125 0.11358024691358025
1 0.2729166666666667 0.1567901234567901 0.11805555555555557 0.16049382716049382
