0 0.2 0.10864197530864197 0.10555555555555556 0.14320987654320988
0 0.25277777777777777 0.26666666666666666 0.11388888888888889 0.17777777777777778
0 0.08541666666666667 0.31234567901234567 0.12638888888888888 0.14074074074074075
0 0.10277777777777779 0.4641975308641975 0.20277777777777778 0.20246913580246914
0 0.15694444444444444 0.6333333333333333 0.1527777777777778 0.2345679012345679
0 0.6451388888888889 0.1271604938271605 0.12638888888888888 0.21975308641975308
0 0.8159722222222222 0.2382716049382716 0.059722222222222225 0.1308641975308642
0 0.732638888888889 0.23209876543209876 0.10416666666666667 0.19753086419753085
0 0.7104166666666667 0.04567901234567901 0.11527777777777778 0.08641975308641975
0 0.2152777777777778 0.39382716049382716 0.08888888888888889 0.12098765432098765
