0 0.4 0.28518518518518515 0.08611111111111111 0.11604938271604938
0 0.4118055555555556 0.056790123456790124 0.05416666666666667 0.1037037037037037
0 0.1513888888888889 0.40617283950617283 0.058333333333333334 0.08148148148148147
2 0.7513888888888889 0.345679012345679 0.058333333333333334 0.08888888888888889
2 0.701388888888889 0.3271604938271605 0.06944444444444445 0.046913580246913576
2 0.32430555555555557 0.8777777777777778 0.10416666666666667 0.24938271604938272
1 0.23680555555555557 0.28271604938271605 0.0625 0.08641975308641975
1 0.8111111111111111 0.09999999999999999 0.061111111111111116 0.06172839506172839
1 0.08125 0.4271604938271605 0.07361111111111111 0.07407407407407407
1 0.4618055555555556 0.6160493827160494 0.0625 0.08641975308641975
