0 0.5784722222222223 0.5098765432098765 0.0763888888888889 0.12098765432098765
0 0.6979166666666667 0.36296296296296293 0.07916666666666666 0.16790123456790124
0 0.5263888888888889 0.6679012345679012 0.08888888888888889 0.1259259259259259
0 0.6472222222222223 0.5518518518518518 0.08888888888888889 0.10617283950617283
0 0.46111111111111114 0.7950617283950617 0.10833333333333334 0.19753086419753085
0 0.7381944444444445 0.7037037037037037 0.09861111111111112 0.15308641975308643
0 0.788888888888889 0.8777777777777778 0.11666666666666667 0.20987654320987653
0 0.9173611111111112 0.8024691358024691 0.14027777777777778 0.2074074074074074
3 0.9618055555555556 0.5703703703703703 0.07916666666666666 0.1382716049382716
1 0.5847222222222223 0.7530864197530864 0.1 0.12839506172839507
1 0.6819444444444445 0.7925925925925926 0.10277777777777779 0.1728395061728395
