0 0.33333333333333337 0.18641975308641975 0.03888888888888889 0.056790123456790124
0 0.4826388888888889 0.3172839506172839 0.04583333333333334 0.07160493827160494
0 0.7395833333333334 0.19753086419753085 0.051388888888888894 0.07901234567901234
0 0.6979166666666667 0.0728395061728395 0.043055555555555555 0.06666666666666667
0 0.5437500000000001 0.4530864197530864 0.034722222222222224 0.08148148148148147
0 0.5368055555555555 0.5765432098765432 0.05416666666666667 0.10617283950617283
0 0.37777777777777777 0.611111111111111 0.075 0.10123456790123457
0 0.40972222222222227 0.7185185185185186 0.06944444444444445 0.14320987654320988
0 0.3493055555555556 0.7444444444444445 0.07916666666666666 0.13580246913580246
0 0.28125 0.6259259259259259 0.08194444444444444 0.1259259259259259
0 0.32916666666666666 0.4666666666666667 0.04722222222222222 0.07901234567901234
0 0.15208333333333335 0.5444444444444444 0.06527777777777778 0.10123456790123457
0 0.06805555555555556 0.7135802469135802 0.08333333333333334 0.11851851851851852
0 0.2916666666666667 0.9320987654320988 0.06666666666666667 0.10123456790123457
