0 0.41944444444444445 0.5481481481481482 0.06944444444444445 0.08395061728395062
0 0.6423611111111112 0.5666666666666667 0.0625 0.11604938271604938
0 0.6597222222222222 0.37160493827160496 0.04722222222222222 0.11604938271604938
0 0.09861111111111112 0.046913580246913576 0.06944444444444445 0.08395061728395062
0 0.6583333333333333 0.24320987654320989 0.03333333333333333 0.09135802469135802
2 0.49236111111111114 0.6728395061728395 0.11805555555555557 0.145679012345679
1 0.63125 0.9 0.06805555555555556 0.145679012345679
1 0.7263888888888889 0.9222222222222222 0.08055555555555556 0.15061728395061727
1 0.7583333333333334 0.7962962962962963 0.07777777777777778 0.15061728395061727
1 0.8444444444444444 0.4901234567901234 0.05 0.0962962962962963
1 0.06875 0.6839506172839506 0.10138888888888889 0.12345679012345678
1 0.19444444444444445 0.7308641975308642 0.06666666666666667 0.10864197530864197
