0 0.39583333333333337 0.11604938271604938 0.19166666666666668 0.2271604938271605
0 0.1736111111111111 0.27037037037037037 0.10833333333333334 0.17530864197530863
0 0.5305555555555556 0.5925925925925926 0.08611111111111111 0.16790123456790124
0 0.3826388888888889 0.8123456790123457 0.0763888888888889 0.1580246913580247
0 0.46597222222222223 0.7691358024691358 0.08194444444444444 0.145679012345679
0 0.12222222222222223 0.9111111111111111 0.09722222222222222 0.1037037037037037
0 0.4569444444444445 0.35061728395061725 0.0638888888888889 0.11358024691358025
2 0.5618055555555556 0.345679012345679 0.07083333333333333 0.21728395061728395
1 0.7944444444444445 0.5876543209876544 0.1 0.13333333333333333
1 0.9576388888888889 0.8938271604938272 0.08750000000000001 0.1728395061728395
1 0.2826388888888889 0.9567901234567902 0.0625 0.08641975308641975
