0 0.18125 0.5888888888888889 0.09027777777777778 0.17530864197530863
0 0.275 0.774074074074074 0.1 0.17530864197530863
0 0.37777777777777777 0.5395061728395062 0.06666666666666667 0.1111111111111111
0 0.36458333333333337 0.32222222222222224 0.059722222222222225 0.10617283950617283
0 0.24791666666666667 0.5740740740740741 0.07916666666666666 0.11604938271604938
2 0.6972222222222223 0.2037037037037037 0.05555555555555556 0.15061728395061727
2 0.8451388888888889 0.8839506172839506 0.15972222222222224 0.23703703703703705
2 0.46597222222222223 0.7851851851851852 0.05416666666666667 0.18271604938271604
1 0.5083333333333333 0.7172839506172839 0.0638888888888889 0.1111111111111111
1 0.3527777777777778 0.7876543209876543 0.061111111111111116 0.11358024691358025
