2 0.4104166666666667 0.7604938271604939 0.10416666666666667 0.10864197530864197
2 0.37083333333333335 0.9666666666666667 0.09444444444444444 0.07160493827160494
2 0.6180555555555556 0.17530864197530863 0.05277777777777778 0.08395061728395062
2 0.8048611111111111 0.0962962962962963 0.11805555555555557 0.09382716049382715
2 0.08055555555555556 0.3148148148148148 0.10277777777777779 0.1654320987654321
2 0.24027777777777778 0.34074074074074073 0.04166666666666667 0.12839506172839507
2 0.11944444444444445 0.7481481481481481 0.09444444444444444 0.08395061728395062
1 0.35555555555555557 0.3148148148148148 0.06666666666666667 0.0962962962962963
1 0.30972222222222223 0.1876543209876543 0.05277777777777778 0.07407407407407407
1 0.12222222222222223 0.437037037037037 0.075 0.12839506172839507
1 0.15833333333333333 0.6555555555555556 0.058333333333333334 0.09135802469135802
1 0.02638888888888889 0.9395061728395061 0.05 0.1259259259259259
