0 0.26666666666666666 0.5950617283950617 0.0638888888888889 0.10864197530864197
0 0.034722222222222224 0.08518518518518518 0.05 0.06666666666666667
0 0.07222222222222223 0.20864197530864198 0.05277777777777778 0.0962962962962963
2 0.7680555555555556 0.8123456790123457 0.10833333333333334 0.24691358024691357
2 0.7097222222222223 0.554320987654321 0.075 0.09135802469135802
2 0.3548611111111111 0.3567901234567901 0.06527777777777778 0.14074074074074075
1 0.21736111111111112 0.42098765432098767 0.06805555555555556 0.08148148148148147
1 0.18541666666666667 0.48518518518518516 0.06527777777777778 0.09135802469135802
1 0.7180555555555556 0.7999999999999999 0.06944444444444445 0.13333333333333333
1 0.8270833333333334 0.7765432098765432 0.08472222222222223 0.14074074074074075
1 0.8395833333333333 0.9259259259259259 0.06805555555555556 0.10864197530864197
1 0.8472222222222222 0.4740740740740741 0.04166666666666667 0.07407407407407407
1 0.9680555555555556 0.3691358024691358 0.058333333333333334 0.08641975308641975
1 0.06319444444444444 0.6432098765432098 0.051388888888888894 0.07654320987654321
1 0.04722222222222222 0.3259259259259259 0.044444444444444446 0.05925925925925926
