0 0.28541666666666665 0.454320987654321 0.09305555555555556 0.1925925925925926
0 0.3576388888888889 0.7777777777777778 0.13194444444444445 0.26666666666666666
0 0.2388888888888889 0.19012345679012346 0.058333333333333334 0.09876543209876543
0 0.17430555555555557 0.28271604938271605 0.059722222222222225 0.1308641975308642
0 0.07430555555555556 0.4469135802469136 0.13472222222222222 0.23209876543209876
0 0.06736111111111111 0.8148148148148148 0.12916666666666668 0.3753086419753086
0 0.6 0.28641975308641976 0.08055555555555556 0.14814814814814814
0 0.6493055555555556 0.09999999999999999 0.04583333333333334 0.12098765432098765
2 0.5402777777777777 0.5 0.11944444444444445 0.12098765432098765
2 0.5125000000000001 0.6876543209876543 0.09166666666666667 0.15061728395061727
2 0.9569444444444445 0.3493827160493827 0.08888888888888889 0.14074074074074075
1 0.43333333333333335 0.31234567901234567 0.05277777777777778 0.10617283950617283
