0 0.3590277777777778 0.1469135802469136 0.08750000000000001 0.1111111111111111
0 0.3854166666666667 0.345679012345679 0.09305555555555556 0.16296296296296295
2 0.820138888888889 0.24691358024691357 0.0763888888888889 0.1037037037037037
2 0.74375 0.35802469135802467 0.09305555555555556 0.08888888888888889
2 0.5069444444444444 0.9160493827160494 0.15555555555555556 0.12345679012345678
2 0.8430555555555556 0.8506172839506173 0.08333333333333334 0.1654320987654321
2 0.58125 0.4382716049382716 0.043055555555555555 0.19999999999999998
1 0.69375 0.5259259259259259 0.07361111111111111 0.09382716049382715
1 0.7527777777777778 0.48148148148148145 0.07777777777777778 0.09382716049382715
1 0.9041666666666667 0.4246913580246913 0.08055555555555556 0.12839506172839507
1 0.8569444444444445 0.3358024691358025 0.058333333333333334 0.07407407407407407
1 0.15486111111111112 0.04814814814814815 0.04583333333333334 0.06666666666666667
1 0.45625000000000004 0.14444444444444443 0.04027777777777778 0.056790123456790124
1 0.6131944444444445 0.21358024691358024 0.04861111111111111 0.06666666666666667
