0 0.3277777777777778 0.10123456790123457 0.07222222222222223 0.12839506172839507
2 0.36180555555555555 0.5246913580246914 0.10972222222222222 0.08641975308641975
2 0.32569444444444445 0.7320987654320987 0.07916666666666666 0.24444444444444444
2 0.41111111111111115 0.6666666666666666 0.09444444444444444 0.15308641975308643
2 0.6055555555555556 0.24320987654320989 0.058333333333333334 0.08641975308641975
2 0.6 0.5469135802469136 0.07222222222222223 0.0962962962962963
2 0.8659722222222223 0.7975308641975308 0.08194444444444444 0.10864197530864197
1 0.22222222222222224 0.7308641975308642 0.09722222222222222 0.1382716049382716
1 0.5506944444444445 0.3382716049382716 0.04861111111111111 0.05925925925925926
1 0.6 0.32839506172839505 0.061111111111111116 0.07407407407407407
1 0.9041666666666667 0.5975308641975309 0.09444444444444444 0.11851851851851852
1 0.8451388888888889 0.45555555555555555 0.07361111111111111 0.1111111111111111
1 0.7180555555555556 0.3296296296296296 0.061111111111111116 0.08148148148148147
1 0.43472222222222223 0.06666666666666667 0.04722222222222222 0.08395061728395062
