0 0.3909722222222222 0.5901234567901235 0.059722222222222225 0.10864197530864197
0 0.7111111111111111 0.22962962962962963 0.05555555555555556 0.07901234567901234
0 0.7138888888888889 0.3567901234567901 0.05 0.0962962962962963
2 0.7416666666666667 0.8814814814814814 0.07222222222222223 0.2222222222222222
2 0.7541666666666667 0.6975308641975309 0.09444444444444444 0.07654320987654321
2 0.8361111111111111 0.8864197530864197 0.09166666666666667 0.2222222222222222
1 0.1625 0.6 0.08611111111111111 0.12345679012345678
1 0.15416666666666667 0.35061728395061725 0.07222222222222223 0.08888888888888889
1 0.48125 0.8481481481481481 0.08194444444444444 0.1111111111111111
1 0.6479166666666667 0.8469135802469135 0.0763888888888889 0.10864197530864197
1 0.9541666666666667 0.5555555555555556 0.07222222222222223 0.07901234567901234
