0 0.3354166666666667 0.3432098765432099 0.0763888888888889 0.15308641975308643
0 0.23750000000000002 0.1728395061728395 0.05 0.09382716049382715
0 0.4305555555555556 0.1567901234567901 0.04166666666666667 0.09135802469135802
0 0.45416666666666666 0.42098765432098767 0.05555555555555556 0.0962962962962963
0 0.5777777777777778 0.5679012345679012 0.05555555555555556 0.11358024691358025
0 0.43125 0.9222222222222222 0.059722222222222225 0.1308641975308642
0 0.4729166666666667 0.671604938271605 0.05694444444444444 0.13333333333333333
0 0.4902777777777778 0.345679012345679 0.030555555555555558 0.07901234567901234
0 0.29583333333333334 0.5382716049382716 0.07777777777777778 0.12839506172839507
0 0.125 0.7592592592592592 0.06666666666666667 0.12098765432098765
0 0.6 0.41604938271604935 0.03333333333333333 0.07160493827160494
2 0.8222222222222223 0.8716049382716049 0.075 0.05925925925925926
1 0.6131944444444445 0.6432098765432098 0.051388888888888894 0.0962962962962963
1 0.9298611111111111 0.7086419753086419 0.07083333333333333 0.08888888888888889
1 0.8347222222222223 0.6604938271604938 0.04722222222222222 0.08148148148148147
