0 0.5111111111111112 0.5098765432098765 0.07222222222222223 0.1111111111111111
0 0.5750000000000001 0.408641975308642 0.0638888888888889 0.08148148148148147
0 0.64375 0.5074074074074074 0.07083333333333333 0.12098765432098765
0 0.6798611111111111 0.23950617283950618 0.05416666666666667 0.08395061728395062
0 0.6694444444444445 0.18888888888888888 0.05555555555555556 0.07654320987654321
0 0.7194444444444444 0.21358024691358024 0.04722222222222222 0.09135802469135802
0 0.5388888888888889 0.17777777777777778 0.06666666666666667 0.08395061728395062
2 0.6444444444444445 0.7160493827160493 0.061111111111111116 0.12839506172839507
1 0.61875 0.42839506172839503 0.034722222222222224 0.056790123456790124
1 0.5222222222222223 0.42839506172839503 0.0638888888888889 0.07654320987654321
1 0.4527777777777778 0.5592592592592592 0.05555555555555556 0.08641975308641975
1 0.45625000000000004 0.6382716049382716 0.05694444444444444 0.06666666666666667
1 0.36458333333333337 0.5172839506172839 0.0625 0.10617283950617283
