0 0.24583333333333335 0.6308641975308642 0.09722222222222222 0.15061728395061727
0 0.36875 0.4419753086419753 0.08472222222222223 0.14320987654320988
0 0.4048611111111111 0.33209876543209876 0.05694444444444444 0.0962962962962963
0 0.4666666666666667 0.32469135802469135 0.04166666666666667 0.09135802469135802
0 0.5097222222222222 0.34814814814814815 0.05555555555555556 0.12839506172839507
0 0.5840277777777778 0.3888888888888889 0.05694444444444444 0.13580246913580246
0 0.5541666666666667 0.7790123456790123 0.11388888888888889 0.20493827160493827
0 0.50625 0.11851851851851852 0.04583333333333334 0.08888888888888889
0 0.58125 0.13333333333333333 0.043055555555555555 0.09876543209876543
0 0.6229166666666667 0.22469135802469134 0.034722222222222224 0.08395061728395062
1 0.5388888888888889 0.9308641975308641 0.1 0.12839506172839507
