0 0.14166666666666666 0.24691358024691357 0.11944444444444445 0.16296296296296295
0 0.7909722222222223 0.5395061728395062 0.07916666666666666 0.1308641975308642
0 0.9555555555555556 0.3567901234567901 0.0638888888888889 0.10617283950617283
0 0.61875 0.30246913580246915 0.04861111111111111 0.08641975308641975
0 0.5930555555555556 0.05555555555555555 0.061111111111111116 0.09135802469135802
2 0.6895833333333333 0.7246913580246913 0.09027777777777778 0.15061728395061727
2 0.5930555555555556 0.9481481481481482 0.058333333333333334 0.10864197530864197
1 0.11666666666666667 0.8592592592592593 0.12222222222222223 0.1382716049382716
1 0.12986111111111112 0.7765432098765432 0.06527777777777778 0.056790123456790124
1 0.15 0.6728395061728395 0.08611111111111111 0.09135802469135802
1 0.42083333333333334 0.7197530864197531 0.07777777777777778 0.10123456790123457
1 0.23125 0.9629629629629629 0.07916666666666666 0.07901234567901234
1 0.7569444444444444 0.8691358024691358 0.061111111111111116 0.08888888888888889
1 0.7083333333333334 0.35061728395061725 0.05 0.06419753086419754
