0 0.6104166666666667 0.32839506172839505 0.09027777777777778 0.16296296296296295
0 0.6180555555555556 0.508641975308642 0.075 0.17777777777777778
0 0.7381944444444445 0.1469135802469136 0.09583333333333334 0.1308641975308642
2 0.6777777777777778 0.4641975308641975 0.10833333333333334 0.1382716049382716
2 0.63125 0.18641975308641975 0.09305555555555556 0.1308641975308642
2 0.7208333333333333 0.26666666666666666 0.0638888888888889 0.1037037037037037
2 0.5743055555555556 0.8135802469135802 0.0763888888888889 0.11604938271604938
1 0.6965277777777779 0.35555555555555557 0.08750000000000001 0.12345679012345678
1 0.7340277777777778 0.43209876543209874 0.08194444444444444 0.11358024691358025
1 0.9444444444444445 0.34814814814814815 0.11388888888888889 0.14814814814814814
1 0.5951388888888889 0.9259259259259259 0.12361111111111112 0.14320987654320988
