0 0.5840277777777778 0.9320987654320988 0.07361111111111111 0.13580246913580246
0 0.6402777777777778 0.8567901234567901 0.08333333333333334 0.12839506172839507
0 0.8555555555555556 0.42962962962962964 0.08333333333333334 0.15308641975308643
0 0.675 0.47530864197530864 0.0638888888888889 0.10617283950617283
0 0.6208333333333333 0.3469135802469136 0.07222222222222223 0.1111111111111111
0 0.7076388888888889 0.08024691358024691 0.05694444444444444 0.10123456790123457
2 0.325 0.42098765432098767 0.08055555555555556 0.0962962962962963
2 0.23472222222222222 0.22839506172839505 0.05 0.10123456790123457
2 0.3402777777777778 0.10123456790123457 0.06944444444444445 0.08395061728395062
2 0.47708333333333336 0.9555555555555555 0.07361111111111111 0.08888888888888889
