1 0.39895833333333336 0.95 0.13333333333333333 0.1
1 0.6075520833333333 0.8351851851851851 0.14427083333333332 0.25925925925925924
1 0.73359375 0.8171296296296297 0.11510416666666666 0.262037037037037
1 0.6619791666666667 0.6171296296296296 0.12916666666666668 0.23796296296296296
1 0.34869791666666666 0.43194444444444446 0.11197916666666667 0.13425925925925927
1 0.26145833333333335 0.15555555555555556 0.13125 0.18333333333333332
1 0.10989583333333333 0.2726851851851852 0.128125 0.15648148148148147
3 0.5169270833333334 0.8888888888888888 0.13072916666666667 0.2222222222222222
0 0.5455729166666666 0.48657407407407405 0.17135416666666667 0.14537037037037037
0 0.2986979166666667 0.3425925925925926 0.1390625 0.24444444444444444
