0 0.5447916666666667 0.10462962962962963 0.023958333333333335 0.06666666666666667
3 0.4388020833333333 0.1175925925925926 0.03802083333333333 0.05740740740740741
3 0.7916666666666666 0.8435185185185186 0.053125 0.053703703703703705
3 0.42239583333333336 0.3861111111111111 0.034375 0.053703703703703705
3 0.48723958333333334 0.36666666666666664 0.04114583333333333 0.06111111111111111
3 0.4986979166666667 0.29768518518518516 0.050520833333333334 0.08055555555555556
3 0.4205729166666667 0.31296296296296294 0.027604166666666666 0.04814814814814815
3 0.6049479166666667 0.3111111111111111 0.06614583333333333 0.09444444444444444
3 0.6966145833333334 0.17083333333333334 0.07552083333333333 0.10648148148148148
3 0.5703125 0.09305555555555556 0.046875 0.08981481481481482
3 0.5106770833333333 0.028703703703703703 0.06822916666666666 0.053703703703703705
3 0.05703125 0.2388888888888889 0.11302083333333333 0.10740740740740741
1 0.64765625 0.8939814814814815 0.0296875 0.03425925925925926
1 0.6158854166666666 0.874537037037037 0.0234375 0.028703703703703703
1 0.5510416666666667 0.9055555555555556 0.01875 0.025925925925925925
1 0.3809895833333333 0.975462962962963 0.018229166666666668 0.023148148148148147
1 0.34088541666666666 0.9847222222222223 0.025520833333333333 0.030555555555555555
1 0.29635416666666664 0.9740740740740741 0.03333333333333333 0.044444444444444446
1 0.2453125 0.9824074074074074 0.03333333333333333 0.03518518518518519
1 0.14401041666666667 0.9856481481481482 0.05364583333333333 0.028703703703703703
1 0.13359375 0.9587962962962963 0.0359375 0.041666666666666664
1 0.5200520833333333 0.887962962962963 0.0328125 0.040740740740740744
1 0.5973958333333333 0.8439814814814814 0.040625 0.058333333333333334
1 0.48072916666666665 0.8643518518518518 0.040625 0.058333333333333334
1 0.446875 0.9212962962962963 0.03229166666666667 0.037037037037037035
1 0.7361979166666667 0.8379629629629629 0.0359375 0.05
1 0.7091145833333333 0.787962962962963 0.04635416666666667 0.05925925925925926
1 0.421875 0.7555555555555555 0.035416666666666666 0.046296296296296294
1 0.4700520833333333 0.7222222222222222 0.0515625 0.07407407407407407
1 0.6888020833333334 0.649537037037037 0.0703125 0.08611111111111111
1 0.9471354166666667 0.4115740740740741 0.10572916666666667 0.09907407407407408
1 0.8395833333333333 0.6509259259259259 0.04791666666666667 0.044444444444444446
1 0.725 0.4648148148148148 0.075 0.09444444444444444
1 0.61796875 0.5944444444444444 0.06197916666666667 0.08703703703703704
1 0.5143229166666666 0.5879629629629629 0.07760416666666667 0.11666666666666667
1 0.37942708333333336 0.5694444444444444 0.05572916666666667 0.07962962962962963
1 0.32864583333333336 0.6148148148148148 0.046875 0.053703703703703705
1 0.2869791666666667 0.4976851851851852 0.07708333333333334 0.09722222222222222
1 0.08619791666666667 0.49074074074074076 0.09010416666666667 0.09074074074074075
1 0.078125 0.36944444444444446 0.13854166666666667 0.13333333333333333
1 0.04296875 0.1175925925925926 0.08385416666666666 0.13518518518518519
3 0.4328125 0.6611111111111111 0.035416666666666666 0.06481481481481481
