1 0.9526041666666667 0.06712962962962964 0.090625 0.1287037037037037
1 0.7385416666666667 0.6976851851851852 0.05416666666666667 0.10277777777777777
1 0.3645833333333333 0.5833333333333334 0.10104166666666667 0.17222222222222222
1 0.45 0.5689814814814815 0.08229166666666667 0.1398148148148148
1 0.3971354166666667 0.4601851851851852 0.08072916666666667 0.1425925925925926
1 0.4947916666666667 0.2828703703703704 0.06041666666666667 0.1175925925925926
1 0.66015625 0.36712962962962964 0.07447916666666667 0.12314814814814815
1 0.70546875 0.4671296296296296 0.06927083333333334 0.1175925925925926
1 0.7934895833333333 0.4615740740740741 0.07864583333333333 0.13240740740740742
1 0.93828125 0.35138888888888886 0.0765625 0.10277777777777777
