3 0.35260416666666666 0.12731481481481483 0.052083333333333336 0.07314814814814814
1 0.49505208333333334 0.5041666666666667 0.0765625 0.12685185185185185
1 0.4296875 0.48935185185185187 0.0625 0.11944444444444445
1 0.39140625 0.4185185185185185 0.0578125 0.09074074074074075
1 0.3575520833333333 0.3597222222222222 0.05677083333333333 0.09166666666666666
1 0.33567708333333335 0.27175925925925926 0.0515625 0.08981481481481482
1 0.29609375 0.2449074074074074 0.0484375 0.08981481481481482
1 0.2375 0.3189814814814815 0.06041666666666667 0.08425925925925926
1 0.21848958333333332 0.2310185185185185 0.0828125 0.11388888888888889
1 0.08776041666666666 0.03888888888888889 0.10260416666666666 0.07592592592592592
1 0.6466145833333333 0.7550925925925925 0.07760416666666667 0.11018518518518519
1 0.6341145833333334 0.5958333333333333 0.08489583333333334 0.15648148148148147
1 0.5619791666666667 0.6537037037037037 0.08125 0.1537037037037037
1 0.50390625 0.7814814814814814 0.0703125 0.12037037037037036
1 0.36380208333333336 0.6782407407407407 0.07239583333333334 0.11018518518518519
1 0.18020833333333333 0.6263888888888889 0.09791666666666667 0.11574074074074074
1 0.05677083333333333 0.7425925925925926 0.1125 0.12222222222222222
3 0.4393229166666667 0.37777777777777777 0.05572916666666667 0.11481481481481481
3 0.36328125 0.04722222222222222 0.09739583333333333 0.08703703703703704
3 0.6760416666666667 0.0875 0.08229166666666667 0.09907407407407408
3 0.8036458333333333 0.8425925925925926 0.10416666666666667 0.14629629629629629
3 0.24739583333333334 0.9300925925925926 0.11145833333333334 0.1398148148148148
3 0.5520833333333334 0.9685185185185186 0.07291666666666667 0.06296296296296296
0 0.59921875 0.8689814814814815 0.06197916666666667 0.175
