1 0.9609375 0.040740740740740744 0.078125 0.07962962962962963
1 0.9403645833333333 0.6041666666666666 0.0703125 0.09166666666666666
1 0.8091145833333333 0.6337962962962963 0.0828125 0.1175925925925926
1 0.6763020833333333 0.3726851851851852 0.10572916666666667 0.1175925925925926
1 0.14739583333333334 0.17314814814814813 0.06979166666666667 0.09444444444444444
1 0.043229166666666666 0.2375 0.08541666666666667 0.1398148148148148
1 0.51875 0.7935185185185185 0.06458333333333334 0.08518518518518518
1 0.3640625 0.7675925925925926 0.10416666666666667 0.10925925925925926
3 0.31744791666666666 0.5541666666666667 0.1296875 0.18055555555555555
3 0.25286458333333334 0.6759259259259259 0.11822916666666666 0.18518518518518517
3 0.18229166666666666 0.9074074074074074 0.12083333333333333 0.14629629629629629
3 0.9700520833333334 0.5407407407407407 0.059895833333333336 0.12407407407407407
3 0.9765625 0.812962962962963 0.046875 0.12962962962962962
3 0.9729166666666667 0.3416666666666667 0.05416666666666667 0.13518518518518519
3 0.6252604166666667 0.04814814814814815 0.0703125 0.09444444444444444
3 0.6065104166666667 0.3699074074074074 0.07760416666666667 0.11574074074074074
3 0.43776041666666665 0.23842592592592593 0.0640625 0.10833333333333334
3 0.26171875 0.23564814814814813 0.0890625 0.10462962962962963
3 0.21796875 0.45925925925925926 0.09427083333333333 0.13333333333333333
3 0.13541666666666666 0.5203703703703704 0.11666666666666667 0.18518518518518517
3 0.09505208333333333 0.7518518518518519 0.13802083333333334 0.14444444444444443
