3 0.5723958333333333 0.2037037037037037 0.03958333333333333 0.05740740740740741
3 0.3346354166666667 0.5416666666666666 0.05260416666666667 0.08518518518518518
3 0.18645833333333334 0.7638888888888888 0.06666666666666667 0.08888888888888889
3 0.27838541666666666 0.7518518518518519 0.07135416666666666 0.08888888888888889
3 0.2916666666666667 0.8847222222222222 0.05 0.07685185185185185
3 0.43828125 0.5791666666666667 0.059895833333333336 0.08981481481481482
3 0.5018229166666667 0.25462962962962965 0.10885416666666667 0.17962962962962964
3 0.7169270833333333 0.20601851851851852 0.0484375 0.07685185185185185
3 0.8388020833333333 0.08611111111111111 0.05260416666666667 0.07962962962962963
1 0.05234375 0.9824074074074074 0.0734375 0.03518518518518519
1 0.19348958333333333 0.8578703703703704 0.08697916666666666 0.09351851851851851
1 0.23307291666666666 0.6550925925925926 0.07447916666666667 0.11574074074074074
1 0.33489583333333334 0.8 0.08229166666666667 0.1111111111111111
1 0.3416666666666667 0.8569444444444444 0.05520833333333333 0.05092592592592592
1 0.38776041666666666 0.8870370370370371 0.0484375 0.06481481481481481
1 0.44765625 0.9259259259259259 0.05572916666666667 0.09259259259259259
1 0.503125 0.5898148148148148 0.08229166666666667 0.10925925925925926
1 0.6153645833333333 0.5768518518518518 0.09010416666666667 0.12037037037037036
1 0.7765625 0.8018518518518518 0.12395833333333334 0.11666666666666667
1 0.76171875 0.30416666666666664 0.0953125 0.08796296296296297
1 0.78515625 0.18518518518518517 0.11197916666666667 0.1259259259259259
1 0.9309895833333334 0.5587962962962963 0.13802083333333334 0.1287037037037037
1 0.9231770833333334 0.4375 0.15364583333333334 0.1175925925925926
1 0.8651041666666667 0.2324074074074074 0.10729166666666666 0.12037037037037036
1 0.93671875 0.3074074074074074 0.1265625 0.12037037037037036
1 0.8713541666666667 0.12407407407407407 0.051041666666666666 0.08148148148148149
