1 0.06640625 0.07268518518518519 0.13177083333333334 0.14351851851851852
1 0.06796875 0.3768518518518518 0.13489583333333333 0.14814814814814814
3 0.0359375 0.2726851851851852 0.07083333333333333 0.09351851851851851
3 0.296875 0.8333333333333334 0.09270833333333334 0.12777777777777777
3 0.11640625 0.8046296296296296 0.09010416666666667 0.08518518518518518
3 0.18020833333333333 0.5930555555555556 0.07083333333333333 0.08611111111111111
3 0.35234375 0.2833333333333333 0.0859375 0.07592592592592592
3 0.24895833333333334 0.13657407407407407 0.0875 0.1287037037037037
3 0.33125 0.04398148148148148 0.078125 0.08611111111111111
3 0.33125 0.1527777777777778 0.09375 0.13148148148148148
3 0.41692708333333334 0.25555555555555554 0.05364583333333333 0.07222222222222222
1 0.6796875 0.6726851851851852 0.04375 0.075
1 0.6528645833333333 0.6550925925925926 0.03697916666666667 0.06388888888888888
1 0.68359375 0.024074074074074074 0.0359375 0.044444444444444446
1 0.6544270833333333 0.08842592592592592 0.03177083333333333 0.05277777777777778
1 0.6940104166666666 0.13240740740740742 0.022395833333333334 0.04259259259259259
1 0.74609375 0.11342592592592593 0.0203125 0.032407407407407406
1 0.74375 0.14537037037037037 0.016666666666666666 0.025925925925925925
3 0.6671875 0.05277777777777778 0.022916666666666665 0.03148148148148148
3 0.7307291666666667 0.12037037037037036 0.021875 0.02962962962962963
3 0.7294270833333333 0.14814814814814814 0.021354166666666667 0.02962962962962963
3 0.7596354166666667 0.21064814814814814 0.0171875 0.03425925925925926
1 0.78203125 0.1875 0.024479166666666666 0.03796296296296296
1 0.7263020833333333 0.18981481481481483 0.011979166666666667 0.022222222222222223
3 0.7859375 0.22361111111111112 0.023958333333333335 0.03425925925925926
3 0.87265625 0.3050925925925926 0.030729166666666665 0.041666666666666664
1 0.8216145833333334 0.25787037037037036 0.0171875 0.030555555555555555
1 0.8455729166666667 0.24953703703703703 0.021354166666666667 0.030555555555555555
1 0.83125 0.2833333333333333 0.020833333333333332 0.027777777777777776
1 0.8190104166666666 0.3287037037037037 0.0203125 0.03148148148148148
1 0.75703125 0.262037037037037 0.021354166666666667 0.03333333333333333
1 0.7309895833333333 0.24166666666666667 0.030729166666666665 0.053703703703703705
1 0.7942708333333334 0.1111111111111111 0.014583333333333334 0.025925925925925925
3 0.8901041666666667 0.3731481481481482 0.023958333333333335 0.037037037037037035
3 0.9138020833333333 0.4217592592592593 0.022395833333333334 0.03796296296296296
3 0.9434895833333333 0.5092592592592593 0.024479166666666666 0.05
3 0.9942708333333333 0.4675925925925926 0.011458333333333333 0.03333333333333333
3 0.9877604166666667 0.5125 0.024479166666666666 0.05462962962962963
3 0.9611979166666667 0.425462962962963 0.04010416666666667 0.06388888888888888
1 0.9184895833333333 0.38657407407407407 0.0296875 0.03611111111111111
1 0.9700520833333334 0.38101851851851853 0.033854166666666664 0.041666666666666664
1 0.7502604166666667 0.34305555555555556 0.043229166666666666 0.04722222222222222
3 0.7768229166666667 0.3365740740740741 0.025520833333333333 0.025
3 0.7393229166666667 0.44305555555555554 0.03802083333333333 0.05462962962962963
1 0.6778645833333333 0.350462962962963 0.033854166666666664 0.04537037037037037
1 0.9421875 0.6037037037037037 0.05 0.06481481481481481
1 0.88984375 0.7138888888888889 0.0515625 0.06666666666666667
3 0.8458333333333333 0.6995370370370371 0.04791666666666667 0.062037037037037036
3 0.6489583333333333 0.21435185185185185 0.026041666666666668 0.05277777777777778
3 0.6091145833333333 0.2574074074074074 0.027604166666666666 0.09074074074074075
1 0.6322916666666667 0.25277777777777777 0.035416666666666666 0.06296296296296296
1 0.5830729166666667 0.3449074074074074 0.049479166666666664 0.07685185185185185
1 0.66953125 0.4726851851851852 0.04739583333333333 0.0824074074074074
1 0.6510416666666666 0.5125 0.03333333333333333 0.062037037037037036
1 0.7791666666666667 0.5958333333333333 0.06041666666666667 0.09722222222222222
3 0.7276041666666667 0.5861111111111111 0.05416666666666667 0.09814814814814815
3 0.6919270833333333 0.5916666666666667 0.0515625 0.08703703703703704
3 0.721875 0.6537037037037037 0.034375 0.06296296296296296
3 0.5973958333333333 0.5699074074074074 0.027083333333333334 0.062037037037037036
3 0.6203125 0.39861111111111114 0.029166666666666667 0.09166666666666666
3 0.5864583333333333 0.6861111111111111 0.05520833333333333 0.08518518518518518
3 0.49765625 0.3763888888888889 0.06302083333333333 0.125
1 0.6622395833333333 0.5805555555555556 0.03802083333333333 0.05740740740740741
1 0.6401041666666667 0.6074074074074074 0.041666666666666664 0.09074074074074075
1 0.5515625 0.4898148148148148 0.07708333333333334 0.13148148148148148
1 0.446875 0.7546296296296297 0.07604166666666666 0.11851851851851852
