3 0.6958333333333333 0.8342592592592593 0.08541666666666667 0.1259259259259259
3 0.6091145833333333 0.6240740740740741 0.0984375 0.14814814814814814
3 0.6447916666666667 0.4449074074074074 0.08125 0.13240740740740742
3 0.5309895833333333 0.6365740740740741 0.04010416666666667 0.07685185185185185
1 0.7950520833333333 0.85 0.07239583333333334 0.08518518518518518
1 0.8171875 0.32037037037037036 0.153125 0.1814814814814815
1 0.6247395833333333 0.7361111111111112 0.06614583333333333 0.10740740740740741
1 0.5549479166666667 0.55 0.058854166666666666 0.11851851851851852
1 0.4744791666666667 0.7305555555555555 0.040625 0.08148148148148149
1 0.44375 0.6518518518518519 0.046875 0.08518518518518518
1 0.41822916666666665 0.562037037037037 0.041666666666666664 0.09444444444444444
