2 0.529296875 0.06180555555555556 0.02265625 0.03657407407407407
0 0.458984375 0.08356481481481481 0.03307291666666667 0.03935185185185185
0 0.5302083333333333 0.1701388888888889 0.03229166666666667 0.04490740740740741
0 0.48411458333333335 0.2263888888888889 0.021354166666666667 0.03518518518518519
1 0.08098958333333334 0.8101851851851852 0.0546875 0.06759259259259259
1 0.24283854166666666 0.6287037037037037 0.047135416666666666 0.07222222222222222
1 0.27421875 0.5537037037037037 0.034895833333333334 0.07314814814814814
1 0.30130208333333336 0.6270833333333333 0.0375 0.06898148148148148
1 0.35989583333333336 0.7377314814814815 0.04635416666666667 0.07916666666666666
1 0.366796875 0.6092592592592593 0.03411458333333333 0.07685185185185185
1 0.37552083333333336 0.5428240740740741 0.034895833333333334 0.07453703703703704
1 0.440625 0.4081018518518518 0.04375 0.07824074074074074
0 0.34869791666666666 0.3594907407407407 0.029166666666666667 0.10231481481481482
0 0.469921875 0.49236111111111114 0.05755208333333333 0.05416666666666667
2 0.7747395833333334 0.6689814814814815 0.042708333333333334 0.06111111111111111
3 0.5895833333333333 0.788425925925926 0.059375 0.09074074074074075
2 0.3893229166666667 0.2847222222222222 0.0265625 0.03333333333333333
