0 0.19869791666666667 0.44722222222222224 0.026041666666666668 0.07592592592592592
2 0.7700520833333333 0.0625 0.0265625 0.03796296296296296
2 0.351953125 0.7280092592592593 0.04453125 0.07083333333333333
2 0.5002604166666667 0.36550925925925926 0.03802083333333333 0.055092592592592596
3 0.687890625 0.14282407407407408 0.06640625 0.08842592592592592
0 0.4127604166666667 0.2652777777777778 0.0296875 0.049074074074074076
0 0.4705729166666667 0.2011574074074074 0.027604166666666666 0.056018518518518516
0 0.39231770833333335 0.38587962962962963 0.05807291666666667 0.056018518518518516
0 0.5024739583333333 0.631712962962963 0.04244791666666667 0.06620370370370371
0 0.5611979166666666 0.5412037037037037 0.065625 0.06666666666666667
1 0.5151041666666667 0.9627314814814815 0.0765625 0.07453703703703704
3 0.8059895833333334 0.027777777777777776 0.084375 0.05462962962962963
0 0.9279947916666667 0.63125 0.06640625 0.08842592592592592
2 0.38645833333333335 0.6266203703703703 0.04114583333333333 0.06805555555555555
2 0.40377604166666664 0.6564814814814814 0.04140625 0.07222222222222222
