3 0.405078125 0.4546296296296296 0.03619791666666667 0.07222222222222222
3 0.5893229166666667 0.8048611111111111 0.021354166666666667 0.0412037037037037
3 0.6290364583333333 0.8319444444444445 0.028385416666666666 0.05648148148148148
3 0.703125 0.8599537037037037 0.059375 0.08935185185185185
2 0.9143229166666667 0.9168981481481482 0.0484375 0.07453703703703704
2 0.8766927083333333 0.07685185185185185 0.03619791666666667 0.04351851851851852
2 0.6690104166666667 0.24027777777777778 0.03229166666666667 0.03796296296296296
3 0.39674479166666665 0.9321759259259259 0.04765625 0.11712962962962963
3 0.47760416666666666 0.8715277777777778 0.0703125 0.24768518518518517
0 0.44192708333333336 0.8319444444444445 0.03854166666666667 0.049074074074074076
2 0.36966145833333336 0.7784722222222222 0.01953125 0.0412037037037037
2 0.3751302083333333 0.8405092592592592 0.027864583333333335 0.034722222222222224
1 0.292578125 0.5078703703703704 0.017447916666666667 0.037037037037037035
1 0.30611979166666664 0.5423611111111111 0.02109375 0.055092592592592596
1 0.292578125 0.5851851851851851 0.020052083333333335 0.03796296296296296
1 0.30182291666666666 0.6270833333333333 0.019270833333333334 0.04583333333333333
1 0.32734375 0.5784722222222223 0.01875 0.04675925925925926
1 0.34036458333333336 0.5039351851851852 0.023958333333333335 0.04212962962962963
1 0.357421875 0.5192129629629629 0.023177083333333334 0.0412037037037037
1 0.351171875 0.6064814814814815 0.02109375 0.04351851851851852
1 0.3416666666666667 0.6576388888888889 0.021354166666666667 0.05416666666666667
1 0.323828125 0.6918981481481481 0.028385416666666666 0.05138888888888889
1 0.357421875 0.7430555555555556 0.023177083333333334 0.05740740740740741
1 0.3815104166666667 0.7104166666666667 0.027604166666666666 0.04953703703703704
1 0.37356770833333336 0.6581018518518519 0.028385416666666666 0.059722222222222225
1 0.38372395833333334 0.6048611111111111 0.02578125 0.05138888888888889
1 0.41575520833333335 0.5849537037037037 0.02890625 0.055092592592592596
1 0.42096354166666666 0.6442129629629629 0.02265625 0.050462962962962966
1 0.418359375 0.700462962962963 0.02890625 0.05462962962962963
1 0.44635416666666666 0.7016203703703704 0.03229166666666667 0.06435185185185185
1 0.45807291666666666 0.7516203703703703 0.0296875 0.056018518518518516
1 0.47799479166666664 0.5819444444444445 0.028385416666666666 0.05648148148148148
1 0.5434895833333333 0.6416666666666667 0.03958333333333333 0.06759259259259259
1 0.507421875 0.6604166666666667 0.02265625 0.0412037037037037
1 0.4828125 0.4701388888888889 0.035416666666666666 0.07361111111111111
1 0.5018229166666667 0.5256944444444445 0.025520833333333333 0.04675925925925926
1 0.5282552083333333 0.49722222222222223 0.03619791666666667 0.07222222222222222
1 0.5177083333333333 0.41782407407407407 0.0328125 0.0699074074074074
1 0.5786458333333333 0.51875 0.04114583333333333 0.0837962962962963
1 0.6015625 0.4722222222222222 0.034375 0.06666666666666667
1 0.686328125 0.3951388888888889 0.04505208333333333 0.0837962962962963
0 0.44895833333333335 0.6048611111111111 0.0359375 0.0587962962962963
0 0.691796875 0.49930555555555556 0.05755208333333333 0.0699074074074074
0 0.616015625 0.29050925925925924 0.04244791666666667 0.08842592592592592
0 0.7911458333333333 0.06643518518518518 0.043229166666666666 0.03657407407407407
0 0.7712239583333333 0.24189814814814814 0.020052083333333335 0.0412037037037037
0 0.8372395833333334 0.20578703703703705 0.0375 0.0587962962962963
