2 0.37473958333333335 0.4060185185185185 0.0296875 0.05277777777777778
1 0.44869791666666664 0.7372685185185185 0.0484375 0.07361111111111111
3 0.6109375 0.02939814814814815 0.04375 0.05787037037037037
0 0.40924479166666666 0.13287037037037036 0.02890625 0.03425925925925926
0 0.4493489583333333 0.08310185185185186 0.027864583333333335 0.04675925925925926
0 0.38450520833333335 0.2222222222222222 0.038802083333333334 0.04351851851851852
0 0.4850260416666667 0.3175925925925926 0.038802083333333334 0.04351851851851852
0 0.43997395833333336 0.38333333333333336 0.023177083333333334 0.03333333333333333
2 0.9298177083333333 0.9305555555555556 0.054947916666666666 0.07685185185185185
2 0.46380208333333334 0.20694444444444443 0.027083333333333334 0.03796296296296296
2 0.3319010416666667 0.4511574074074074 0.02890625 0.04027777777777778
0 0.47161458333333334 0.8125 0.0734375 0.15
0 0.2947916666666667 0.5458333333333333 0.027083333333333334 0.11481481481481481
0 0.45598958333333334 0.6747685185185185 0.05677083333333333 0.06805555555555555
1 0.3458333333333333 0.7453703703703703 0.04010416666666667 0.08703703703703704
1 0.4192708333333333 0.5912037037037037 0.04635416666666667 0.09074074074074075
3 0.076171875 0.6844907407407408 0.03619791666666667 0.07361111111111111
