1 0.35638020833333334 0.46782407407407406 0.023697916666666666 0.055092592592592596
1 0.3419270833333333 0.4527777777777778 0.021875 0.04814814814814815
3 0.40091145833333336 0.40185185185185185 0.03411458333333333 0.06574074074074074
2 0.656640625 0.18171296296296297 0.028385416666666666 0.03564814814814815
0 0.7770833333333333 0.01273148148148148 0.043229166666666666 0.024537037037037038
0 0.8221354166666667 0.1476851851851852 0.0328125 0.05740740740740741
0 0.75859375 0.1787037037037037 0.0234375 0.03888888888888889
0 0.6037760416666667 0.23333333333333334 0.04401041666666667 0.08148148148148149
0 0.675 0.4305555555555556 0.051041666666666666 0.06296296296296296
2 0.8338541666666667 0.788425925925926 0.043229166666666666 0.06296296296296296
1 0.296484375 0.6511574074074075 0.02265625 0.050462962962962966
1 0.318359375 0.6891203703703703 0.02890625 0.04398148148148148
1 0.360546875 0.6787037037037037 0.023177083333333334 0.04351851851851852
1 0.3260416666666667 0.6324074074074074 0.0265625 0.058333333333333334
1 0.344140625 0.5967592592592592 0.023697916666666666 0.049074074074074076
1 0.305859375 0.5777777777777777 0.028385416666666666 0.04814814814814815
1 0.29544270833333336 0.5319444444444444 0.022135416666666668 0.04814814814814815
1 0.32708333333333334 0.5310185185185186 0.021875 0.04814814814814815
1 0.34739583333333335 0.5571759259259259 0.025 0.0412037037037037
1 0.31028645833333335 0.49050925925925926 0.022135416666666668 0.04583333333333333
1 0.29739583333333336 0.4585648148148148 0.019270833333333334 0.03935185185185185
1 0.381640625 0.5467592592592593 0.027864583333333335 0.04814814814814815
1 0.3712239583333333 0.6078703703703704 0.02890625 0.05277777777777778
1 0.3834635416666667 0.649074074074074 0.025260416666666667 0.04814814814814815
1 0.4173177083333333 0.6375 0.02578125 0.05462962962962963
1 0.4415364583333333 0.6354166666666666 0.02265625 0.050462962962962966
1 0.41940104166666664 0.5881944444444445 0.023177083333333334 0.050462962962962966
1 0.4147135416666667 0.5303240740740741 0.028385416666666666 0.06527777777777778
0 0.44674479166666664 0.5432870370370371 0.027864583333333335 0.055092592592592596
1 0.473828125 0.524537037037037 0.02890625 0.053703703703703705
1 0.5251302083333333 0.5675925925925925 0.03984375 0.0712962962962963
1 0.4766927083333333 0.4127314814814815 0.04140625 0.07361111111111111
1 0.4947916666666667 0.4615740740740741 0.019270833333333334 0.03796296296296296
1 0.5192708333333333 0.4414351851851852 0.028125 0.07361111111111111
1 0.5109375 0.36342592592592593 0.034895833333333334 0.07592592592592592
1 0.5686197916666667 0.46041666666666664 0.03567708333333333 0.07453703703703704
1 0.5876302083333333 0.40694444444444444 0.03359375 0.06851851851851852
1 0.6701822916666667 0.3347222222222222 0.04505208333333333 0.07777777777777778
2 0.37799479166666666 0.76875 0.022135416666666668 0.031018518518518518
2 0.37356770833333336 0.7108796296296296 0.015364583333333333 0.03657407407407407
3 0.38125 0.8400462962962963 0.05416666666666667 0.11342592592592593
3 0.4537760416666667 0.7729166666666667 0.06640625 0.2273148148148148
3 0.6541666666666667 0.7442129629629629 0.04479166666666667 0.07824074074074074
3 0.586328125 0.7298611111111111 0.02578125 0.04490740740740741
3 0.551953125 0.7034722222222223 0.017447916666666667 0.02638888888888889
