3 0.45065104166666664 0.8416666666666667 0.02265625 0.04351851851851852
3 0.4954427083333333 0.843287037037037 0.03723958333333333 0.0699074074074074
2 0.40872395833333336 0.275 0.027864583333333335 0.03425925925925926
3 0.5795572916666667 0.7923611111111111 0.055989583333333336 0.08009259259259259
2 0.7673177083333333 0.6844907407407408 0.047135416666666666 0.06157407407407407
0 0.36419270833333334 0.35439814814814813 0.03046875 0.10324074074074074
1 0.45455729166666664 0.4 0.04453125 0.07777777777777778
1 0.388671875 0.5324074074074074 0.03307291666666667 0.06296296296296296
1 0.37799479166666666 0.5990740740740741 0.038802083333333334 0.07037037037037037
1 0.3651041666666667 0.7314814814814815 0.03229166666666667 0.062037037037037036
1 0.290234375 0.5354166666666667 0.038802083333333334 0.06620370370370371
1 0.31927083333333334 0.6122685185185185 0.034895833333333334 0.06898148148148148
1 0.26028645833333336 0.6076388888888888 0.04192708333333333 0.06157407407407407
1 0.098046875 0.7819444444444444 0.04140625 0.06851851851851852
1 0.05364583333333333 0.8502314814814815 0.03229166666666667 0.05416666666666667
0 0.47799479166666664 0.48333333333333334 0.05182291666666667 0.04259259259259259
0 0.5009114583333333 0.22453703703703703 0.020052083333333335 0.02962962962962963
0 0.549609375 0.1650462962962963 0.030989583333333334 0.03935185185185185
0 0.4803385416666667 0.07962962962962963 0.031510416666666666 0.03981481481481482
2 0.5473958333333333 0.05555555555555555 0.023958333333333335 0.04259259259259259
