2 0.37252604166666664 0.49074074074074076 0.03046875 0.05277777777777778
2 0.3619791666666667 0.46597222222222223 0.0296875 0.05416666666666667
2 0.46197916666666666 0.2636574074074074 0.0296875 0.04398148148148148
3 0.6201822916666667 0.07175925925925926 0.05234375 0.07222222222222222
0 0.7815104166666667 0.48148148148148145 0.03802083333333333 0.11481481481481481
1 0.43359375 0.7092592592592593 0.05677083333333333 0.10462962962962963
1 0.47408854166666664 0.8724537037037037 0.05286458333333333 0.10787037037037037
0 0.4967447916666667 0.93125 0.07630208333333334 0.1375
0 0.47799479166666664 0.8076388888888889 0.06171875 0.07916666666666666
0 0.398046875 0.18217592592592594 0.028385416666666666 0.03657407407407407
0 0.4432291666666667 0.13171296296296298 0.027083333333333334 0.055092592592592596
0 0.37604166666666666 0.2810185185185185 0.04114583333333333 0.04351851851851852
0 0.44778645833333336 0.46550925925925923 0.02578125 0.03935185185185185
0 0.494140625 0.3902777777777778 0.04505208333333333 0.049074074074074076
2 0.3279947916666667 0.5421296296296296 0.03307291666666667 0.05277777777777778
0 0.28958333333333336 0.6564814814814814 0.03229166666666667 0.14351851851851852
3 0.04296875 0.8083333333333333 0.040625 0.08055555555555556
2 0.6873697916666667 0.008796296296296297 0.023697916666666666 0.016666666666666666
