1 0.48515625 0.61875 0.042708333333333334 0.0837962962962963
0 0.49830729166666665 0.5636574074074074 0.053385416666666664 0.056018518518518516
0 0.5170572916666667 0.0349537037037037 0.025260416666666667 0.05138888888888889
0 0.5358072916666666 0.2474537037037037 0.03671875 0.03657407407407407
0 0.494140625 0.30949074074074073 0.022135416666666668 0.03194444444444444
2 0.4002604166666667 0.36689814814814814 0.030208333333333334 0.0412037037037037
0 0.36471354166666664 0.4534722222222222 0.026302083333333334 0.10694444444444444
1 0.4661458333333333 0.4844907407407407 0.043229166666666666 0.07916666666666666
1 0.3990885416666667 0.6222222222222222 0.039322916666666666 0.08148148148148149
1 0.3958333333333333 0.69375 0.04583333333333333 0.08287037037037037
1 0.41966145833333335 0.819212962962963 0.047135416666666666 0.0837962962962963
1 0.33736979166666664 0.7159722222222222 0.03359375 0.06527777777777778
1 0.299609375 0.6451388888888889 0.04192708333333333 0.07453703703703704
3 0.6805989583333333 0.8518518518518519 0.05546875 0.07777777777777778
2 0.84765625 0.7143518518518519 0.0453125 0.062037037037037036
3 0.6032552083333333 0.9219907407407407 0.030989583333333334 0.055092592592592596
3 0.5505208333333333 0.9344907407407408 0.029166666666666667 0.055092592592592596
0 0.452734375 0.16828703703703704 0.030989583333333334 0.0412037037037037
2 0.525390625 0.14212962962962963 0.02265625 0.03888888888888889
0 0.479296875 0.08518518518518518 0.023177083333333334 0.03333333333333333
