1 0.3611979166666667 0.5354166666666667 0.021875 0.050462962962962966
1 0.34518229166666664 0.5226851851851851 0.01953125 0.04351851851851852
3 0.40260416666666665 0.4740740740740741 0.03229166666666667 0.05648148148148148
0 0.804296875 0.21226851851851852 0.028385416666666666 0.050462962962962966
2 0.648046875 0.25092592592592594 0.025260416666666667 0.03888888888888889
0 0.5985677083333333 0.29976851851851855 0.038802083333333334 0.07916666666666666
2 0.8110677083333333 0.8266203703703704 0.04192708333333333 0.06435185185185185
0 0.6709635416666667 0.4861111111111111 0.05286458333333333 0.05277777777777778
3 0.6350260416666667 0.7951388888888888 0.047135416666666666 0.0837962962962963
1 0.384765625 0.6180555555555556 0.025260416666666667 0.05277777777777778
1 0.38190104166666666 0.6717592592592593 0.01796875 0.03888888888888889
1 0.384765625 0.705787037037037 0.023697916666666666 0.04675925925925926
1 0.365234375 0.7442129629629629 0.02578125 0.04583333333333333
1 0.33059895833333336 0.6965277777777777 0.025260416666666667 0.04675925925925926
1 0.348046875 0.6655092592592593 0.023697916666666666 0.04953703703703704
1 0.35833333333333334 0.6196759259259259 0.021354166666666667 0.04675925925925926
1 0.3015625 0.5238425925925926 0.019791666666666666 0.03657407407407407
1 0.3170572916666667 0.5532407407407407 0.017447916666666667 0.044444444444444446
1 0.3028645833333333 0.5962962962962963 0.025 0.03888888888888889
1 0.3125 0.6416666666666667 0.023958333333333335 0.058333333333333334
1 0.32890625 0.5891203703703703 0.024479166666666666 0.050462962962962966
1 0.414453125 0.5900462962962963 0.03411458333333333 0.060648148148148145
1 0.4234375 0.6465277777777778 0.021354166666666667 0.04583333333333333
1 0.4180989583333333 0.7 0.023177083333333334 0.05185185185185185
1 0.4473958333333333 0.7 0.03177083333333333 0.06296296296296296
1 0.47421875 0.5893518518518519 0.03229166666666667 0.06388888888888888
1 0.47708333333333336 0.47476851851851853 0.03177083333333333 0.07361111111111111
1 0.494140625 0.5229166666666667 0.023177083333333334 0.0412037037037037
1 0.518359375 0.50625 0.03307291666666667 0.0699074074074074
1 0.5100260416666667 0.43171296296296297 0.03411458333333333 0.0699074074074074
1 0.5638020833333334 0.5159722222222223 0.034895833333333334 0.07083333333333333
1 0.58515625 0.4706018518518518 0.0296875 0.06342592592592593
1 0.6619791666666667 0.39861111111111114 0.04635416666666667 0.07685185185185185
3 0.39153645833333334 0.8909722222222223 0.046614583333333334 0.09861111111111111
3 0.4505208333333333 0.8032407407407407 0.0625 0.17314814814814813
2 0.37890625 0.7712962962962963 0.016145833333333335 0.028703703703703703
0 0.74375 0.24930555555555556 0.020833333333333332 0.03564814814814815
0 0.7673177083333333 0.07962962962962963 0.04296875 0.03518518518518519
3 0.575 0.7798611111111111 0.01875 0.0412037037037037
