1 0.4747395833333333 0.6013888888888889 0.03854166666666667 0.06296296296296296
2 0.5243489583333333 0.13472222222222222 0.023177083333333334 0.04259259259259259
0 0.45546875 0.15810185185185185 0.034895833333333334 0.03935185185185185
1 0.29544270833333336 0.6310185185185185 0.04244791666666667 0.07685185185185185
1 0.32890625 0.712037037037037 0.034895833333333334 0.06666666666666667
1 0.40572916666666664 0.8164351851851852 0.04114583333333333 0.07824074074074074
1 0.38580729166666666 0.6770833333333334 0.04140625 0.08101851851851852
1 0.39479166666666665 0.6064814814814815 0.03854166666666667 0.08055555555555556
1 0.460546875 0.47800925925925924 0.04244791666666667 0.08009259259259259
0 0.4928385416666667 0.5625 0.05546875 0.06759259259259259
0 0.3580729166666667 0.4398148148148148 0.0296875 0.09537037037037037
3 0.66484375 0.8435185185185186 0.0484375 0.08148148148148149
2 0.834765625 0.7092592592592593 0.04505208333333333 0.058333333333333334
2 0.3951822916666667 0.3611111111111111 0.02890625 0.037037037037037035
3 0.5845052083333333 0.913425925925926 0.03619791666666667 0.06296296296296296
3 0.5341145833333333 0.9252314814814815 0.0296875 0.04583333333333333
0 0.49049479166666665 0.2974537037037037 0.020052083333333335 0.031018518518518518
0 0.534375 0.23564814814814813 0.035416666666666666 0.04259259259259259
0 0.5170572916666667 0.026851851851851852 0.023697916666666666 0.049074074074074076
0 0.479296875 0.07615740740740741 0.022135416666666668 0.0375
