1 0.984765625 0.8840277777777777 0.03046875 0.12638888888888888
2 0.68828125 0.4046296296296296 0.04635416666666667 0.05277777777777778
1 0.69375 0.5967592592592592 0.10625 0.2101851851851852
1 0.7430989583333333 0.7590277777777777 0.10598958333333333 0.19027777777777777
1 0.80859375 0.9122685185185185 0.1 0.17546296296296296
1 0.8096354166666667 0.6324074074074074 0.09427083333333333 0.20092592592592592
1 0.8970052083333333 0.6333333333333333 0.10755208333333334 0.20277777777777778
1 0.9140625 0.5078703703703704 0.10572916666666667 0.19722222222222222
1 0.9802083333333333 0.42430555555555555 0.03958333333333333 0.17453703703703705
1 0.8001302083333334 0.42662037037037037 0.11796875 0.21805555555555556
1 0.851171875 0.2962962962962963 0.11953125 0.21203703703703702
1 0.9609375 0.17939814814814814 0.078125 0.18935185185185185
3 0.04583333333333333 0.6525462962962963 0.0734375 0.18564814814814815
3 0.38893229166666665 0.5939814814814814 0.08776041666666666 0.1925925925925926
3 0.45026041666666666 0.4386574074074074 0.10833333333333334 0.12268518518518519
0 0.5076822916666667 0.9814814814814815 0.10598958333333333 0.037037037037037035
2 0.664453125 0.2488425925925926 0.06432291666666666 0.08472222222222223
0 0.94375 0.37592592592592594 0.1125 0.11018518518518519
