0 0.453125 0.05 0.0328125 0.09907407407407408
2 0.599609375 0.5682870370370371 0.039322916666666666 0.03564814814814815
2 0.551171875 0.7511574074074074 0.047135416666666666 0.059722222222222225
2 0.4876302083333333 0.5641203703703703 0.07109375 0.11712962962962963
0 0.8170572916666666 0.6145833333333334 0.16588541666666667 0.14212962962962963
1 0.9563802083333334 0.2011574074074074 0.08723958333333333 0.1476851851851852
1 0.7647135416666667 0.4287037037037037 0.11536458333333334 0.17407407407407408
1 0.6864583333333333 0.5731481481481482 0.11354166666666667 0.1925925925925926
1 0.6087239583333334 0.9425925925925925 0.12317708333333334 0.11481481481481481
1 0.7190104166666667 0.9270833333333334 0.08958333333333333 0.14583333333333334
1 0.8048177083333333 0.9305555555555556 0.11432291666666666 0.1388888888888889
1 0.6673177083333334 0.7388888888888889 0.11171875 0.21203703703703702
1 0.7783854166666667 0.7648148148148148 0.10885416666666667 0.2111111111111111
1 0.8557291666666667 0.6666666666666666 0.10520833333333333 0.19814814814814816
1 0.9479166666666666 0.6386574074074074 0.08072916666666667 0.1884259259259259
1 0.9838541666666667 0.6259259259259259 0.03229166666666667 0.1787037037037037
