0 0.518359375 0.02199074074074074 0.025260416666666667 0.043055555555555555
2 0.6430989583333333 0.480787037037037 0.038802083333333334 0.031018518518518518
2 0.590234375 0.6537037037037037 0.05182291666666667 0.05740740740740741
2 0.5369791666666667 0.48055555555555557 0.06510416666666667 0.11018518518518519
0 0.8717447916666666 0.5296296296296297 0.18515625 0.14444444444444443
1 0.8188802083333333 0.34050925925925923 0.12057291666666667 0.17175925925925925
1 0.9766927083333333 0.5648148148148148 0.046614583333333334 0.17314814814814813
1 0.9048177083333333 0.5780092592592593 0.10130208333333333 0.19027777777777777
1 0.73125 0.48541666666666666 0.1078125 0.18935185185185185
1 0.70859375 0.6456018518518518 0.12083333333333333 0.19490740740740742
1 0.81640625 0.6759259259259259 0.10520833333333333 0.21481481481481482
1 0.8470052083333334 0.8553240740740741 0.12369791666666667 0.21342592592592594
1 0.752734375 0.8560185185185185 0.09557291666666666 0.19166666666666668
1 0.7072916666666667 0.9627314814814815 0.1 0.07453703703703704
1 0.6334635416666666 0.8886574074074074 0.12526041666666668 0.22268518518518518
3 0.349609375 0.7912037037037037 0.10182291666666667 0.17407407407407408
