1 0.6872395833333333 0.20810185185185184 0.10520833333333333 0.17083333333333334
1 0.732421875 0.09259259259259259 0.10651041666666666 0.18425925925925926
1 0.837890625 0.03680555555555556 0.09557291666666666 0.07268518518518519
1 0.9651041666666667 0.18032407407407408 0.06979166666666667 0.18472222222222223
1 0.8743489583333334 0.17592592592592593 0.12161458333333333 0.17777777777777778
0 0.8608072916666667 0.12962962962962962 0.17734375 0.0824074074074074
2 0.15768229166666667 0.6479166666666667 0.047135416666666666 0.08935185185185185
2 0.3541666666666667 0.7791666666666667 0.042708333333333334 0.08796296296296297
2 0.58515625 0.08587962962962963 0.059375 0.07546296296296297
3 0.026302083333333334 0.48194444444444445 0.052083333333333336 0.1638888888888889
3 0.33307291666666666 0.40185185185185185 0.07291666666666667 0.15462962962962962
3 0.38828125 0.25439814814814815 0.10052083333333334 0.09398148148148149
0 0.42604166666666665 0.7430555555555556 0.0859375 0.06666666666666667
0 0.775 0.7143518518518519 0.11302083333333333 0.2388888888888889
0 0.8876302083333333 0.6099537037037037 0.13046875 0.15601851851851853
1 0.8131510416666666 0.544675925925926 0.06380208333333333 0.12175925925925926
1 0.8944010416666667 0.5439814814814815 0.07682291666666667 0.125
0 0.679296875 0.94375 0.12786458333333334 0.1125
1 0.68671875 0.6335648148148149 0.084375 0.14583333333333334
1 0.6369791666666667 0.49421296296296297 0.115625 0.18564814814814815
1 0.5877604166666667 0.3590277777777778 0.11197916666666667 0.18101851851851852
1 0.68671875 0.3784722222222222 0.078125 0.14675925925925926
1 0.740625 0.3451388888888889 0.0890625 0.16527777777777777
1 0.7763020833333333 0.25046296296296294 0.09375 0.17314814814814813
