2 0.55703125 0.1375 0.035416666666666666 0.04351851851851852
2 0.5548177083333333 0.669675925925926 0.028385416666666666 0.03009259259259259
1 0.4063802083333333 0.02546296296296296 0.06067708333333333 0.05
1 0.35768229166666665 0.04976851851851852 0.05234375 0.09027777777777778
1 0.3235677083333333 0.10694444444444444 0.047135416666666666 0.08611111111111111
1 0.95625 0.35648148148148145 0.07552083333333333 0.11944444444444445
1 0.8244791666666667 0.3627314814814815 0.06197916666666667 0.10231481481481482
1 0.6721354166666667 0.5571759259259259 0.08125 0.12361111111111112
1 0.6151041666666667 0.6800925925925926 0.08958333333333333 0.14444444444444443
1 0.9764322916666667 0.6363425925925926 0.047135416666666666 0.09675925925925925
1 0.945703125 0.6875 0.06692708333333333 0.12962962962962962
1 0.8608072916666667 0.6851851851851852 0.08567708333333333 0.14074074074074075
1 0.80859375 0.7217592592592592 0.07395833333333333 0.14074074074074075
1 0.7404947916666667 0.7481481481481481 0.08776041666666666 0.14537037037037037
1 0.6751302083333334 0.8240740740740741 0.07682291666666667 0.125
1 0.6014322916666667 0.8039351851851851 0.09348958333333333 0.15601851851851853
1 0.695703125 0.9465277777777777 0.08723958333333333 0.10694444444444444
1 0.6403645833333333 0.9465277777777777 0.07395833333333333 0.10694444444444444
1 0.557421875 0.9592592592592593 0.09296875 0.08148148148148149
0 0.4328125 0.18981481481481483 0.04114583333333333 0.13425925925925927
2 0.46822916666666664 0.6611111111111111 0.05416666666666667 0.1
2 0.5170572916666667 0.8125 0.03671875 0.053703703703703705
