3 0.31536458333333334 0.3106481481481482 0.034895833333333334 0.05740740740740741
2 0.13346354166666666 0.4449074074074074 0.023177083333333334 0.032407407407407406
1 0.984765625 0.2023148148148148 0.03046875 0.0787037037037037
1 0.979296875 0.12083333333333333 0.03619791666666667 0.07685185185185185
2 0.9424479166666667 0.15347222222222223 0.04114583333333333 0.07824074074074074
2 0.7686197916666667 0.09907407407407408 0.03307291666666667 0.044444444444444446
2 0.59765625 0.38125 0.03697916666666667 0.0375
2 0.19739583333333333 0.4930555555555556 0.024479166666666666 0.02962962962962963
2 0.23684895833333333 0.5171296296296296 0.028385416666666666 0.032407407407407406
2 0.188671875 0.5664351851851852 0.027864583333333335 0.03194444444444444
2 0.16940104166666667 0.6219907407407408 0.031510416666666666 0.031018518518518518
2 0.3190104166666667 0.5745370370370371 0.0265625 0.04814814814814815
2 0.310546875 0.6173611111111111 0.031510416666666666 0.05416666666666667
3 0.2779947916666667 0.6134259259259259 0.05286458333333333 0.07777777777777778
0 0.24609375 0.5766203703703704 0.030208333333333334 0.059722222222222225
3 0.46770833333333334 0.3314814814814815 0.0359375 0.04351851851851852
3 0.40768229166666664 0.42615740740740743 0.04140625 0.06527777777777778
3 0.455078125 0.45185185185185184 0.06015625 0.07777777777777778
3 0.8716145833333333 0.4076388888888889 0.13802083333333334 0.10416666666666667
3 0.9838541666666667 0.9541666666666667 0.03229166666666667 0.09166666666666666
3 0.40729166666666666 0.5768518518518518 0.0625 0.0962962962962963
3 0.5276041666666667 0.8157407407407408 0.1328125 0.2462962962962963
