1 0.5305989583333334 0.31828703703703703 0.04973958333333333 0.08842592592592592
1 0.43502604166666664 0.3909722222222222 0.05234375 0.08287037037037037
1 0.5149739583333334 0.607175925925926 0.06901041666666667 0.1087962962962963
1 0.4786458333333333 0.6701388888888888 0.059375 0.10416666666666667
1 0.43190104166666665 0.732175925925926 0.06536458333333334 0.11342592592592593
1 0.33125 0.7789351851851852 0.0703125 0.12268518518518519
1 0.409375 0.8393518518518519 0.0625 0.11203703703703703
1 0.426953125 0.9344907407407408 0.06067708333333333 0.10787037037037037
1 0.3515625 0.6375 0.05677083333333333 0.10555555555555556
3 0.7630208333333334 0.5020833333333333 0.05677083333333333 0.07824074074074074
3 0.723828125 0.6789351851851851 0.06848958333333334 0.10324074074074074
3 0.769921875 0.031018518518518518 0.06276041666666667 0.06111111111111111
3 0.4783854166666667 0.046064814814814815 0.06927083333333334 0.0912037037037037
