2 0.7434895833333334 0.37199074074074073 0.040625 0.05416666666666667
2 0.49856770833333336 0.4706018518518518 0.038802083333333334 0.04490740740740741
2 0.441796875 0.394212962962963 0.03619791666666667 0.050462962962962966
2 0.29856770833333335 0.48726851851851855 0.05807291666666667 0.06898148148148148
2 0.31223958333333335 0.5407407407407407 0.06197916666666667 0.058333333333333334
2 0.6615885416666667 0.8810185185185185 0.047135416666666666 0.08611111111111111
2 0.6708333333333333 0.7997685185185185 0.05416666666666667 0.09305555555555556
2 0.5376302083333333 0.5300925925925926 0.055989583333333336 0.07222222222222222
2 0.8786458333333333 0.2726851851851852 0.042708333333333334 0.03888888888888889
2 0.86796875 0.3122685185185185 0.040625 0.04027777777777778
