1 0.399609375 0.03680555555555556 0.061197916666666664 0.07268518518518519
1 0.853125 0.937962962962963 0.13333333333333333 0.12407407407407407
1 0.9821614583333333 0.9162037037037037 0.03567708333333333 0.1675925925925926
1 0.934375 0.8777777777777778 0.11145833333333334 0.19166666666666668
0 0.898828125 0.8067129629629629 0.17994791666666668 0.14583333333333334
1 0.7395833333333334 0.9053240740740741 0.12447916666666667 0.18935185185185185
1 0.7622395833333333 0.7583333333333333 0.11666666666666667 0.21666666666666667
1 0.841796875 0.607175925925926 0.12630208333333334 0.18472222222222223
0 0.518359375 0.12546296296296297 0.04453125 0.17962962962962964
2 0.5572916666666666 0.7050925925925926 0.06458333333333334 0.12129629629629629
2 0.6208333333333333 0.9173611111111111 0.0484375 0.06157407407407407
2 0.66953125 0.7263888888888889 0.04114583333333333 0.049074074074074076
2 0.669921875 0.07430555555555556 0.04192708333333333 0.055092592592592596
