0 0.95703125 0.4166666666666667 0.0859375 0.17314814814814813
1 0.9389322916666667 0.5578703703703703 0.12213541666666666 0.19814814814814816
1 0.9408854166666667 0.7046296296296296 0.11822916666666666 0.19166666666666668
1 0.8321614583333333 0.7016203703703704 0.09817708333333333 0.18564814814814815
1 0.8256510416666667 0.9398148148148148 0.09661458333333334 0.12037037037037036
1 0.9725260416666667 0.2539351851851852 0.054947916666666666 0.18009259259259258
1 0.8795572916666666 0.3490740740740741 0.12057291666666667 0.20092592592592592
1 0.8295572916666667 0.49189814814814814 0.12630208333333334 0.20879629629629629
1 0.7096354166666666 0.6689814814814815 0.12395833333333334 0.22592592592592592
2 0.6809895833333334 0.29583333333333334 0.0703125 0.08703703703703704
3 0.466015625 0.4912037037037037 0.11171875 0.13425925925925927
3 0.39895833333333336 0.6409722222222223 0.09114583333333333 0.19305555555555556
3 0.05 0.6731481481481482 0.06927083333333334 0.17685185185185184
1 0.7721354166666666 0.8375 0.103125 0.1824074074074074
2 0.7063802083333334 0.45925925925925926 0.04401041666666667 0.05185185185185185
