1 0.8354166666666667 0.14652777777777778 0.0296875 0.059722222222222225
1 0.8276041666666667 0.08703703703703704 0.0296875 0.05462962962962963
2 0.7731770833333333 0.6925925925925925 0.043229166666666666 0.07314814814814814
3 0.7467447916666666 0.6215277777777778 0.06380208333333333 0.12824074074074074
3 0.44375 0.5710648148148149 0.08645833333333333 0.16712962962962963
3 0.701953125 0.27175925925925926 0.07994791666666666 0.06851851851851852
3 0.37734375 0.4601851851851852 0.04791666666666667 0.07685185185185185
3 0.4295572916666667 0.3738425925925926 0.04765625 0.050462962962962966
3 0.39283854166666665 0.36898148148148147 0.03359375 0.062037037037037036
3 0.44895833333333335 0.2935185185185185 0.03333333333333333 0.04814814814814815
0 0.3515625 0.7597222222222222 0.05416666666666667 0.125
2 0.20390625 0.6319444444444444 0.027083333333333334 0.04351851851851852
2 0.3109375 0.5125 0.0296875 0.041666666666666664
3 0.32421875 0.3972222222222222 0.0265625 0.05648148148148148
2 0.690234375 0.08263888888888889 0.029427083333333333 0.0412037037037037
