0 0.802734375 0.9597222222222223 0.09348958333333333 0.08055555555555556
2 0.07122395833333334 0.830787037037037 0.06380208333333333 0.10416666666666667
1 0.9725260416666667 0.13796296296296295 0.054947916666666666 0.1935185185185185
1 0.9041666666666667 0.1287037037037037 0.09739583333333333 0.17314814814814813
1 0.8057291666666667 0.12708333333333333 0.1109375 0.15601851851851853
0 0.7876302083333333 0.09675925925925925 0.17265625 0.09074074074074075
1 0.6822916666666666 0.07175925925925926 0.1 0.1425925925925926
1 0.633203125 0.16805555555555557 0.09609375 0.1685185185185185
1 0.7197916666666667 0.19652777777777777 0.08645833333333333 0.1597222222222222
1 0.6860677083333333 0.27569444444444446 0.07421875 0.14583333333333334
1 0.6373697916666666 0.32083333333333336 0.06692708333333333 0.13518518518518519
1 0.634375 0.5641203703703703 0.078125 0.14212962962962963
1 0.5877604166666667 0.4351851851851852 0.0890625 0.17314814814814813
1 0.5463541666666667 0.3106481481481482 0.09427083333333333 0.1787037037037037
2 0.54765625 0.06296296296296296 0.05677083333333333 0.0712962962962963
2 0.13802083333333334 0.6168981481481481 0.04791666666666667 0.09212962962962963
3 0.019140625 0.4564814814814815 0.037760416666666664 0.1398148148148148
3 0.305859375 0.36226851851851855 0.06692708333333333 0.14675925925925926
3 0.35833333333333334 0.2275462962962963 0.09479166666666666 0.09953703703703703
0 0.6240885416666667 0.8819444444444444 0.11692708333333333 0.1398148148148148
0 0.7182291666666667 0.6344907407407407 0.11041666666666666 0.2375
1 0.7509114583333333 0.45393518518518516 0.06953125 0.1310185185185185
1 0.8231770833333333 0.4671296296296296 0.0734375 0.12962962962962962
1 0.9536458333333333 0.43125 0.0703125 0.14675925925925926
0 0.82578125 0.5273148148148148 0.12135416666666667 0.17407407407407408
0 0.4015625 0.6828703703703703 0.09635416666666667 0.06759259259259259
2 0.9505208333333334 0.8726851851851852 0.09895833333333333 0.16296296296296298
