1 0.9856770833333334 0.5912037037037037 0.028645833333333332 0.1824074074074074
1 0.608984375 0.9236111111111112 0.12630208333333334 0.1527777777777778
1 0.7227864583333333 0.9076388888888889 0.09869791666666666 0.18472222222222223
1 0.816015625 0.9189814814814815 0.10963541666666667 0.16203703703703703
1 0.7795572916666667 0.7344907407407407 0.11015625 0.20046296296296295
1 0.6653645833333334 0.70625 0.11927083333333334 0.21805555555555556
1 0.6869791666666667 0.5388888888888889 0.1046875 0.21296296296296297
1 0.7634114583333333 0.3886574074074074 0.11692708333333333 0.1837962962962963
1 0.9576822916666666 0.1622685185185185 0.08463541666666667 0.14583333333333334
1 0.8609375 0.6300925925925925 0.1078125 0.20092592592592592
1 0.951171875 0.5956018518518519 0.07682291666666667 0.20046296296296295
0 0.459375 0.04421296296296296 0.03229166666666667 0.0875
2 0.48932291666666666 0.5372685185185185 0.0625 0.1087962962962963
2 0.5502604166666667 0.71875 0.0515625 0.055092592592592596
2 0.6001302083333333 0.5337962962962963 0.039322916666666666 0.044444444444444446
