1 0.960546875 0.7006944444444444 0.07630208333333334 0.12175925925925926
0 0.9158854166666667 0.26064814814814813 0.125 0.1111111111111111
2 0.6438802083333334 0.1673611111111111 0.06328125 0.08287037037037037
2 0.4842447916666667 0.9523148148148148 0.09869791666666666 0.09537037037037037
2 0.403515625 0.905787037037037 0.045572916666666664 0.08472222222222223
3 0.43190104166666665 0.3541666666666667 0.10755208333333334 0.13055555555555556
3 0.37643229166666664 0.5011574074074074 0.08046875 0.1699074074074074
3 0.05221354166666667 0.5659722222222222 0.06328125 0.16157407407407406
0 0.48658854166666665 0.8731481481481481 0.09869791666666666 0.06759259259259259
1 0.9408854166666667 0.08680555555555555 0.11822916666666666 0.1726851851851852
1 0.81640625 0.18680555555555556 0.11927083333333334 0.20601851851851852
1 0.7634114583333333 0.31851851851851853 0.10911458333333333 0.1925925925925926
1 0.9611979166666667 0.29398148148148145 0.07760416666666667 0.17777777777777778
1 0.8631510416666667 0.3678240740740741 0.09921875 0.19027777777777777
1 0.8450520833333334 0.4849537037037037 0.09166666666666666 0.19027777777777777
1 0.7686197916666667 0.49699074074074073 0.08046875 0.14583333333333334
1 0.7602864583333333 0.7784722222222222 0.08463541666666667 0.1310185185185185
1 0.70859375 0.6243055555555556 0.09739583333333333 0.17731481481481481
1 0.6625 0.48032407407407407 0.10052083333333334 0.19490740740740742
2 0.6618489583333333 0.30671296296296297 0.04401041666666667 0.04675925925925926
0 0.8701822916666667 0.8766203703703703 0.12786458333333334 0.24675925925925926
0 0.9592447916666667 0.7958333333333333 0.08151041666666667 0.11944444444444445
