2 0.9740885416666667 0.5023148148148148 0.05182291666666667 0.05740740740740741
3 0.94609375 0.37777777777777777 0.10260416666666666 0.09074074074074075
2 0.7563802083333333 0.5840277777777778 0.027864583333333335 0.02638888888888889
2 0.7063802083333334 0.5564814814814815 0.06588541666666667 0.08611111111111111
2 0.8953125 0.5405092592592593 0.05677083333333333 0.060648148148148145
2 0.826953125 0.5479166666666667 0.07630208333333334 0.08009259259259259
2 0.817578125 0.725925925925926 0.03671875 0.04351851851851852
2 0.888671875 0.8194444444444444 0.07161458333333333 0.11574074074074074
2 0.7682291666666666 0.7469907407407408 0.06979166666666667 0.09490740740740741
2 0.519921875 0.9643518518518519 0.03723958333333333 0.05462962962962963
2 0.431640625 0.4224537037037037 0.04765625 0.05138888888888889
2 0.49114583333333334 0.5645833333333333 0.035416666666666666 0.03564814814814815
2 0.09674479166666666 0.21597222222222223 0.03359375 0.04675925925925926
2 0.5563802083333333 0.35324074074074074 0.03567708333333333 0.03888888888888889
