2 0.9766927083333333 0.42476851851851855 0.046614583333333334 0.056018518518518516
2 0.8865885416666667 0.7377314814814815 0.08567708333333333 0.13194444444444445
2 0.812109375 0.6391203703703704 0.03723958333333333 0.04490740740740741
2 0.75859375 0.6534722222222222 0.07083333333333333 0.09861111111111111
2 0.8998697916666667 0.462037037037037 0.05911458333333333 0.06666666666666667
2 0.8236979166666667 0.4685185185185185 0.08125 0.07685185185185185
2 0.7505208333333333 0.4976851851851852 0.0265625 0.02962962962962963
2 0.6973958333333333 0.47291666666666665 0.06458333333333334 0.08101851851851852
2 0.48684895833333336 0.8736111111111111 0.05859375 0.08703703703703704
2 0.087109375 0.1375 0.03723958333333333 0.05740740740740741
2 0.47291666666666665 0.47453703703703703 0.0375 0.03425925925925926
2 0.41901041666666666 0.3402777777777778 0.051041666666666666 0.05277777777777778
2 0.553125 0.2710648148148148 0.04583333333333333 0.04027777777777778
3 0.9518229166666666 0.2935185185185185 0.09635416666666667 0.08055555555555556
