2 0.7263020833333333 0.8238425925925926 0.027083333333333334 0.031018518518518518
2 0.688671875 0.8462962962962963 0.053385416666666664 0.07592592592592592
3 0.8063802083333333 0.5268518518518519 0.07369791666666667 0.06111111111111111
2 0.08802083333333334 0.44004629629629627 0.03177083333333333 0.050462962962962966
2 0.4083333333333333 0.6078703703703704 0.03854166666666667 0.04351851851851852
2 0.5118489583333333 0.5372685185185185 0.03307291666666667 0.03564814814814815
2 0.46796875 0.7287037037037037 0.027604166666666666 0.028703703703703703
2 0.6373697916666666 0.7018518518518518 0.04765625 0.06666666666666667
2 0.679296875 0.7173611111111111 0.01796875 0.031018518518518518
2 0.729296875 0.6840277777777778 0.05755208333333333 0.060648148148148145
2 0.7826822916666667 0.6631944444444444 0.04453125 0.05138888888888889
2 0.84140625 0.63125 0.040625 0.04675925925925926
2 0.8953125 0.6289351851851852 0.059375 0.04490740740740741
