2 0.9766927083333333 0.39143518518518516 0.046614583333333334 0.056018518518518516
2 0.8149739583333333 0.6152777777777778 0.03671875 0.04259259259259259
2 0.748828125 0.4849537037037037 0.028385416666666666 0.034722222222222224
2 0.07291666666666667 0.16435185185185186 0.034895833333333334 0.06296296296296296
2 0.4080729166666667 0.34282407407407406 0.051041666666666666 0.04583333333333333
2 0.46484375 0.4724537037037037 0.035416666666666666 0.034722222222222224
2 0.479296875 0.8766203703703703 0.06067708333333333 0.09027777777777778
2 0.7592447916666667 0.637962962962963 0.07109375 0.1
2 0.891796875 0.7143518518518519 0.08203125 0.12129629629629629
2 0.692578125 0.45625 0.06640625 0.08009259259259259
2 0.8234375 0.4449074074074074 0.0859375 0.07592592592592592
2 0.8983072916666667 0.43287037037037035 0.06380208333333333 0.06296296296296296
2 0.545703125 0.26666666666666666 0.046614583333333334 0.04259259259259259
3 0.949609375 0.26481481481481484 0.10078125 0.0824074074074074
