3 0.96640625 0.28935185185185186 0.0671875 0.09074074074074075
2 0.9734375 0.5145833333333333 0.053125 0.09861111111111111
2 0.8973958333333333 0.549074074074074 0.11354166666666667 0.13055555555555556
2 0.9611979166666667 0.8358796296296296 0.042708333333333334 0.07361111111111111
2 0.36640625 0.5043981481481481 0.06041666666666667 0.06898148148148148
2 0.44440104166666666 0.6789351851851851 0.04505208333333333 0.04583333333333333
2 0.5240885416666666 0.3770833333333333 0.054947916666666666 0.050462962962962966
2 0.7428385416666666 0.6208333333333333 0.08307291666666666 0.08148148148148149
2 0.8140625 0.6203703703703703 0.03333333333333333 0.04351851851851852
2 0.88671875 0.8851851851851852 0.12447916666666667 0.1787037037037037
