2 0.573046875 0.18101851851851852 0.02421875 0.023148148148148147
2 0.5110677083333334 0.19722222222222222 0.01484375 0.03518518518518519
2 0.3678385416666667 0.43310185185185185 0.04192708333333333 0.038425925925925926
2 0.8932291666666666 0.37407407407407406 0.06458333333333334 0.06388888888888888
2 0.6055989583333333 0.29976851851851855 0.04244791666666667 0.043055555555555555
3 0.5765625 0.34050925925925923 0.0640625 0.052314814814814814
2 0.42135416666666664 0.8273148148148148 0.0703125 0.11481481481481481
2 0.4908854166666667 0.8847222222222222 0.028125 0.05555555555555555
2 0.3697916666666667 0.6916666666666667 0.06666666666666667 0.0824074074074074
2 0.6571614583333333 0.26689814814814816 0.03984375 0.04398148148148148
