2 0.8860677083333334 0.9622685185185185 0.12838541666666667 0.07546296296296297
2 0.6194010416666667 0.8414351851851852 0.05807291666666667 0.08009259259259259
2 0.6013020833333333 0.944212962962963 0.13697916666666668 0.11157407407407408
2 0.5830729166666667 0.8018518518518518 0.06770833333333333 0.1287037037037037
2 0.9213541666666667 0.6118055555555556 0.15729166666666666 0.24953703703703703
2 0.8078125 0.5377314814814815 0.15208333333333332 0.14953703703703702
2 0.69296875 0.16597222222222222 0.075 0.06712962962962964
2 0.670703125 0.30694444444444446 0.04244791666666667 0.0962962962962963
2 0.3639322916666667 0.33125 0.03671875 0.07083333333333333
2 0.30611979166666664 0.6002314814814815 0.04505208333333333 0.08472222222222223
2 0.34661458333333334 0.7275462962962963 0.05416666666666667 0.11712962962962963
2 0.034505208333333336 0.6465277777777778 0.039322916666666666 0.08472222222222223
3 0.43138020833333335 0.15648148148148147 0.05807291666666667 0.06018518518518518
2 0.69765625 0.34444444444444444 0.0515625 0.09074074074074075
