2 0.33294270833333334 0.2553240740740741 0.04088541666666667 0.07175925925925926
2 0.6619791666666667 0.09097222222222222 0.07552083333333333 0.06620370370370371
2 0.65546875 0.27199074074074076 0.052083333333333336 0.09861111111111111
2 0.6350260416666667 0.23819444444444443 0.04505208333333333 0.09861111111111111
2 0.742578125 0.4666666666666667 0.13359375 0.15648148148148147
2 0.87109375 0.5506944444444445 0.17291666666666666 0.25972222222222224
2 0.811328125 0.930787037037037 0.09921875 0.13842592592592592
2 0.53359375 0.9106481481481481 0.13697916666666668 0.1787037037037037
2 0.557421875 0.7736111111111111 0.04765625 0.0787037037037037
2 0.5184895833333333 0.7358796296296296 0.0625 0.1310185185185185
2 0.30169270833333334 0.6530092592592592 0.05807291666666667 0.09953703703703703
2 0.26510416666666664 0.5300925925925926 0.04739583333333333 0.08333333333333333
2 0.012109375 0.5780092592592593 0.023697916666666666 0.07083333333333333
3 0.4083333333333333 0.07777777777777778 0.05625 0.06759259259259259
