3 0.13528645833333333 0.6506944444444445 0.10651041666666666 0.13657407407407407
2 0.30911458333333336 0.3733796296296296 0.044270833333333336 0.06712962962962964
2 0.253125 0.4081018518518518 0.03125 0.03935185185185185
2 0.5955729166666667 0.24375 0.0390625 0.06712962962962964
2 0.6268229166666667 0.9435185185185185 0.11354166666666667 0.11296296296296296
2 0.6502604166666667 0.8152777777777778 0.06145833333333333 0.10185185185185185
2 0.6888020833333334 0.8777777777777778 0.046875 0.06018518518518518
2 0.9421875 0.7620370370370371 0.115625 0.24351851851851852
2 0.48294270833333336 0.6034722222222222 0.06588541666666667 0.09398148148148149
2 0.47877604166666665 0.4703703703703704 0.045572916666666664 0.05925925925925926
2 0.37591145833333334 0.5916666666666667 0.03984375 0.06018518518518518
3 0.19661458333333334 0.5289351851851852 0.12604166666666666 0.11342592592592593
3 0.70703125 0.08356481481481481 0.07291666666666667 0.0625
2 0.9131510416666667 0.3851851851851852 0.07057291666666667 0.09722222222222222
2 0.92421875 0.46111111111111114 0.0703125 0.05462962962962963
2 0.9692708333333333 0.22962962962962963 0.06145833333333333 0.05555555555555555
