2 0.573046875 0.7828703703703703 0.05286458333333333 0.07685185185185185
2 0.7803385416666667 0.89375 0.07890625 0.12638888888888888
2 0.020572916666666666 0.6449074074074074 0.0359375 0.08611111111111111
2 0.348828125 0.36898148148148147 0.03515625 0.06944444444444445
2 0.290234375 0.5990740740740741 0.047135416666666666 0.07777777777777778
2 0.33359375 0.7097222222222223 0.04739583333333333 0.09074074074074075
2 0.5502604166666667 0.7516203703703703 0.08020833333333334 0.10694444444444444
2 0.5416666666666666 0.8983796296296296 0.14010416666666667 0.1912037037037037
2 0.6404947916666667 0.24375 0.06796875 0.05324074074074074
2 0.6411458333333333 0.39143518518518516 0.041666666666666664 0.07268518518518519
2 0.6231770833333333 0.3560185185185185 0.030729166666666665 0.07685185185185185
2 0.7221354166666667 0.5469907407407407 0.11354166666666667 0.11527777777777778
2 0.8162760416666667 0.5974537037037037 0.13359375 0.19027777777777777
3 0.40677083333333336 0.21458333333333332 0.05677083333333333 0.060648148148148145
3 0.5158854166666667 0.09699074074074074 0.044270833333333336 0.047685185185185185
