2 0.10911458333333333 0.47824074074074074 0.05416666666666667 0.0824074074074074
2 0.04140625 0.5335648148148148 0.04375 0.056018518518518516
2 0.29713541666666665 0.4708333333333333 0.04114583333333333 0.07407407407407407
2 0.30950520833333334 0.5868055555555556 0.05026041666666667 0.09027777777777778
2 0.6505208333333333 0.2789351851851852 0.05677083333333333 0.08657407407407407
2 0.6372395833333333 0.23194444444444445 0.052083333333333336 0.09074074074074075
2 0.6946614583333334 0.09745370370370371 0.07057291666666667 0.060648148148148145
2 0.6923177083333333 0.48356481481481484 0.12473958333333333 0.1486111111111111
2 0.771875 0.5712962962962963 0.1546875 0.24444444444444444
2 0.6665364583333333 0.9111111111111111 0.10182291666666667 0.175
2 0.4984375 0.7243055555555555 0.040625 0.0587962962962963
2 0.46432291666666664 0.675 0.046875 0.11388888888888889
2 0.4432291666666667 0.8604166666666667 0.1390625 0.19953703703703704
3 0.47291666666666665 0.05347222222222222 0.058854166666666666 0.05324074074074074
2 0.20638020833333334 0.6354166666666666 0.03567708333333333 0.05324074074074074
3 0.0296875 0.6537037037037037 0.05416666666666667 0.1287037037037037
2 0.384765625 0.2273148148148148 0.04296875 0.06481481481481481
