2 0.49895833333333334 0.36018518518518516 0.028645833333333332 0.05185185185185185
2 0.6194010416666667 0.40023148148148147 0.04244791666666667 0.06712962962962964
3 0.04296875 0.6252314814814814 0.08489583333333334 0.13472222222222222
2 0.035546875 0.5479166666666667 0.04244791666666667 0.05694444444444444
2 0.08736979166666667 0.48125 0.03411458333333333 0.05787037037037037
2 0.25169270833333335 0.47847222222222224 0.040364583333333336 0.043055555555555555
2 0.34010416666666665 0.40370370370370373 0.03697916666666667 0.07685185185185185
2 0.4895833333333333 0.3449074074074074 0.059375 0.06851851851851852
2 0.48984375 0.42916666666666664 0.0796875 0.10648148148148148
2 0.5598958333333334 0.026851851851851852 0.04895833333333333 0.05277777777777778
2 0.5520833333333334 0.11898148148148148 0.028125 0.06574074074074074
2 0.5403645833333334 0.10208333333333333 0.025520833333333333 0.05787037037037037
2 0.5934895833333333 0.17476851851851852 0.059895833333333336 0.06620370370370371
2 0.651171875 0.17407407407407408 0.07890625 0.12037037037037036
2 0.9677083333333333 0.23032407407407407 0.06458333333333334 0.12175925925925926
2 0.32838541666666665 0.19652777777777777 0.029166666666666667 0.052314814814814814
2 0.29739583333333336 0.3537037037037037 0.0328125 0.06296296296296296
