2 0.8759114583333333 0.9157407407407407 0.14869791666666668 0.1685185185185185
2 0.9252604166666667 0.04953703703703704 0.07239583333333334 0.09814814814814815
2 0.9053385416666667 0.33449074074074076 0.10026041666666667 0.1310185185185185
2 0.8592447916666667 0.041435185185185186 0.09609375 0.08194444444444444
2 0.7686197916666667 0.1125 0.07630208333333334 0.06944444444444445
2 0.6966145833333334 0.3659722222222222 0.06666666666666667 0.09861111111111111
2 0.633984375 0.19953703703703704 0.08984375 0.06944444444444445
2 0.5126302083333333 0.11597222222222223 0.07838541666666667 0.07916666666666666
2 0.3626302083333333 0.19305555555555556 0.08203125 0.10555555555555556
2 0.48138020833333334 0.5081018518518519 0.09244791666666667 0.11805555555555555
2 0.40013020833333335 0.47129629629629627 0.08151041666666667 0.11944444444444445
2 0.22434895833333332 0.6291666666666667 0.048177083333333336 0.06851851851851852
2 0.18385416666666668 0.25578703703703703 0.0796875 0.09861111111111111
2 0.07434895833333334 0.46967592592592594 0.07578125 0.10694444444444444
