2 0.5654947916666667 0.9398148148148148 0.09296875 0.12037037037037036
2 0.7442708333333333 0.25046296296296294 0.10885416666666667 0.1638888888888889
2 0.7864583333333334 0.44837962962962963 0.09583333333333334 0.1587962962962963
2 0.7229166666666667 0.6819444444444445 0.11822916666666666 0.18981481481481483
2 0.8376302083333333 0.6206018518518519 0.13307291666666668 0.20416666666666666
2 0.40403645833333335 0.9212962962962963 0.08932291666666667 0.1574074074074074
2 0.44361979166666665 0.7798611111111111 0.08255208333333333 0.18472222222222223
2 0.415234375 0.5050925925925925 0.11901041666666666 0.17685185185185184
2 0.26458333333333334 0.41064814814814815 0.06458333333333334 0.11481481481481481
2 0.054296875 0.1865740740740741 0.06380208333333333 0.09814814814814815
0 0.7209635416666667 0.022222222222222223 0.061197916666666664 0.03888888888888889
0 0.06510416666666667 0.7696759259259259 0.1265625 0.17546296296296296
