2 0.04674479166666667 0.3449074074074074 0.05859375 0.07222222222222222
2 0.3528645833333333 0.6726851851851852 0.11614583333333334 0.18981481481481483
2 0.6600260416666667 0.7444444444444445 0.11640625 0.17314814814814813
2 0.7606770833333333 0.6578703703703703 0.12135416666666667 0.1675925925925926
2 0.9479166666666666 0.8793981481481481 0.06614583333333333 0.11712962962962963
2 0.729296875 0.11458333333333333 0.08932291666666667 0.09305555555555556
2 0.6970052083333333 0.5217592592592593 0.09296875 0.13796296296296295
0 0.6466145833333333 0.09953703703703703 0.12864583333333332 0.17685185185185184
2 0.8557291666666667 0.4046296296296296 0.08697916666666666 0.1388888888888889
2 0.6434895833333333 0.3502314814814815 0.09114583333333333 0.1449074074074074
2 0.473828125 0.5668981481481481 0.039322916666666666 0.04583333333333333
2 0.40455729166666665 0.9162037037037037 0.07265625 0.1648148148148148
2 0.3854166666666667 0.18958333333333333 0.05572916666666667 0.07268518518518519
