2 0.5091145833333334 0.9145833333333333 0.11927083333333334 0.17083333333333334
2 0.8791666666666667 0.767824074074074 0.13697916666666668 0.17175925925925925
2 0.6459635416666667 0.6993055555555555 0.09453125 0.1439814814814815
2 0.5416666666666666 0.6402777777777777 0.08020833333333334 0.13703703703703704
2 0.588671875 0.19560185185185186 0.07890625 0.10046296296296296
2 0.434375 0.25810185185185186 0.04583333333333333 0.08472222222222223
2 0.39283854166666665 0.13171296296296298 0.07369791666666667 0.05416666666666667
2 0.29440104166666664 0.08125 0.06588541666666667 0.07175925925925926
2 0.15690104166666666 0.17060185185185187 0.07890625 0.09768518518518518
2 0.2598958333333333 0.42106481481481484 0.084375 0.12268518518518519
2 0.18619791666666666 0.40370370370370373 0.07239583333333334 0.10925925925925926
2 0.026171875 0.5868055555555556 0.05182291666666667 0.09027777777777778
