2 0.96015625 0.9377314814814814 0.0796875 0.12453703703703704
2 0.9686197916666667 0.3421296296296296 0.06276041666666667 0.13240740740740742
2 0.9415364583333333 0.0412037037037037 0.11692708333333333 0.07777777777777778
2 0.8403645833333333 0.10393518518518519 0.08802083333333334 0.07546296296296297
2 0.7670572916666667 0.36574074074074076 0.061197916666666664 0.11018518518518519
2 0.698828125 0.19074074074074074 0.09973958333333334 0.0824074074074074
2 0.5609375 0.09861111111111111 0.07552083333333333 0.08333333333333333
2 0.22565104166666666 0.23032407407407407 0.07421875 0.10324074074074074
2 0.41184895833333335 0.18101851851851852 0.08411458333333334 0.11574074074074074
2 0.53359375 0.500462962962963 0.09791666666666667 0.1425925925925926
2 0.4552083333333333 0.46574074074074073 0.08072916666666667 0.11018518518518519
2 0.2713541666666667 0.6238425925925926 0.052083333333333336 0.0763888888888889
2 0.11536458333333334 0.4534722222222222 0.07447916666666667 0.11342592592592593
