2 0.8845052083333333 0.08125 0.09557291666666666 0.1337962962962963
2 0.298046875 0.5238425925925926 0.14609375 0.21157407407407408
2 0.3723958333333333 0.8104166666666667 0.1015625 0.23472222222222222
2 0.6860677083333333 0.5018518518518519 0.13359375 0.18611111111111112
2 0.7921875 0.3803240740740741 0.146875 0.1625
2 0.7071614583333333 0.23842592592592593 0.11171875 0.12129629629629629
2 0.6240885416666667 0.08263888888888889 0.11692708333333333 0.15138888888888888
2 0.5546875 0.9173611111111111 0.13072916666666667 0.16527777777777777
2 0.438671875 0.3733796296296296 0.04921875 0.050462962962962966
2 0.09791666666666667 0.2724537037037037 0.04895833333333333 0.07175925925925926
