0 0.05651041666666667 0.7976851851851852 0.109375 0.1425925925925926
2 0.07265625 0.2152777777777778 0.06822916666666666 0.08796296296296297
2 0.276953125 0.45023148148148145 0.07057291666666667 0.11342592592592593
2 0.7595052083333333 0.30810185185185185 0.11015625 0.17824074074074073
2 0.7986979166666667 0.5185185185185185 0.11041666666666666 0.1574074074074074
2 0.7373697916666667 0.7483796296296297 0.12005208333333334 0.20694444444444443
2 0.8528645833333334 0.6979166666666666 0.12864583333333332 0.2013888888888889
2 0.4578125 0.8398148148148148 0.08333333333333333 0.18333333333333332
2 0.43385416666666665 0.5546296296296296 0.115625 0.17592592592592593
0 0.7712239583333333 0.047453703703703706 0.13723958333333333 0.09212962962962963
2 0.8928385416666667 0.060648148148148145 0.12005208333333334 0.1111111111111111
2 0.7296875 0.20462962962962963 0.05416666666666667 0.0712962962962963
