2 0.19700520833333332 0.6340277777777777 0.046614583333333334 0.08935185185185185
3 0.375 0.44351851851851853 0.08854166666666667 0.10555555555555556
3 0.46145833333333336 0.3398148148148148 0.0921875 0.08611111111111111
2 0.5256510416666667 0.2175925925925926 0.037760416666666664 0.04537037037037037
2 0.5743489583333333 0.22199074074074074 0.03723958333333333 0.05694444444444444
2 0.9673177083333333 0.2861111111111111 0.06536458333333334 0.10092592592592593
2 0.6795572916666667 0.7351851851851852 0.07838541666666667 0.12777777777777777
2 0.584375 0.5997685185185185 0.041666666666666664 0.07453703703703704
2 0.7236979166666667 0.5363425925925925 0.0671875 0.08009259259259259
2 0.30364583333333334 0.6622685185185185 0.0671875 0.09027777777777778
