2 0.6643229166666667 0.026851851851851852 0.06197916666666667 0.05277777777777778
2 0.19270833333333334 0.18611111111111112 0.08541666666666667 0.08703703703703704
2 0.057291666666666664 0.5997685185185185 0.052083333333333336 0.07175925925925926
2 0.561328125 0.9511574074074074 0.12057291666666667 0.09768518518518518
2 0.5876302083333333 0.6895833333333333 0.07942708333333333 0.1310185185185185
2 0.7061197916666667 0.7631944444444444 0.10234375 0.15787037037037038
2 0.9458333333333333 0.8525462962962963 0.10833333333333334 0.19027777777777777
2 0.63984375 0.2324074074074074 0.08229166666666667 0.09166666666666666
2 0.22174479166666666 0.4215277777777778 0.08359375 0.10324074074074074
2 0.2921875 0.44027777777777777 0.09270833333333334 0.11018518518518519
2 0.024479166666666666 0.2553240740740741 0.0484375 0.09490740740740741
2 0.33255208333333336 0.09282407407407407 0.059895833333333336 0.0763888888888889
2 0.4334635416666667 0.15949074074074074 0.07890625 0.06805555555555555
2 0.4734375 0.27662037037037035 0.052083333333333336 0.08194444444444444
