2 0.3294270833333333 0.2178240740740741 0.03125 0.04027777777777778
2 0.6647135416666666 0.45046296296296295 0.07161458333333333 0.1
2 0.9661458333333334 0.2011574074074074 0.06770833333333333 0.08472222222222223
2 0.5002604166666667 0.17685185185185184 0.036458333333333336 0.05555555555555555
2 0.49375 0.4914351851851852 0.059375 0.07731481481481481
2 0.698828125 0.37916666666666665 0.06328125 0.0824074074074074
2 0.5739583333333333 0.29467592592592595 0.053125 0.07361111111111111
2 0.689453125 0.9090277777777778 0.12994791666666666 0.18194444444444444
2 0.49661458333333336 0.7606481481481482 0.07552083333333333 0.13055555555555556
2 0.28229166666666666 0.49930555555555556 0.05520833333333333 0.08009259259259259
2 0.07473958333333333 0.7400462962962963 0.0625 0.08935185185185185
2 0.3528645833333333 0.4203703703703704 0.05677083333333333 0.06944444444444445
2 0.829296875 0.875 0.048177083333333336 0.049074074074074076
2 0.60078125 0.5358796296296297 0.06041666666666667 0.0763888888888889
2 0.5766927083333333 0.4810185185185185 0.06067708333333333 0.06666666666666667
2 0.6430989583333333 0.5175925925925926 0.030989583333333334 0.03888888888888889
2 0.67578125 0.5365740740740741 0.034375 0.04259259259259259
