2 0.651171875 0.705324074074074 0.06380208333333333 0.09768518518518518
2 0.5282552083333333 0.5326388888888889 0.045572916666666664 0.07731481481481481
2 0.6673177083333334 0.6134259259259259 0.061197916666666664 0.08888888888888889
2 0.5024739583333333 0.7960648148148148 0.04921875 0.07731481481481481
2 0.225 0.4810185185185185 0.034895833333333334 0.05925925925925926
2 0.2911458333333333 0.32175925925925924 0.036458333333333336 0.05277777777777778
2 0.38046875 0.04282407407407408 0.026041666666666668 0.04027777777777778
2 0.6716145833333333 0.16412037037037036 0.05677083333333333 0.06805555555555555
2 0.570703125 0.16203703703703703 0.07838541666666667 0.09814814814814815
2 0.858984375 0.38958333333333334 0.06953125 0.09027777777777778
2 0.7046875 0.7638888888888888 0.06041666666666667 0.09537037037037037
2 0.3807291666666667 0.1275462962962963 0.04583333333333333 0.06712962962962964
2 0.425390625 0.4099537037037037 0.037760416666666664 0.05416666666666667
2 0.478125 0.44814814814814813 0.023958333333333335 0.037037037037037035
2 0.9397135416666667 0.7412037037037037 0.05078125 0.09907407407407408
2 0.7126302083333333 0.4759259259259259 0.04296875 0.05462962962962963
2 0.7725260416666667 0.20972222222222223 0.061197916666666664 0.07222222222222222
