2 0.4479166666666667 0.3175925925925926 0.027083333333333334 0.04351851851851852
2 0.4869791666666667 0.29560185185185184 0.03125 0.04027777777777778
2 0.43997395833333336 0.2886574074074074 0.037760416666666664 0.04398148148148148
2 0.31471354166666665 0.4532407407407407 0.055989583333333336 0.08148148148148149
2 0.27513020833333335 0.5863425925925926 0.039322916666666666 0.07361111111111111
2 0.5946614583333333 0.6754629629629629 0.07421875 0.07592592592592592
2 0.6266927083333333 0.5268518518518519 0.07265625 0.10185185185185185
2 0.7053385416666667 0.5849537037037037 0.04869791666666667 0.09953703703703703
2 0.7802083333333333 0.6398148148148148 0.0953125 0.1398148148148148
2 0.901171875 0.525 0.05234375 0.075
2 0.8817708333333333 0.4127314814814815 0.0515625 0.0699074074074074
2 0.9037760416666667 0.36875 0.04869791666666667 0.05138888888888889
2 0.946875 0.355787037037037 0.059375 0.06712962962962964
2 0.76640625 0.3925925925925926 0.04583333333333333 0.05555555555555555
2 0.8110677083333333 0.41921296296296295 0.05651041666666667 0.07731481481481481
2 0.9669270833333333 0.7574074074074074 0.06614583333333333 0.1398148148148148
2 0.757421875 0.9606481481481481 0.09296875 0.0787037037037037
2 0.7108072916666667 0.8805555555555555 0.08411458333333334 0.11481481481481481
2 0.7493489583333334 0.7831018518518519 0.09140625 0.14953703703703702
2 0.51875 0.8768518518518519 0.07916666666666666 0.12777777777777777
2 0.48932291666666666 0.9530092592592593 0.049479166666666664 0.0837962962962963
2 0.615625 0.9162037037037037 0.0625 0.075
2 0.561328125 0.4391203703703704 0.037760416666666664 0.0375
2 0.5932291666666667 0.38564814814814813 0.04791666666666667 0.046296296296296294
2 0.10364583333333334 0.5592592592592592 0.040625 0.05277777777777778
2 0.14505208333333333 0.46620370370370373 0.040625 0.05
2 0.4055989583333333 0.7650462962962963 0.06901041666666667 0.09027777777777778
2 0.6022135416666666 0.2773148148148148 0.03359375 0.04351851851851852
2 0.5981770833333333 0.22893518518518519 0.024479166666666666 0.04583333333333333
