2 0.9634114583333333 0.8951388888888889 0.04609375 0.07916666666666666
2 0.9279947916666667 0.8548611111111111 0.04869791666666667 0.06435185185185185
2 0.13736979166666666 0.46273148148148147 0.062239583333333334 0.06805555555555555
2 0.028125 0.7800925925925926 0.05520833333333333 0.08796296296296297
2 0.333203125 0.46458333333333335 0.05026041666666667 0.06157407407407407
2 0.3904947916666667 0.45393518518518516 0.040364583333333336 0.07083333333333333
2 0.36888020833333335 0.4027777777777778 0.04401041666666667 0.06666666666666667
2 0.2984375 0.3298611111111111 0.0375 0.06157407407407407
2 0.6205729166666667 0.7138888888888889 0.0984375 0.17222222222222222
2 0.6723958333333333 0.7430555555555556 0.06145833333333333 0.10185185185185185
2 0.655078125 0.7819444444444444 0.05807291666666667 0.11203703703703703
2 0.6805989583333333 0.8460648148148148 0.05807291666666667 0.09398148148148149
2 0.8838541666666667 0.7578703703703704 0.08645833333333333 0.11481481481481481
2 0.4036458333333333 0.919675925925926 0.06927083333333334 0.1412037037037037
2 0.9580729166666667 0.6275462962962963 0.06510416666666667 0.10324074074074074
2 0.9677083333333333 0.5363425925925925 0.06458333333333334 0.1300925925925926
0 0.8282552083333333 0.6673611111111111 0.09557291666666666 0.06435185185185185
2 0.4864583333333333 0.3506944444444444 0.0453125 0.05787037037037037
2 0.430859375 0.3460648148148148 0.04296875 0.05416666666666667
2 0.408203125 0.319212962962963 0.04609375 0.047685185185185185
2 0.42799479166666665 0.17175925925925925 0.04609375 0.05555555555555555
2 0.3904947916666667 0.20601851851851852 0.03463541666666667 0.05277777777777778
2 0.147265625 0.14537037037037037 0.03671875 0.04537037037037037
2 0.2654947916666667 0.5118055555555555 0.048177083333333336 0.043055555555555555
2 0.2515625 0.4759259259259259 0.043229166666666666 0.049074074074074076
2 0.6850260416666667 0.2675925925925926 0.055989583333333336 0.07777777777777778
2 0.86640625 0.34791666666666665 0.043229166666666666 0.05787037037037037
2 0.855078125 0.40902777777777777 0.06171875 0.08935185185185185
2 0.876953125 0.4909722222222222 0.06588541666666667 0.06898148148148148
2 0.884375 0.524537037037037 0.05520833333333333 0.05555555555555555
2 0.4733072916666667 0.2247685185185185 0.03203125 0.05787037037037037
