0 0.9770833333333333 0.38819444444444445 0.04583333333333333 0.08842592592592592
2 0.32083333333333336 0.20856481481481481 0.049479166666666664 0.0699074074074074
2 0.36302083333333335 0.38472222222222224 0.04791666666666667 0.0787037037037037
2 0.3125 0.3662037037037037 0.04739583333333333 0.075
2 0.01875 0.4289351851851852 0.03333333333333333 0.060648148148148145
2 0.4610677083333333 0.032407407407407406 0.03359375 0.04537037037037037
2 0.628125 0.06805555555555555 0.04635416666666667 0.05925925925925926
2 0.931640625 0.09953703703703703 0.04921875 0.0787037037037037
2 0.7638020833333333 0.19907407407407407 0.049479166666666664 0.05555555555555555
2 0.5696614583333334 0.2175925925925926 0.05286458333333333 0.062037037037037036
2 0.6040364583333333 0.3314814814814815 0.04505208333333333 0.05925925925925926
2 0.6697916666666667 0.34305555555555556 0.044270833333333336 0.08518518518518518
2 0.783203125 0.44375 0.06171875 0.08009259259259259
3 0.9190104166666667 0.34421296296296294 0.1328125 0.1597222222222222
2 0.698828125 0.6375 0.07057291666666667 0.11851851851851852
2 0.6423177083333333 0.6444444444444445 0.07473958333333333 0.12037037037037036
2 0.5408854166666667 0.8819444444444444 0.0625 0.10462962962962963
2 0.6076822916666667 0.905787037037037 0.06692708333333333 0.13935185185185187
2 0.7653645833333333 0.850462962962963 0.09010416666666667 0.13425925925925927
2 0.8063802083333333 0.7527777777777778 0.06901041666666667 0.10462962962962963
2 0.61328125 0.27662037037037035 0.07916666666666666 0.09953703703703703
2 0.6204427083333334 0.2125 0.05859375 0.09814814814814815
