2 0.46979166666666666 0.4233796296296296 0.026041666666666668 0.055092592592592596
2 0.37526041666666665 0.44513888888888886 0.042708333333333334 0.055092592592592596
2 0.4141927083333333 0.3525462962962963 0.028385416666666666 0.03935185185185185
2 0.3841145833333333 0.39652777777777776 0.0375 0.05416666666666667
2 0.37278645833333335 0.6113425925925926 0.04869791666666667 0.05787037037037037
2 0.9393229166666667 0.9712962962962963 0.084375 0.05740740740740741
2 0.8151041666666666 0.6733796296296296 0.08072916666666667 0.11712962962962963
2 0.9645833333333333 0.8530092592592593 0.07083333333333333 0.11064814814814815
2 0.9442708333333333 0.47337962962962965 0.0515625 0.06435185185185185
2 0.8940104166666667 0.4847222222222222 0.043229166666666666 0.05185185185185185
2 0.08203125 0.5476851851851852 0.049479166666666664 0.06666666666666667
2 0.31106770833333336 0.5363425925925925 0.040364583333333336 0.07453703703703704
2 0.49778645833333335 0.54375 0.04088541666666667 0.07175925925925926
2 0.52890625 0.6539351851851852 0.0453125 0.07546296296296297
2 0.491015625 0.6988425925925926 0.04609375 0.07175925925925926
2 0.469140625 0.7775462962962963 0.04609375 0.06527777777777778
2 0.44049479166666666 0.7648148148148148 0.05234375 0.07777777777777778
2 0.6196614583333333 0.7296296296296296 0.04401041666666667 0.09074074074074075
2 0.7807291666666667 0.9361111111111111 0.06145833333333333 0.11574074074074074
2 0.9165364583333333 0.5817129629629629 0.05286458333333333 0.06805555555555555
