2 0.916796875 0.8743055555555556 0.05026041666666667 0.059722222222222225
2 0.6006510416666667 0.507175925925926 0.05546875 0.09861111111111111
2 0.257421875 0.21597222222222223 0.03567708333333333 0.047685185185185185
2 0.3307291666666667 0.06018518518518518 0.042708333333333334 0.046296296296296294
2 0.2696614583333333 0.5740740740740741 0.054427083333333334 0.07777777777777778
2 0.3416666666666667 0.4689814814814815 0.0515625 0.08148148148148149
2 0.112109375 0.600462962962963 0.03984375 0.04259259259259259
2 0.7962239583333334 0.9270833333333334 0.11848958333333333 0.14583333333333334
2 0.576953125 0.830787037037037 0.07630208333333334 0.13935185185185187
2 0.5209635416666667 0.5185185185185185 0.05859375 0.08518518518518518
2 0.566015625 0.29398148148148145 0.05026041666666667 0.0824074074074074
2 0.7115885416666666 0.3849537037037037 0.062239583333333334 0.0837962962962963
2 0.461328125 0.16273148148148148 0.03984375 0.060648148148148145
2 0.9515625 0.1763888888888889 0.08802083333333334 0.11388888888888889
2 0.6893229166666667 0.46319444444444446 0.06510416666666667 0.09953703703703703
