2 0.4622395833333333 0.2951388888888889 0.03125 0.059722222222222225
2 0.34479166666666666 0.60625 0.05364583333333333 0.07731481481481481
2 0.6897135416666667 0.5990740740740741 0.061197916666666664 0.09166666666666666
2 0.9233072916666667 0.3113425925925926 0.08515625 0.10694444444444444
2 0.7298177083333334 0.06481481481481481 0.05963541666666667 0.0787037037037037
2 0.5282552083333333 0.6819444444444445 0.05286458333333333 0.08148148148148149
2 0.5822916666666667 0.9497685185185185 0.0796875 0.10046296296296296
2 0.7046875 0.5152777777777777 0.06302083333333333 0.08611111111111111
2 0.5684895833333333 0.425 0.05364583333333333 0.07592592592592592
2 0.265234375 0.35462962962962963 0.03411458333333333 0.062037037037037036
2 0.33177083333333335 0.20023148148148148 0.0390625 0.050462962962962966
2 0.8369791666666667 0.11666666666666667 0.0625 0.06759259259259259
