2 0.6958333333333333 0.530787037037037 0.06510416666666667 0.09953703703703703
2 0.3470052083333333 0.5314814814814814 0.05390625 0.0824074074074074
2 0.27981770833333336 0.632175925925926 0.05755208333333333 0.09583333333333334
2 0.5826822916666666 0.8974537037037037 0.07630208333333334 0.14027777777777778
2 0.5266927083333334 0.5835648148148148 0.06744791666666666 0.13287037037037036
2 0.7115885416666666 0.45 0.06380208333333333 0.08518518518518518
2 0.9403645833333333 0.24027777777777778 0.08125 0.11203703703703703
2 0.4654947916666667 0.2247685185185185 0.037760416666666664 0.060648148148148145
2 0.571484375 0.3611111111111111 0.05078125 0.06944444444444445
2 0.3404947916666667 0.12800925925925927 0.04505208333333333 0.050462962962962966
2 0.266015625 0.27708333333333335 0.03411458333333333 0.05694444444444444
2 0.9154947916666667 0.9356481481481481 0.04765625 0.06759259259259259
2 0.858984375 0.046064814814814815 0.06640625 0.055092592592592596
