2 0.93828125 0.6956018518518519 0.057291666666666664 0.055092592592592596
2 0.21705729166666668 0.41458333333333336 0.06380208333333333 0.08935185185185185
2 0.047526041666666664 0.45 0.06171875 0.05925925925925926
2 0.3006510416666667 0.3189814814814815 0.05807291666666667 0.08148148148148149
2 0.21848958333333332 0.0699074074074074 0.040625 0.06111111111111111
2 0.55 0.12268518518518519 0.06041666666666667 0.06851851851851852
2 0.494140625 0.35648148148148145 0.06901041666666667 0.11481481481481481
2 0.586328125 0.31828703703703703 0.06588541666666667 0.10601851851851851
2 0.6858072916666667 0.2796296296296296 0.07630208333333334 0.1111111111111111
2 0.7115885416666666 0.19375 0.07109375 0.08657407407407407
2 0.5518229166666667 0.6662037037037037 0.0828125 0.1537037037037037
2 0.8016927083333333 0.7856481481481481 0.13203125 0.20925925925925926
2 0.7264322916666667 0.36180555555555555 0.05286458333333333 0.06620370370370371
2 0.29583333333333334 0.14606481481481481 0.05 0.06620370370370371
2 0.6354166666666666 0.37777777777777777 0.06302083333333333 0.10555555555555556
