2 0.12578125 0.3020833333333333 0.027604166666666666 0.03657407407407407
2 0.8576822916666667 0.6858796296296297 0.06536458333333334 0.0699074074074074
2 0.5763020833333333 0.2791666666666667 0.043229166666666666 0.05277777777777778
2 0.6138020833333333 0.2962962962962963 0.046875 0.046296296296296294
2 0.47890625 0.2550925925925926 0.05364583333333333 0.07314814814814814
2 0.5180989583333333 0.3199074074074074 0.06744791666666666 0.09074074074074075
2 0.6208333333333333 0.10532407407407407 0.0796875 0.09305555555555556
2 0.5852864583333334 0.2023148148148148 0.08723958333333333 0.11851851851851852
2 0.6803385416666666 0.8076388888888889 0.17994791666666668 0.2763888888888889
2 0.3924479166666667 0.6548611111111111 0.10104166666666667 0.16898148148148148
2 0.45208333333333334 0.03888888888888889 0.071875 0.06851851851851852
2 0.17747395833333332 0.2724537037037037 0.06744791666666666 0.0837962962962963
2 0.07643229166666667 0.38425925925925924 0.07473958333333333 0.11388888888888889
2 0.371484375 0.3101851851851852 0.06588541666666667 0.11018518518518519
