2 0.021484375 0.32731481481481484 0.040364583333333336 0.07685185185185185
2 0.49700520833333334 0.47152777777777777 0.062239583333333334 0.10046296296296296
2 0.07825520833333334 0.42800925925925926 0.05963541666666667 0.07731481481481481
2 0.1171875 0.3539351851851852 0.044270833333333336 0.07361111111111111
2 0.44505208333333335 0.4664351851851852 0.11041666666666666 0.1587962962962963
2 0.513671875 0.555787037037037 0.06744791666666666 0.08009259259259259
2 0.49049479166666665 0.6101851851851852 0.06744791666666666 0.08518518518518518
2 0.5819010416666667 0.7462962962962963 0.11692708333333333 0.14074074074074075
2 0.42291666666666666 0.9354166666666667 0.10520833333333333 0.12916666666666668
2 0.9614583333333333 0.8340277777777778 0.07708333333333334 0.18194444444444444
2 0.6846354166666667 0.39791666666666664 0.0609375 0.07083333333333333
2 0.7595052083333333 0.37199074074074073 0.06536458333333334 0.0763888888888889
2 0.797265625 0.28217592592592594 0.05390625 0.0699074074074074
2 0.7235677083333333 0.22615740740740742 0.054427083333333334 0.07361111111111111
2 0.7268229166666667 0.27662037037037035 0.05520833333333333 0.07361111111111111
2 0.623828125 0.17962962962962964 0.037760416666666664 0.05277777777777778
2 0.6139322916666666 0.12731481481481483 0.03828125 0.062037037037037036
2 0.8796875 0.2886574074074074 0.06041666666666667 0.06435185185185185
2 0.05364583333333333 0.5539351851851851 0.07239583333333334 0.09953703703703703
2 0.43697916666666664 0.819212962962963 0.0828125 0.1162037037037037
2 0.7424479166666667 0.45787037037037037 0.08229166666666667 0.09814814814814815
0 0.616796875 0.35324074074074074 0.09505208333333333 0.06944444444444445
2 0.9018229166666667 0.649537037037037 0.04375 0.06296296296296296
2 0.5079427083333333 0.7851851851851852 0.08046875 0.13333333333333333
2 0.9243489583333333 0.39328703703703705 0.07265625 0.10324074074074074
