0 0.3966145833333333 0.4409722222222222 0.05677083333333333 0.05324074074074074
2 0.6446614583333333 0.26087962962962963 0.029947916666666668 0.05324074074074074
2 0.748828125 0.262037037037037 0.03046875 0.046296296296296294
2 0.028125 0.6606481481481481 0.05520833333333333 0.09814814814814815
2 0.30026041666666664 0.5513888888888889 0.09375 0.11481481481481481
2 0.35651041666666666 0.5849537037037037 0.036458333333333336 0.060648148148148145
2 0.41497395833333334 0.6574074074074074 0.07057291666666667 0.11203703703703703
2 0.3575520833333333 0.8226851851851852 0.06041666666666667 0.10740740740740741
2 0.6803385416666666 0.9541666666666667 0.11328125 0.09166666666666666
2 0.7138020833333333 0.725 0.08697916666666666 0.14444444444444443
2 0.8197916666666667 0.8212962962962963 0.09270833333333334 0.1638888888888889
2 0.932421875 0.9219907407407407 0.13359375 0.15601851851851853
2 0.8859375 0.5328703703703703 0.0625 0.08518518518518518
2 0.941015625 0.5611111111111111 0.08567708333333333 0.1111111111111111
2 0.8484375 0.5546296296296296 0.0515625 0.06944444444444445
2 0.61875 0.5715277777777777 0.05520833333333333 0.059722222222222225
2 0.6466145833333333 0.48171296296296295 0.057291666666666664 0.07361111111111111
2 0.7442708333333333 0.5400462962962963 0.04791666666666667 0.07361111111111111
2 0.6516927083333334 0.32731481481481484 0.047135416666666666 0.062037037037037036
2 0.44765625 0.43333333333333335 0.044270833333333336 0.05185185185185185
2 0.5118489583333333 0.3384259259259259 0.04505208333333333 0.05277777777777778
2 0.4549479166666667 0.30949074074074073 0.03854166666666667 0.05138888888888889
2 0.46575520833333334 0.35208333333333336 0.03411458333333333 0.05416666666666667
