2 0.4432291666666667 0.525 0.0953125 0.15462962962962962
2 0.7265625 0.5618055555555556 0.16927083333333334 0.2439814814814815
2 0.6233072916666667 0.0724537037037037 0.07057291666666667 0.07361111111111111
2 0.5954427083333333 0.13912037037037037 0.07838541666666667 0.09305555555555556
2 0.54765625 0.2449074074074074 0.0546875 0.07777777777777778
2 0.4022135416666667 0.2861111111111111 0.06692708333333333 0.08796296296296297
2 0.23515625 0.18796296296296297 0.04635416666666667 0.062037037037037036
2 0.220703125 0.31712962962962965 0.05807291666666667 0.07962962962962963
2 0.12877604166666667 0.4361111111111111 0.07317708333333334 0.09814814814814815
2 0.6276041666666666 0.20185185185185187 0.0375 0.03796296296296296
2 0.5841145833333333 0.19930555555555557 0.03177083333333333 0.04490740740740741
2 0.5022135416666667 0.21712962962962962 0.048177083333333336 0.07314814814814814
2 0.8873697916666666 0.4041666666666667 0.061197916666666664 0.06388888888888888
2 0.17018229166666668 0.35625 0.025260416666666667 0.03657407407407407
