2 0.22317708333333333 0.3423611111111111 0.07760416666666667 0.09675925925925925
2 0.27122395833333335 0.2553240740740741 0.03411458333333333 0.05694444444444444
2 0.3234375 0.2351851851851852 0.071875 0.08611111111111111
2 0.04309895833333333 0.3798611111111111 0.05755208333333333 0.05787037037037037
2 0.3380208333333333 0.08518518518518518 0.053125 0.05555555555555555
2 0.26419270833333336 0.028009259259259258 0.039322916666666666 0.05138888888888889
2 0.6265625 0.04861111111111111 0.084375 0.09074074074074075
2 0.5536458333333333 0.2655092592592593 0.08645833333333333 0.12638888888888888
2 0.6752604166666667 0.2488425925925926 0.08125 0.10601851851851851
2 0.7548177083333333 0.2972222222222222 0.07161458333333333 0.10462962962962963
2 0.8052083333333333 0.18935185185185185 0.09739583333333333 0.13703703703703704
2 0.8360677083333333 0.10300925925925926 0.09505208333333333 0.10324074074074074
2 0.6263020833333334 0.6268518518518519 0.1328125 0.1935185185185185
2 0.8575520833333333 0.28541666666666665 0.04791666666666667 0.04490740740740741
