2 0.48658854166666665 0.25555555555555554 0.03046875 0.03981481481481482
2 0.5903645833333333 0.1986111111111111 0.028645833333333332 0.04814814814814815
2 0.5981770833333333 0.24212962962962964 0.036458333333333336 0.04814814814814815
2 0.25481770833333334 0.5650462962962963 0.04921875 0.06435185185185185
2 0.6291666666666667 0.8805555555555555 0.09635416666666667 0.13796296296296295
2 0.7203125 0.8340277777777778 0.0828125 0.12268518518518519
2 0.8611979166666667 0.9219907407407407 0.121875 0.12268518518518519
2 0.9298177083333333 0.6347222222222222 0.10546875 0.10833333333333334
2 0.75078125 0.55 0.09166666666666666 0.1175925925925926
2 0.7209635416666667 0.6638888888888889 0.07994791666666666 0.11481481481481481
2 0.5134114583333333 0.7534722222222222 0.07265625 0.10324074074074074
2 0.46575520833333334 0.8368055555555556 0.08203125 0.11527777777777778
2 0.580859375 0.5844907407407407 0.07109375 0.07731481481481481
2 0.6087239583333334 0.456712962962963 0.06901041666666667 0.09305555555555556
2 0.6774739583333333 0.49074074074074076 0.07682291666666667 0.09444444444444444
2 0.8688802083333333 0.44305555555555554 0.054427083333333334 0.0712962962962963
2 0.9087239583333333 0.29907407407407405 0.05755208333333333 0.06944444444444445
2 0.8569010416666667 0.3506944444444444 0.05807291666666667 0.06712962962962964
2 0.8713541666666667 0.3236111111111111 0.049479166666666664 0.062037037037037036
2 0.7442708333333333 0.3398148148148148 0.0421875 0.05277777777777778
2 0.5826822916666666 0.34375 0.04296875 0.047685185185185185
2 0.55625 0.38310185185185186 0.0421875 0.0412037037037037
2 0.3240885416666667 0.40162037037037035 0.055989583333333336 0.07083333333333333
2 0.28854166666666664 0.5185185185185185 0.04114583333333333 0.075
2 0.405859375 0.6747685185185185 0.05963541666666667 0.07731481481481481
2 0.122265625 0.500462962962963 0.03567708333333333 0.06759259259259259
2 0.026302083333333334 0.8180555555555555 0.0515625 0.1111111111111111
2 0.4454427083333333 0.24282407407407408 0.04140625 0.04027777777777778
2 0.404296875 0.9097222222222222 0.06536458333333334 0.1111111111111111
2 0.447265625 0.2763888888888889 0.02734375 0.03888888888888889
