2 0.9295572916666667 0.4740740740740741 0.07213541666666666 0.06666666666666667
2 0.5893229166666667 0.22847222222222222 0.030208333333333334 0.0412037037037037
2 0.6321614583333334 0.22962962962962963 0.038802083333333334 0.03425925925925926
2 0.4921875 0.23842592592592593 0.05416666666666667 0.07685185185185185
2 0.07942708333333333 0.46296296296296297 0.0734375 0.1111111111111111
2 0.121875 0.36157407407407405 0.036458333333333336 0.05555555555555555
2 0.17421875 0.3337962962962963 0.0640625 0.075
2 0.38255208333333335 0.3175925925925926 0.08125 0.09166666666666666
2 0.4359375 0.6057870370370371 0.10833333333333334 0.16157407407407406
2 0.76171875 0.6671296296296296 0.1859375 0.2916666666666667
2 0.59140625 0.1699074074074074 0.090625 0.09537037037037037
2 0.6194010416666667 0.09398148148148149 0.06692708333333333 0.08518518518518518
2 0.19153645833333333 0.1863425925925926 0.04921875 0.06898148148148148
2 0.5411458333333333 0.2726851851851852 0.05572916666666667 0.09814814814814815
