2 0.8334635416666667 0.21898148148148147 0.03515625 0.04722222222222222
0 0.5233072916666667 0.8071759259259259 0.12057291666666667 0.09953703703703703
2 0.5966145833333333 0.9523148148148148 0.09010416666666667 0.09537037037037037
2 0.41315104166666666 0.8668981481481481 0.06588541666666667 0.12361111111111112
2 0.5447916666666667 0.8907407407407407 0.09270833333333334 0.12314814814814815
2 0.9046875 0.9497685185185185 0.10989583333333333 0.10046296296296296
2 0.9598958333333333 0.76875 0.08020833333333334 0.12824074074074074
2 0.8553385416666667 0.39652777777777776 0.048177083333333336 0.05138888888888889
2 0.8579427083333333 0.4356481481481482 0.038802083333333334 0.041666666666666664
2 0.8479166666666667 0.4615740740740741 0.0375 0.05277777777777778
2 0.66875 0.26435185185185184 0.041666666666666664 0.046296296296296294
2 0.7084635416666667 0.25254629629629627 0.03619791666666667 0.050462962962962966
2 0.6884114583333333 0.4935185185185185 0.05807291666666667 0.07685185185185185
2 0.718359375 0.6092592592592593 0.05026041666666667 0.06944444444444445
2 0.7537760416666667 0.8020833333333334 0.08411458333333334 0.08935185185185185
2 0.6536458333333334 0.6277777777777778 0.06510416666666667 0.10833333333333334
2 0.5713541666666667 0.5451388888888888 0.049479166666666664 0.08472222222222223
2 0.5282552083333333 0.5835648148148148 0.04973958333333333 0.08842592592592592
2 0.5791666666666667 0.39282407407407405 0.049479166666666664 0.08935185185185185
2 0.3235677083333333 0.4305555555555556 0.04401041666666667 0.06388888888888888
2 0.287890625 0.4652777777777778 0.04609375 0.06018518518518518
2 0.17200520833333333 0.42824074074074076 0.04244791666666667 0.05925925925925926
2 0.050520833333333334 0.569675925925926 0.0515625 0.06527777777777778
2 0.085546875 0.6243055555555556 0.05807291666666667 0.08194444444444444
2 0.108203125 0.3738425925925926 0.045572916666666664 0.07175925925925926
