2 0.5115885416666667 0.2851851851851852 0.05026041666666667 0.07037037037037037
2 0.21809895833333334 0.41041666666666665 0.04244791666666667 0.03657407407407407
2 0.22864583333333333 0.4305555555555556 0.05677083333333333 0.046296296296296294
2 0.096484375 0.4166666666666667 0.06692708333333333 0.062037037037037036
2 0.240625 0.45902777777777776 0.057291666666666664 0.05694444444444444
2 0.32955729166666664 0.4011574074074074 0.05807291666666667 0.08472222222222223
2 0.3697916666666667 0.3351851851851852 0.0515625 0.08518518518518518
2 0.396875 0.38680555555555557 0.044270833333333336 0.08009259259259259
2 0.7127604166666667 0.656712962962963 0.14166666666666666 0.2273148148148148
2 0.786328125 0.7018518518518518 0.07994791666666666 0.1527777777777778
2 0.808203125 0.8425925925925926 0.09453125 0.12685185185185185
2 0.412109375 0.9259259259259259 0.07473958333333333 0.14074074074074075
0 0.95234375 0.5733796296296296 0.0953125 0.08935185185185185
2 0.912109375 0.8439814814814814 0.08567708333333333 0.13148148148148148
2 0.973828125 0.7729166666666667 0.05234375 0.1449074074074074
2 0.2921875 0.27708333333333335 0.05 0.07268518518518519
2 0.4109375 0.25810185185185186 0.043229166666666666 0.05138888888888889
2 0.441796875 0.2881944444444444 0.05807291666666667 0.07175925925925926
2 0.4 0.1502314814814815 0.033854166666666664 0.04027777777777778
2 0.49140625 0.16319444444444445 0.03125 0.050462962962962966
