2 0.7893229166666667 0.6106481481481482 0.0546875 0.062037037037037036
2 0.6192708333333333 0.2738425925925926 0.0359375 0.056018518518518516
2 0.584765625 0.2625 0.03307291666666667 0.03981481481481482
2 0.5032552083333334 0.23449074074074075 0.06067708333333333 0.08472222222222223
2 0.5438802083333333 0.2828703703703704 0.05390625 0.08611111111111111
2 0.607421875 0.1925925925925926 0.07317708333333334 0.10740740740740741
2 0.6440104166666667 0.12106481481481482 0.06979166666666667 0.09027777777777778
2 0.6364583333333333 0.6858796296296297 0.14322916666666666 0.20787037037037037
2 0.4192708333333333 0.5423611111111111 0.08645833333333333 0.15138888888888888
2 0.41510416666666666 0.2657407407407407 0.057291666666666664 0.07685185185185185
2 0.17643229166666666 0.29398148148148145 0.061197916666666664 0.07592592592592592
2 0.2532552083333333 0.21481481481481482 0.05911458333333333 0.06481481481481481
