2 0.47486979166666665 0.23402777777777778 0.03046875 0.047685185185185185
2 0.40260416666666665 0.14166666666666666 0.03697916666666667 0.05185185185185185
2 0.9115885416666667 0.1900462962962963 0.04140625 0.05787037037037037
0 0.9432291666666667 0.34120370370370373 0.11197916666666667 0.11481481481481481
3 0.8546875 0.3247685185185185 0.11041666666666666 0.16805555555555557
2 0.7014322916666667 0.2275462962962963 0.05234375 0.047685185185185185
2 0.46393229166666666 0.60625 0.05651041666666667 0.07731481481481481
2 0.5536458333333333 0.39444444444444443 0.0484375 0.062037037037037036
2 0.618359375 0.3888888888888889 0.047135416666666666 0.0787037037037037
2 0.5217447916666667 0.9530092592592593 0.06328125 0.09398148148148149
2 0.590234375 0.9541666666666667 0.06380208333333333 0.09166666666666666
2 0.7497395833333333 0.8731481481481481 0.08802083333333334 0.14074074074074075
2 0.7834635416666667 0.7664351851851852 0.08151041666666667 0.11898148148148148
2 0.6106770833333334 0.6974537037037037 0.07708333333333334 0.12268518518518519
2 0.6673177083333334 0.6719907407407407 0.06953125 0.1162037037037037
2 0.7337239583333334 0.46435185185185185 0.054427083333333334 0.08518518518518518
2 0.8481770833333333 0.10925925925925926 0.049479166666666664 0.06481481481481481
2 0.5598958333333334 0.14675925925925926 0.040625 0.049074074074074076
2 0.612109375 0.14606481481481481 0.05234375 0.07361111111111111
2 0.5161458333333333 0.29907407407407405 0.04791666666666667 0.06481481481481481
2 0.27005208333333336 0.49583333333333335 0.051041666666666666 0.06851851851851852
2 0.31979166666666664 0.5023148148148148 0.0484375 0.08148148148148149
2 0.27513020833333335 0.34814814814814815 0.05078125 0.07222222222222222
2 0.33359375 0.13495370370370371 0.042708333333333334 0.0412037037037037
