2 0.7940104166666667 0.3421296296296296 0.0484375 0.06851851851851852
2 0.6643229166666667 0.3611111111111111 0.05677083333333333 0.075
2 0.4529947916666667 0.26435185185185184 0.04348958333333333 0.062037037037037036
2 0.48580729166666664 0.17175925925925925 0.05078125 0.0787037037037037
2 0.23372395833333334 0.39467592592592593 0.05651041666666667 0.08287037037037037
2 0.13971354166666666 0.6710648148148148 0.06744791666666666 0.09027777777777778
2 0.04674479166666667 0.5636574074074074 0.05286458333333333 0.07731481481481481
2 0.091015625 0.6011574074074074 0.055989583333333336 0.0875
2 0.7272135416666666 0.6405092592592593 0.06484375 0.10231481481481482
2 0.63359375 0.4668981481481482 0.053125 0.09027777777777778
2 0.55546875 0.5740740740740741 0.0625 0.09814814814814815
2 0.5217447916666667 0.6833333333333333 0.06744791666666666 0.11481481481481481
2 0.4334635416666667 0.6256944444444444 0.05234375 0.07731481481481481
2 0.7239583333333334 0.2724537037037037 0.04635416666666667 0.06342592592592593
2 0.7213541666666666 0.22939814814814816 0.03697916666666667 0.04675925925925926
2 0.8877604166666667 0.4275462962962963 0.058854166666666666 0.10972222222222222
2 0.880078125 0.6780092592592593 0.06536458333333334 0.10972222222222222
2 0.7282552083333333 0.45532407407407405 0.05807291666666667 0.09027777777777778
2 0.7860677083333333 0.5087962962962963 0.06744791666666666 0.10740740740740741
2 0.68046875 0.44027777777777777 0.05520833333333333 0.08148148148148149
2 0.550390625 0.37060185185185185 0.05078125 0.05787037037037037
2 0.503515625 0.48819444444444443 0.06171875 0.08657407407407407
