2 0.026432291666666666 0.40185185185185185 0.05026041666666667 0.06574074074074074
2 0.219921875 0.050462962962962966 0.03619791666666667 0.05277777777777778
2 0.7580729166666667 0.28171296296296294 0.036458333333333336 0.04027777777777778
2 0.885546875 0.7386574074074074 0.18098958333333334 0.25972222222222224
2 0.7442708333333333 0.12291666666666666 0.07708333333333334 0.08657407407407407
2 0.716015625 0.19652777777777777 0.08723958333333333 0.1125
2 0.5634114583333333 0.06597222222222222 0.06953125 0.0763888888888889
2 0.6072916666666667 0.24606481481481482 0.06458333333333334 0.09305555555555556
2 0.5591145833333333 0.6048611111111111 0.10729166666666666 0.16527777777777777
2 0.502734375 0.29467592592592595 0.07473958333333333 0.09675925925925925
2 0.29791666666666666 0.10601851851851851 0.0515625 0.06851851851851852
2 0.2828125 0.2662037037037037 0.071875 0.07592592592592592
2 0.23880208333333333 0.2865740740740741 0.026041666666666668 0.04259259259259259
2 0.19635416666666666 0.362962962962963 0.06614583333333333 0.09166666666666666
2 0.6662760416666667 0.29282407407407407 0.05963541666666667 0.10138888888888889
