2 0.6479166666666667 0.7877314814814815 0.06302083333333333 0.11064814814814815
2 0.8325520833333333 0.43657407407407406 0.0734375 0.09444444444444444
2 0.8575520833333333 0.8581018518518518 0.07395833333333333 0.10046296296296296
2 0.65859375 0.6895833333333333 0.0625 0.09398148148148149
2 0.6385416666666667 0.21898148148148147 0.0515625 0.07222222222222222
2 0.33502604166666666 0.11712962962962963 0.026822916666666665 0.03888888888888889
2 0.508203125 0.6166666666666667 0.05234375 0.08796296296296297
2 0.39427083333333335 0.4960648148148148 0.03333333333333333 0.06342592592592593
2 0.18619791666666666 0.5881944444444445 0.035416666666666666 0.06435185185185185
2 0.25299479166666666 0.4127314814814815 0.04140625 0.05694444444444444
2 0.740234375 0.25787037037037036 0.05859375 0.06759259259259259
