0 0.9184895833333333 0.29074074074074074 0.10208333333333333 0.1175925925925926
2 0.24361979166666667 0.30671296296296297 0.054427083333333334 0.08287037037037037
2 0.30130208333333336 0.09259259259259259 0.040625 0.03888888888888889
2 0.49049479166666665 0.2462962962962963 0.045572916666666664 0.062037037037037036
2 0.5325520833333334 0.09884259259259259 0.04010416666666667 0.05416666666666667
2 0.8197916666666667 0.05694444444444444 0.04791666666666667 0.06574074074074074
2 0.7091145833333333 0.4101851851851852 0.06458333333333334 0.0824074074074074
2 0.6419270833333334 0.6236111111111111 0.07552083333333333 0.11481481481481481
2 0.5833333333333334 0.6412037037037037 0.0734375 0.12129629629629629
2 0.7587239583333333 0.7020833333333333 0.06692708333333333 0.1162037037037037
2 0.724609375 0.8134259259259259 0.08723958333333333 0.13796296296296295
2 0.56953125 0.9298611111111111 0.071875 0.13287037037037036
2 0.49518229166666666 0.9180555555555555 0.062239583333333334 0.125
2 0.5932291666666667 0.3333333333333333 0.04635416666666667 0.06851851851851852
2 0.52890625 0.3456018518518518 0.053125 0.05694444444444444
2 0.2897135416666667 0.4706018518518518 0.05078125 0.06712962962962964
2 0.23958333333333334 0.4618055555555556 0.04791666666666667 0.06712962962962964
3 0.827734375 0.27569444444444446 0.13203125 0.1625
2 0.6774739583333333 0.17962962962962964 0.05390625 0.04537037037037037
