2 0.375390625 0.2136574074074074 0.030989583333333334 0.04583333333333333
2 0.9444010416666667 0.575 0.06953125 0.08055555555555556
2 0.317578125 0.4752314814814815 0.04453125 0.059722222222222225
2 0.3763020833333333 0.47476851851851853 0.043229166666666666 0.060648148148148145
2 0.35442708333333334 0.4224537037037037 0.03802083333333333 0.06620370370370371
2 0.116796875 0.47638888888888886 0.06067708333333333 0.0712962962962963
2 0.4686197916666667 0.37083333333333335 0.047135416666666666 0.062037037037037036
2 0.6079427083333333 0.7280092592592593 0.09609375 0.16157407407407406
2 0.6548177083333333 0.7724537037037037 0.05546875 0.10324074074074074
2 0.6373697916666666 0.8233796296296296 0.046614583333333334 0.07453703703703704
2 0.6596354166666667 0.8645833333333334 0.057291666666666664 0.0837962962962963
2 0.8544270833333333 0.7810185185185186 0.0703125 0.11574074074074074
2 0.9225260416666666 0.6368055555555555 0.06067708333333333 0.08935185185185185
2 0.8522135416666666 0.5027777777777778 0.04244791666666667 0.06388888888888888
2 0.8463541666666666 0.5400462962962963 0.04895833333333333 0.04953703703703704
0 0.795703125 0.6798611111111111 0.08203125 0.07916666666666666
2 0.251953125 0.5261574074074075 0.047135416666666666 0.04027777777777778
2 0.23697916666666666 0.49189814814814814 0.04583333333333333 0.04675925925925926
2 0.28216145833333334 0.3421296296296296 0.039322916666666666 0.05277777777777778
2 0.412890625 0.3594907407407407 0.03359375 0.050462962962962966
2 0.38841145833333335 0.3277777777777778 0.030989583333333334 0.053703703703703705
2 0.672265625 0.3013888888888889 0.030989583333333334 0.04722222222222222
2 0.8334635416666667 0.4115740740740741 0.04401041666666667 0.05185185185185185
