2 0.890625 0.5634259259259259 0.04895833333333333 0.07407407407407407
2 0.08776041666666666 0.49421296296296297 0.03697916666666667 0.05324074074074074
2 0.06002604166666667 0.5671296296296297 0.04401041666666667 0.04259259259259259
2 0.44609375 0.5375 0.03697916666666667 0.05925925925925926
2 0.48151041666666666 0.5476851851851852 0.051041666666666666 0.05185185185185185
2 0.6053385416666667 0.7252314814814815 0.05234375 0.08935185185185185
2 0.41848958333333336 0.7655092592592593 0.04114583333333333 0.06898148148148148
2 0.45533854166666665 0.7694444444444445 0.04244791666666667 0.06666666666666667
2 0.919921875 0.45787037037037037 0.04244791666666667 0.06296296296296296
2 0.8735677083333333 0.47291666666666665 0.040364583333333336 0.050462962962962966
2 0.91953125 0.9578703703703704 0.0859375 0.08425925925925926
2 0.7576822916666667 0.9141203703703704 0.05651041666666667 0.10231481481481482
2 0.9471354166666667 0.8145833333333333 0.0828125 0.11435185185185186
2 0.7920572916666667 0.6527777777777778 0.07734375 0.11296296296296296
2 0.5076822916666667 0.643287037037037 0.03828125 0.07175925925925926
2 0.4733072916666667 0.6861111111111111 0.038802083333333334 0.05648148148148148
2 0.35403645833333336 0.6157407407407407 0.03828125 0.05648148148148148
2 0.29010416666666666 0.5421296296296296 0.04375 0.07407407407407407
2 0.36015625 0.4550925925925926 0.03697916666666667 0.04814814814814815
2 0.3697916666666667 0.4081018518518518 0.0390625 0.050462962962962966
2 0.39895833333333336 0.36226851851851855 0.03229166666666667 0.0412037037037037
2 0.4518229166666667 0.4287037037037037 0.021875 0.05648148148148148
