2 0.2970052083333333 0.500462962962963 0.05286458333333333 0.04814814814814815
2 0.95234375 0.9226851851851852 0.0953125 0.15462962962962962
2 0.91640625 0.8717592592592592 0.11770833333333333 0.14351851851851852
2 0.9326822916666667 0.7599537037037037 0.10546875 0.1726851851851852
2 0.83828125 0.7180555555555556 0.18072916666666666 0.262037037037037
2 0.466796875 0.45393518518518516 0.05651041666666667 0.08009259259259259
2 0.43893229166666664 0.40347222222222223 0.04869791666666667 0.09305555555555556
2 0.395703125 0.47129629629629627 0.05651041666666667 0.09166666666666666
2 0.309375 0.5300925925925926 0.05520833333333333 0.06481481481481481
2 0.17408854166666668 0.5057870370370371 0.06536458333333334 0.06712962962962964
2 0.8358072916666667 0.2023148148148148 0.05234375 0.05185185185185185
2 0.5735677083333334 0.3347222222222222 0.06380208333333333 0.09444444444444444
2 0.5076822916666667 0.3375 0.062239583333333334 0.07407407407407407
2 0.4744791666666667 0.30972222222222223 0.0453125 0.062037037037037036
2 0.4609375 0.21342592592592594 0.033854166666666664 0.04537037037037037
2 0.5537760416666667 0.21157407407407408 0.028385416666666666 0.05925925925925926
2 0.36080729166666664 0.35833333333333334 0.055989583333333336 0.08055555555555556
