2 0.7919270833333333 0.6826388888888889 0.05364583333333333 0.055092592592592596
2 0.61796875 0.275 0.07864583333333333 0.09722222222222222
2 0.6317708333333333 0.3587962962962963 0.03802083333333333 0.044444444444444446
2 0.601953125 0.33819444444444446 0.030989583333333334 0.04212962962962963
2 0.5279947916666666 0.30625 0.05755208333333333 0.0699074074074074
2 0.5546875 0.3574074074074074 0.05572916666666667 0.075
2 0.658984375 0.20625 0.07630208333333334 0.08009259259259259
2 0.5354166666666667 0.11944444444444445 0.04583333333333333 0.062037037037037036
2 0.4395833333333333 0.34097222222222223 0.05 0.060648148148148145
2 0.6447916666666667 0.750462962962963 0.13072916666666667 0.21296296296296297
2 0.4395833333333333 0.5993055555555555 0.07760416666666667 0.13287037037037036
2 0.21236979166666667 0.34421296296296294 0.06744791666666666 0.09027777777777778
0 0.9615885416666666 0.21597222222222223 0.07682291666666667 0.12175925925925926
2 0.26315104166666664 0.06319444444444444 0.029947916666666668 0.0412037037037037
