0 0.95390625 0.35671296296296295 0.0921875 0.13194444444444445
2 0.5223958333333333 0.21689814814814815 0.044270833333333336 0.047685185185185185
2 0.565625 0.33449074074074076 0.04791666666666667 0.05324074074074074
2 0.6305989583333333 0.33773148148148147 0.045572916666666664 0.06435185185185185
2 0.7424479166666667 0.43333333333333335 0.06041666666666667 0.09074074074074075
2 0.8768229166666667 0.09513888888888888 0.053125 0.07731481481481481
2 0.5837239583333333 0.07962962962962963 0.04505208333333333 0.05185185185185185
2 0.2708333333333333 0.2127314814814815 0.04791666666666667 0.06712962962962964
2 0.3143229166666667 0.3886574074074074 0.049479166666666664 0.08657407407407407
2 0.2623697916666667 0.37175925925925923 0.04296875 0.06851851851851852
2 0.657421875 0.6282407407407408 0.06744791666666666 0.11388888888888889
2 0.600390625 0.6412037037037037 0.07838541666666667 0.12407407407407407
2 0.49921875 0.8960648148148148 0.058854166666666666 0.13287037037037036
2 0.5692708333333333 0.9104166666666667 0.06822916666666666 0.13564814814814816
2 0.73046875 0.8296296296296296 0.08854166666666667 0.15
2 0.7716145833333333 0.7277777777777777 0.071875 0.11851851851851852
3 0.8725260416666667 0.32037037037037036 0.11692708333333333 0.17407407407407408
2 0.9286458333333333 0.19328703703703703 0.040625 0.05694444444444444
2 0.7151041666666667 0.19189814814814815 0.04791666666666667 0.06157407407407407
2 0.4119791666666667 0.03819444444444445 0.03697916666666667 0.04398148148148148
2 0.3463541666666667 0.018287037037037036 0.0390625 0.03194444444444444
