2 0.5498697916666667 0.5118055555555555 0.06432291666666666 0.10046296296296296
2 0.17526041666666667 0.3738425925925926 0.0515625 0.07731481481481481
2 0.4373697916666667 0.9685185185185186 0.08359375 0.06296296296296296
2 0.62734375 0.8296296296296296 0.13072916666666667 0.17592592592592593
2 0.6760416666666667 0.1474537037037037 0.0421875 0.047685185185185185
2 0.683203125 0.19837962962962963 0.04348958333333333 0.06157407407407407
2 0.71015625 0.2590277777777778 0.059375 0.07453703703703704
2 0.9697916666666667 0.32337962962962963 0.06041666666666667 0.0699074074074074
2 0.8735677083333333 0.22870370370370371 0.05651041666666667 0.06574074074074074
2 0.8865885416666667 0.319212962962963 0.07109375 0.0837962962962963
2 0.7998697916666667 0.25 0.07057291666666667 0.07962962962962963
2 0.7994791666666666 0.3236111111111111 0.07135416666666666 0.07222222222222222
2 0.8248697916666666 0.5152777777777777 0.06848958333333334 0.09444444444444444
2 0.7569010416666667 0.4423611111111111 0.08359375 0.10046296296296296
2 0.5268229166666667 0.6581018518518519 0.0734375 0.10324074074074074
2 0.56953125 0.6076388888888888 0.057291666666666664 0.10324074074074074
2 0.493359375 0.5055555555555555 0.12005208333333334 0.16296296296296298
2 0.1390625 0.45069444444444445 0.058854166666666666 0.0763888888888889
2 0.02421875 0.4752314814814815 0.04010416666666667 0.05324074074074074
2 0.0296875 0.5 0.05364583333333333 0.05555555555555555
2 0.03619791666666667 0.5261574074074075 0.06666666666666667 0.06712962962962964
2 0.4759114583333333 0.8833333333333333 0.09661458333333334 0.1175925925925926
2 0.5481770833333334 0.8671296296296296 0.07708333333333334 0.14166666666666666
