2 0.7919270833333333 0.14791666666666667 0.034375 0.05324074074074074
2 0.8373697916666667 0.8636574074074074 0.11380208333333333 0.1625
2 0.6345052083333333 0.41226851851851853 0.05963541666666667 0.07268518518518519
2 0.5962239583333333 0.5298611111111111 0.06640625 0.10416666666666667
2 0.80234375 0.2039351851851852 0.0453125 0.0412037037037037
2 0.80859375 0.31666666666666665 0.0453125 0.04259259259259259
2 0.817578125 0.34675925925925927 0.038802083333333334 0.04259259259259259
2 0.8048177083333333 0.3726851851851852 0.04453125 0.044444444444444446
2 0.900390625 0.4928240740740741 0.08567708333333333 0.12824074074074074
2 0.8989583333333333 0.6453703703703704 0.09427083333333333 0.10833333333333334
2 0.687890625 0.6881944444444444 0.08151041666666667 0.08564814814814815
2 0.61953125 0.9185185185185185 0.09479166666666666 0.16111111111111112
2 0.5416666666666666 0.8613425925925926 0.07239583333333334 0.12453703703703704
2 0.031119791666666667 0.5784722222222223 0.05963541666666667 0.06527777777777778
2 0.12669270833333332 0.3909722222222222 0.046614583333333334 0.055092592592592596
2 0.24322916666666666 0.42106481481481484 0.03333333333333333 0.055092592592592596
2 0.27760416666666665 0.37777777777777777 0.03958333333333333 0.05648148148148148
2 0.4694010416666667 0.5092592592592593 0.04244791666666667 0.07592592592592592
2 0.5134114583333333 0.45949074074074076 0.048177083333333336 0.08657407407407407
2 0.52890625 0.3210648148148148 0.049479166666666664 0.0763888888888889
2 0.35078125 0.7793981481481481 0.057291666666666664 0.11990740740740741
2 0.473046875 0.7944444444444444 0.09348958333333333 0.11944444444444445
0 0.4498697916666667 0.712037037037037 0.12109375 0.10555555555555556
