2 0.3240885416666667 0.22847222222222222 0.023177083333333334 0.04212962962962963
2 0.9615885416666666 0.21087962962962964 0.07682291666666667 0.10416666666666667
2 0.4962239583333333 0.1886574074074074 0.03567708333333333 0.055092592592592596
2 0.06705729166666667 0.7560185185185185 0.06015625 0.08796296296296297
2 0.570703125 0.30300925925925926 0.05390625 0.05694444444444444
2 0.6610677083333333 0.46620370370370373 0.07057291666666667 0.09444444444444444
2 0.69453125 0.3907407407407407 0.06875 0.07962962962962963
2 0.49309895833333334 0.7652777777777777 0.06536458333333334 0.13425925925925927
2 0.48971354166666664 0.5057870370370371 0.055989583333333336 0.08009259259259259
2 0.348046875 0.43194444444444446 0.054427083333333334 0.06944444444444445
2 0.275390625 0.5043981481481481 0.06171875 0.08009259259259259
2 0.6850260416666667 0.9141203703703704 0.12578125 0.17175925925925925
2 0.5997395833333333 0.5456018518518518 0.058333333333333334 0.07731481481481481
2 0.5701822916666667 0.47824074074074074 0.05546875 0.08148148148148149
2 0.6408854166666667 0.5194444444444445 0.03697916666666667 0.03981481481481482
2 0.6703125 0.5423611111111111 0.034895833333333334 0.04490740740740741
2 0.8266927083333333 0.8921296296296296 0.05234375 0.05185185185185185
