2 0.9609375 0.663425925925926 0.06145833333333333 0.04814814814814815
2 0.20130208333333333 0.3902777777777778 0.0734375 0.10462962962962963
2 0.2813802083333333 0.2810185185185185 0.06171875 0.0824074074074074
2 0.28932291666666665 0.1150462962962963 0.05 0.05787037037037037
2 0.21119791666666668 0.04814814814814815 0.0390625 0.05555555555555555
2 0.5475260416666666 0.09189814814814815 0.06536458333333334 0.0763888888888889
2 0.4901041666666667 0.3300925925925926 0.07135416666666666 0.09814814814814815
2 0.587890625 0.29189814814814813 0.06171875 0.09953703703703703
2 0.6876302083333333 0.24606481481481482 0.07838541666666667 0.1162037037037037
2 0.714453125 0.16527777777777777 0.07421875 0.08703703703703704
2 0.81875 0.7650462962962963 0.14583333333333334 0.2375
2 0.5453125 0.6307870370370371 0.09427083333333333 0.1625
2 0.73515625 0.32430555555555557 0.057291666666666664 0.06342592592592593
2 0.6411458333333333 0.3472222222222222 0.05416666666666667 0.1
