2 0.8611979166666667 0.9050925925925926 0.1234375 0.18981481481481483
2 0.43919270833333335 0.5986111111111111 0.039322916666666666 0.062037037037037036
2 0.477734375 0.2789351851851852 0.037760416666666664 0.050462962962962966
2 0.49765625 0.31712962962962965 0.05 0.05648148148148148
2 0.5587239583333333 0.2969907407407407 0.04296875 0.060648148148148145
2 0.6200520833333333 0.33194444444444443 0.04635416666666667 0.058333333333333334
2 0.906640625 0.6747685185185185 0.054427083333333334 0.09583333333333334
2 0.7850260416666667 0.29259259259259257 0.04505208333333333 0.07777777777777778
2 0.8201822916666667 0.3224537037037037 0.03411458333333333 0.05694444444444444
2 0.7893229166666667 0.3662037037037037 0.04635416666666667 0.075
2 0.560546875 0.34930555555555554 0.03619791666666667 0.06435185185185185
2 0.5470052083333333 0.4425925925925926 0.054427083333333334 0.07222222222222222
2 0.77265625 0.5481481481481482 0.06822916666666666 0.0824074074074074
2 0.760546875 0.6127314814814815 0.06171875 0.07453703703703704
2 0.7359375 0.6662037037037037 0.05572916666666667 0.09166666666666666
2 0.487890625 0.7219907407407408 0.07265625 0.09675925925925925
2 0.40729166666666666 0.9104166666666667 0.084375 0.1587962962962963
2 0.10677083333333333 0.5708333333333333 0.05520833333333333 0.08888888888888889
2 0.03763020833333333 0.6282407407407408 0.05651041666666667 0.08796296296296297
2 0.3782552083333333 0.544212962962963 0.08723958333333333 0.12638888888888888
