2 0.5173177083333333 0.4185185185185185 0.030989583333333334 0.044444444444444446
2 0.6088541666666667 0.3886574074074074 0.0296875 0.04675925925925926
2 0.6796875 0.6340277777777777 0.0484375 0.0837962962962963
2 0.7421875 0.7458333333333333 0.0765625 0.10555555555555556
2 0.7251302083333333 0.63125 0.04505208333333333 0.08287037037037037
2 0.8022135416666667 0.5462962962962963 0.05859375 0.07592592592592592
2 0.5397135416666666 0.9300925925925926 0.06901041666666667 0.10648148148148148
2 0.45026041666666666 0.9527777777777777 0.06458333333333334 0.09444444444444444
2 0.41184895833333335 0.9243055555555556 0.05234375 0.09305555555555556
2 0.462109375 0.8002314814814815 0.05234375 0.0837962962962963
2 0.590234375 0.8233796296296296 0.05286458333333333 0.09490740740740741
