1 0.6271331058020477 0.10104166666666667 0.12457337883959044 0.11041666666666666
1 0.4087030716723549 0.8479166666666667 0.16552901023890784 0.175
1 0.33532423208191126 0.565625 0.10068259385665529 0.18958333333333333
1 0.3822525597269625 0.396875 0.09556313993174062 0.15208333333333332
1 0.3054607508532423 0.11354166666666667 0.10238907849829351 0.13958333333333334
1 0.9445392491467577 0.8447916666666667 0.11092150170648464 0.21041666666666667
1 0.5401023890784983 0.184375 0.10068259385665529 0.13541666666666666
1 0.764505119453925 0.13020833333333334 0.10580204778156997 0.12291666666666666
1 0.9257679180887372 0.18541666666666667 0.12457337883959044 0.15416666666666667
1 0.9735494880546075 0.03229166666666667 0.052901023890784986 0.05625
