2 0.6850260416666667 0.32314814814814813 0.03515625 0.04814814814814815
2 0.65703125 0.5967592592592592 0.04583333333333333 0.08055555555555556
2 0.6572916666666667 0.5152777777777777 0.04895833333333333 0.07314814814814814
2 0.7328125 0.5370370370370371 0.0515625 0.0824074074074074
2 0.888671875 0.32893518518518516 0.047135416666666666 0.04953703703703704
2 0.5205729166666667 0.6236111111111111 0.03854166666666667 0.07222222222222222
2 0.46640625 0.655787037037037 0.04010416666666667 0.060648148148148145
2 0.5450520833333333 0.8152777777777778 0.0453125 0.08148148148148149
2 0.48515625 0.8689814814814815 0.0515625 0.07685185185185185
2 0.640234375 0.7138888888888889 0.04192708333333333 0.08055555555555556
