2 0.8774739583333333 0.21851851851851853 0.05026041666666667 0.05740740740740741
2 0.7959635416666667 0.28541666666666665 0.04088541666666667 0.06712962962962964
0 0.56484375 0.700462962962963 0.07552083333333333 0.12037037037037036
2 0.38671875 0.5416666666666666 0.052083333333333336 0.08703703703703704
2 0.43919270833333335 0.5682870370370371 0.05546875 0.09861111111111111
2 0.53125 0.4888888888888889 0.0546875 0.06666666666666667
2 0.49635416666666665 0.4740740740740741 0.051041666666666666 0.06666666666666667
2 0.5415364583333333 0.39375 0.047135416666666666 0.06620370370370371
2 0.60859375 0.4689814814814815 0.057291666666666664 0.07222222222222222
2 0.6541666666666667 0.3976851851851852 0.04114583333333333 0.06759259259259259
2 0.6283854166666667 0.7206018518518519 0.0734375 0.10324074074074074
2 0.7080729166666667 0.7055555555555556 0.0625 0.10092592592592593
2 0.9686197916666667 0.6013888888888889 0.06276041666666667 0.1259259259259259
2 0.5553385416666666 0.5435185185185185 0.05286458333333333 0.09537037037037037
2 0.47213541666666664 0.5847222222222223 0.0515625 0.07222222222222222
2 0.8053385416666666 0.3490740740740741 0.061197916666666664 0.08981481481481482
2 0.753515625 0.27569444444444446 0.05286458333333333 0.08472222222222223
