2 0.56484375 0.6993055555555555 0.0515625 0.08472222222222223
2 0.455078125 0.687962962962963 0.04973958333333333 0.07037037037037037
2 0.41158854166666664 0.7893518518518519 0.05546875 0.0824074074074074
2 0.440234375 0.8168981481481481 0.05859375 0.08935185185185185
2 0.8805989583333333 0.9416666666666667 0.10338541666666666 0.11666666666666667
2 0.90859375 0.6599537037037037 0.078125 0.11712962962962963
2 0.6921875 0.5479166666666667 0.0375 0.0837962962962963
2 0.7015625 0.6391203703703704 0.06666666666666667 0.10787037037037037
2 0.6545572916666667 0.5469907407407407 0.047135416666666666 0.08842592592592592
2 0.46796875 0.8956018518518518 0.052083333333333336 0.09953703703703703
2 0.519921875 0.7907407407407407 0.05807291666666667 0.10092592592592593
2 0.76875 0.46458333333333335 0.053125 0.07453703703703704
