2 0.5009114583333333 0.25833333333333336 0.045572916666666664 0.05277777777777778
2 0.905078125 0.37245370370370373 0.06848958333333334 0.08842592592592592
2 0.8389322916666667 0.4375 0.07161458333333333 0.07777777777777778
2 0.8873697916666666 0.47638888888888886 0.06901041666666667 0.08055555555555556
2 0.9225260416666666 0.5664351851851852 0.07213541666666666 0.09953703703703703
2 0.8122395833333333 0.5462962962962963 0.06822916666666666 0.07314814814814814
2 0.4703125 0.44884259259259257 0.05416666666666667 0.059722222222222225
2 0.19544270833333333 0.4097222222222222 0.04140625 0.05740740740740741
2 0.15989583333333332 0.669675925925926 0.0515625 0.0837962962962963
2 0.21770833333333334 0.5034722222222222 0.049479166666666664 0.07916666666666666
2 0.036328125 0.6622685185185185 0.06640625 0.10787037037037037
2 0.11419270833333334 0.5550925925925926 0.04244791666666667 0.08611111111111111
