2 0.5264322916666667 0.25046296296296294 0.04765625 0.04814814814814815
2 0.01953125 0.7488425925925926 0.035416666666666666 0.09490740740740741
2 0.08020833333333334 0.6759259259259259 0.057291666666666664 0.0962962962962963
2 0.04375 0.625462962962963 0.08125 0.11944444444444445
2 0.12903645833333333 0.5108796296296296 0.04765625 0.07824074074074074
2 0.212890625 0.3835648148148148 0.04244791666666667 0.050462962962962966
2 0.229296875 0.4752314814814815 0.047135416666666666 0.06620370370370371
2 0.17057291666666666 0.6472222222222223 0.052083333333333336 0.0824074074074074
2 0.35 0.5726851851851852 0.0484375 0.07777777777777778
2 0.498046875 0.44837962962962963 0.05286458333333333 0.0699074074074074
2 0.86640625 0.5974537037037037 0.07239583333333334 0.06527777777777778
2 0.9731770833333333 0.6351851851851852 0.05364583333333333 0.125
2 0.9493489583333333 0.51875 0.08723958333333333 0.09398148148148149
2 0.8838541666666667 0.4706018518518518 0.07239583333333334 0.07083333333333333
2 0.9661458333333334 0.4173611111111111 0.06770833333333333 0.07916666666666666
2 0.7290364583333333 0.44027777777777777 0.05807291666666667 0.07685185185185185
