1 0.757679180887372 0.24791666666666667 0.11262798634812286 0.14166666666666666
1 0.6902730375426621 0.17291666666666666 0.08020477815699659 0.1125
1 0.9581911262798635 0.48125 0.08361774744027303 0.1125
1 0.9803754266211604 0.25416666666666665 0.03924914675767918 0.14583333333333334
1 0.8890784982935154 0.053125 0.10580204778156997 0.10208333333333333
1 0.6151877133105802 0.07916666666666666 0.08020477815699659 0.12083333333333333
1 0.31569965870307165 0.041666666666666664 0.06484641638225255 0.07916666666666666
1 0.25597269624573377 0.375 0.07508532423208192 0.11666666666666667
1 0.2619453924914676 0.7697916666666667 0.06313993174061433 0.11041666666666666
1 0.5221843003412969 0.12604166666666666 0.07849829351535836 0.11041666666666666
