1 0.8882252559726962 0.3177083333333333 0.06313993174061433 0.06875
1 0.9257679180887372 0.365625 0.052901023890784986 0.06458333333333334
1 0.8344709897610921 0.2708333333333333 0.07167235494880546 0.0875
1 0.7773037542662116 0.18541666666666667 0.059726962457337884 0.1
1 0.6766211604095563 0.8822916666666667 0.08020477815699659 0.09375
1 0.8609215017064846 0.9125 0.09385665529010238 0.1125
1 0.9436860068259386 0.9322916666666666 0.09556313993174062 0.11875
1 0.9590443686006825 0.7729166666666667 0.08191126279863481 0.125
1 0.9735494880546075 0.6385416666666667 0.052901023890784986 0.11458333333333333
1 0.9718430034129693 0.5302083333333333 0.03583617747440273 0.08125
1 0.9180887372013652 0.475 0.07508532423208192 0.10833333333333334
1 0.7713310580204779 0.5197916666666667 0.11945392491467577 0.13958333333333334
1 0.5648464163822525 0.74375 0.07508532423208192 0.09583333333333334
1 0.5972696245733788 0.6552083333333333 0.06825938566552901 0.09375
1 0.7687713310580204 0.403125 0.09385665529010238 0.11041666666666666
1 0.5093856655290102 0.146875 0.07337883959044368 0.09375
1 0.4658703071672355 0.21979166666666666 0.04778156996587031 0.10625
1 0.5255972696245734 0.4166666666666667 0.06484641638225255 0.10416666666666667
1 0.46075085324232085 0.3875 0.05460750853242321 0.08333333333333333
1 0.3515358361774744 0.6416666666666667 0.05460750853242321 0.07083333333333333
1 0.371160409556314 0.7302083333333333 0.08020477815699659 0.10208333333333333
1 0.9607508532423208 0.09791666666666667 0.07167235494880546 0.07916666666666666
1 0.8686006825938567 0.11354166666666667 0.06484641638225255 0.07708333333333334
1 0.9010238907849829 0.165625 0.06484641638225255 0.08125
