1 0.7627986348122867 0.14479166666666668 0.10580204778156997 0.11041666666666666
1 0.9513651877133106 0.20729166666666668 0.09726962457337884 0.13125
1 0.9752559726962458 0.565625 0.04948805460750853 0.14375
1 0.9709897610921502 0.784375 0.05802047781569966 0.15208333333333332
1 0.8899317406143344 0.7625 0.11774744027303755 0.17083333333333334
1 0.7627986348122867 0.7197916666666667 0.0034129692832764505 0.0020833333333333333
1 0.7474402730375427 0.8572916666666667 0.09215017064846416 0.10625
1 0.6672354948805461 0.7583333333333333 0.10238907849829351 0.15833333333333333
1 0.6203071672354948 0.4375 0.07337883959044368 0.12083333333333333
1 0.5674061433447098 0.5197916666666667 0.06655290102389079 0.11458333333333333
1 0.5324232081911263 0.6114583333333333 0.07508532423208192 0.12291666666666666
1 0.49402730375426623 0.25 0.07679180887372014 0.09583333333333334
1 0.42235494880546076 0.23125 0.052901023890784986 0.08333333333333333
1 0.3003412969283277 0.5854166666666667 0.07849829351535836 0.10833333333333334
1 0.28754266211604096 0.48854166666666665 0.06313993174061433 0.07708333333333334
1 0.773037542662116 0.259375 0.1296928327645051 0.16458333333333333
