1 0.6254266211604096 0.42604166666666665 0.06655290102389079 0.052083333333333336
1 0.5844709897610921 0.22916666666666666 0.05631399317406143 0.0625
1 0.507679180887372 0.16458333333333333 0.03924914675767918 0.04583333333333333
1 0.47440273037542663 0.16979166666666667 0.040955631399317405 0.052083333333333336
1 0.7098976109215017 0.30833333333333335 0.051194539249146756 0.05416666666666667
1 0.7141638225255973 0.17916666666666667 0.04607508532423208 0.0625
1 0.7824232081911263 0.22604166666666667 0.03924914675767918 0.035416666666666666
1 0.7790102389078498 0.27395833333333336 0.05631399317406143 0.052083333333333336
1 0.5887372013651877 0.29791666666666666 0.04436860068259386 0.05416666666666667
1 0.9462457337883959 0.45416666666666666 0.06313993174061433 0.07083333333333333
1 0.924061433447099 0.415625 0.05631399317406143 0.06458333333333334
1 0.9675767918088737 0.40208333333333335 0.04778156996587031 0.0625
1 0.7994880546075085 0.11770833333333333 0.03924914675767918 0.06458333333333334
1 0.878839590443686 0.21770833333333334 0.040955631399317405 0.06875
1 0.5324232081911263 0.490625 0.05802047781569966 0.08125
1 0.726962457337884 0.42604166666666665 0.040955631399317405 0.04791666666666667
1 0.36860068259385664 0.4635416666666667 0.04436860068259386 0.07291666666666667
1 0.3575085324232082 0.39791666666666664 0.05631399317406143 0.058333333333333334
1 0.3506825938566553 0.32708333333333334 0.04607508532423208 0.06666666666666667
1 0.3302047781569966 0.26979166666666665 0.052901023890784986 0.052083333333333336
1 0.19965870307167236 0.240625 0.03754266211604096 0.052083333333333336
1 0.17832764505119453 0.2125 0.03924914675767918 0.04583333333333333
1 0.976962457337884 0.14479166666666668 0.04607508532423208 0.06458333333333334
1 0.8677474402730375 0.2708333333333333 0.052901023890784986 0.05
1 0.96160409556314 0.29791666666666666 0.05631399317406143 0.0625
1 0.5 0.5625 0.040955631399317405 0.0625
1 0.7704778156996587 0.5989583333333334 0.05631399317406143 0.07291666666666667
1 0.8370307167235495 0.6458333333333334 0.052901023890784986 0.06666666666666667
1 0.9215017064846417 0.6708333333333333 0.05802047781569966 0.06666666666666667
1 0.9266211604095563 0.7166666666666667 0.06484641638225255 0.075
1 0.9581911262798635 0.68125 0.042662116040955635 0.06666666666666667
1 0.4974402730375427 0.6979166666666666 0.059726962457337884 0.075
1 0.6663822525597269 0.7239583333333334 0.05631399317406143 0.06875
1 0.7158703071672355 0.778125 0.06996587030716724 0.08958333333333333
1 0.7235494880546075 0.865625 0.07849829351535836 0.08958333333333333
1 0.8148464163822525 0.83125 0.059726962457337884 0.07916666666666666
1 0.8668941979522184 0.928125 0.07167235494880546 0.08958333333333333
1 0.5537542662116041 0.71875 0.04948805460750853 0.07083333333333333
1 0.4308873720136519 0.903125 0.059726962457337884 0.06041666666666667
