2 0.39674479166666665 0.38680555555555557 0.04505208333333333 0.055092592592592596
2 0.09830729166666667 0.51875 0.039322916666666666 0.059722222222222225
2 0.2950520833333333 0.5319444444444444 0.035416666666666666 0.06759259259259259
2 0.837890625 0.5555555555555556 0.06067708333333333 0.08518518518518518
2 0.82421875 0.8210648148148149 0.0625 0.10416666666666667
2 0.57890625 0.8233796296296296 0.059895833333333336 0.10694444444444444
2 0.4180989583333333 0.6759259259259259 0.05286458333333333 0.0824074074074074
2 0.4825520833333333 0.8497685185185185 0.07604166666666666 0.1412037037037037
2 0.431640625 0.8067129629629629 0.05286458333333333 0.11712962962962963
2 0.5467447916666667 0.31527777777777777 0.039322916666666666 0.04722222222222222
2 0.5485677083333333 0.36041666666666666 0.039322916666666666 0.04583333333333333
2 0.5611979166666666 0.4127314814814815 0.034895833333333334 0.04675925925925926
2 0.5022135416666667 0.5550925925925926 0.04192708333333333 0.08148148148148149
2 0.47421875 0.3976851851851852 0.0375 0.06296296296296296
2 0.408984375 0.4585648148148148 0.05286458333333333 0.06527777777777778
2 0.37018229166666666 0.5331018518518519 0.05026041666666667 0.0837962962962963
