1 0.3779863481228669 0.37916666666666665 0.06655290102389079 0.0875
1 0.36860068259385664 0.44895833333333335 0.06484641638225255 0.08541666666666667
1 0.2909556313993174 0.5229166666666667 0.05631399317406143 0.041666666666666664
1 0.3609215017064846 0.54375 0.07679180887372014 0.058333333333333334
1 0.46928327645051193 0.4427083333333333 0.08873720136518772 0.10625
1 0.4931740614334471 0.5583333333333333 0.09215017064846416 0.10416666666666667
1 0.44795221843003413 0.584375 0.08361774744027303 0.07708333333333334
1 0.5324232081911263 0.684375 0.09215017064846416 0.11458333333333333
1 0.5 0.8052083333333333 0.06825938566552901 0.08958333333333333
1 0.5580204778156996 0.23541666666666666 0.06825938566552901 0.075
1 0.37627986348122866 0.7208333333333333 0.11774744027303755 0.15416666666666667
1 0.17064846416382254 0.70625 0.08873720136518772 0.1125
1 0.03839590443686007 0.7333333333333333 0.059726962457337884 0.07916666666666666
1 0.030716723549488054 0.615625 0.05802047781569966 0.06458333333333334
1 0.02218430034129693 0.31666666666666665 0.040955631399317405 0.11666666666666667
