2 0.5860677083333333 0.5439814814814815 0.04505208333333333 0.075
2 0.91328125 0.5326388888888889 0.0703125 0.11712962962962963
2 0.6802083333333333 0.4134259259259259 0.0484375 0.06666666666666667
2 0.7190104166666667 0.4162037037037037 0.040625 0.06759259259259259
2 0.7221354166666667 0.4875 0.057291666666666664 0.07685185185185185
2 0.4845052083333333 0.5280092592592592 0.04505208333333333 0.07083333333333333
2 0.4705729166666667 0.6284722222222222 0.051041666666666666 0.0837962962962963
2 0.4147135416666667 0.7247685185185185 0.04244791666666667 0.07453703703703704
2 0.496484375 0.6949074074074074 0.04973958333333333 0.08796296296296297
2 0.5421875 0.6152777777777778 0.059895833333333336 0.0824074074074074
2 0.9263020833333333 0.8629629629629629 0.10833333333333334 0.1287037037037037
2 0.8641927083333333 0.7597222222222222 0.08828125 0.11944444444444445
2 0.6205729166666667 0.8708333333333333 0.053125 0.10555555555555556
2 0.5552083333333333 0.8780092592592592 0.0703125 0.09861111111111111
2 0.3391927083333333 0.6851851851851852 0.05546875 0.0962962962962963
2 0.3821614583333333 0.8268518518518518 0.055989583333333336 0.09074074074074075
2 0.790625 0.35439814814814813 0.04635416666666667 0.07268518518518519
