1 0.43856655290102387 0.47708333333333336 0.11262798634812286 0.12916666666666668
1 0.4334470989761092 0.5479166666666667 0.13651877133105803 0.13333333333333333
1 0.5656996587030717 0.5427083333333333 0.1075085324232082 0.13541666666666666
1 0.5520477815699659 0.43125 0.11774744027303755 0.12916666666666668
1 0.7098976109215017 0.8875 0.15699658703071673 0.2
1 0.7721843003412969 0.43333333333333335 0.11774744027303755 0.15416666666666667
1 0.9667235494880546 0.10729166666666666 0.06655290102389079 0.08541666666666667
1 0.9709897610921502 0.8354166666666667 0.05802047781569966 0.10416666666666667
1 0.5819112627986348 0.340625 0.09556313993174062 0.08958333333333333
1 0.5341296928327645 0.26458333333333334 0.07167235494880546 0.09583333333333334
