1 0.2548611111111111 0.1 0.1375 0.19506172839506172
0 0.4375 0.09506172839506173 0.3194444444444444 0.18518518518518517
0 0.31805555555555554 0.23950617283950618 0.2361111111111111 0.1580246913580247
0 0.12083333333333333 0.07407407407407407 0.2 0.14320987654320988
0 0.12152777777777778 0.25308641975308643 0.15138888888888888 0.32839506172839505
0 0.03611111111111111 0.22839506172839505 0.06944444444444445 0.24444444444444444
1 0.5048611111111111 0.26049382716049385 0.18194444444444444 0.2641975308641975
1 0.7340277777777777 0.145679012345679 0.1763888888888889 0.25679012345679014
0 0.9243055555555556 0.06049382716049383 0.15138888888888888 0.11604938271604938
0 0.8979166666666667 0.22098765432098766 0.20416666666666666 0.24444444444444444
2 0.9493055555555555 0.3493827160493827 0.10138888888888889 0.27901234567901234
1 0.5097222222222222 0.7493827160493827 0.30833333333333335 0.4962962962962963
0 0.8076388888888889 0.6703703703703704 0.24305555555555555 0.654320987654321
0 0.6763888888888889 0.2777777777777778 0.17777777777777778 0.19506172839506172
0 0.5777777777777777 0.5074074074074074 0.28055555555555556 0.3728395061728395
0 0.29791666666666666 0.4506172839506173 0.16805555555555557 0.2691358024691358
0 0.3159722222222222 0.8135802469135802 0.13194444444444445 0.3728395061728395
