2 0.7826388888888889 0.11604938271604938 0.11805555555555555 0.11358024691358025
0 0.875 0.7962962962962963 0.25 0.4074074074074074
0 0.06597222222222222 0.7654320987654321 0.12361111111111112 0.4691358024691358
0 0.8305555555555556 0.49382716049382713 0.2777777777777778 0.2123456790123457
1 0.9701388888888889 0.4506172839506173 0.059722222222222225 0.2641975308641975
0 0.3125 0.6061728395061728 0.12777777777777777 0.49135802469135803
2 0.38680555555555557 0.41975308641975306 0.15138888888888888 0.23209876543209876
0 0.4444444444444444 0.2765432098765432 0.22777777777777777 0.17777777777777778
0 0.5743055555555555 0.5530864197530864 0.26805555555555555 0.4839506172839506
1 0.18819444444444444 0.6432098765432098 0.21805555555555556 0.362962962962963
1 0.16597222222222222 0.41358024691358025 0.2152777777777778 0.27901234567901234
0 0.11597222222222223 0.2938271604938272 0.11805555555555555 0.2123456790123457
2 0.049305555555555554 0.3395061728395062 0.09583333333333334 0.2
1 0.075 0.17037037037037037 0.14444444444444443 0.18271604938271604
1 0.12638888888888888 0.06790123456790123 0.1111111111111111 0.1308641975308642
0 0.19236111111111112 0.12222222222222222 0.07083333333333333 0.2345679012345679
1 0.6208333333333333 0.2580246913580247 0.18055555555555555 0.2740740740740741
1 0.6638888888888889 0.12839506172839507 0.2 0.2518518518518518
2 0.9284722222222223 0.145679012345679 0.14305555555555555 0.2419753086419753
0 0.8243055555555555 0.27283950617283953 0.30694444444444446 0.2938271604938272
1 0.25555555555555554 0.11975308641975309 0.11666666666666667 0.21481481481481482
2 0.34375 0.08024691358024691 0.09027777777777778 0.15555555555555556
0 0.42569444444444443 0.10740740740740741 0.07361111111111111 0.1308641975308642
