1 0.16875 0.4024691358024691 0.14583333333333334 0.23703703703703705
1 0.08125 0.5950617283950618 0.1597222222222222 0.34074074074074073
3 0.5701388888888889 0.3802469135802469 0.3236111111111111 0.3950617283950617
2 0.5090277777777777 0.07654320987654321 0.11527777777777778 0.14814814814814814
2 0.4361111111111111 0.07654320987654321 0.075 0.1037037037037037
2 0.6993055555555555 0.1037037037037037 0.13472222222222222 0.20246913580246914
2 0.8381944444444445 0.04814814814814815 0.14583333333333334 0.09135802469135802
2 0.4027777777777778 0.2234567901234568 0.1638888888888889 0.18518518518518517
2 0.2847222222222222 0.43580246913580245 0.14722222222222223 0.21481481481481482
2 0.8604166666666667 0.3012345679012346 0.22916666666666666 0.23703703703703705
2 0.6597222222222222 0.45555555555555555 0.15 0.22469135802469137
2 0.5930555555555556 0.7888888888888889 0.2777777777777778 0.4222222222222222
1 0.37916666666666665 0.6061728395061728 0.23333333333333334 0.35802469135802467
0 0.20625 0.8246913580246914 0.2013888888888889 0.3506172839506173
0 0.8347222222222223 0.8222222222222222 0.3194444444444444 0.35555555555555557
