0 0.31319444444444444 0.7098765432098766 0.11527777777777778 0.21481481481481482
0 0.76875 0.7962962962962963 0.43194444444444446 0.4074074074074074
0 0.5125 0.8037037037037037 0.5527777777777778 0.3925925925925926
1 0.9583333333333334 0.5765432098765432 0.08333333333333333 0.28888888888888886
1 0.8069444444444445 0.562962962962963 0.21944444444444444 0.2765432098765432
2 0.5743055555555555 0.5765432098765432 0.2152777777777778 0.23950617283950618
2 0.7215277777777778 0.23950617283950618 0.1375 0.1580246913580247
2 0.8611111111111112 0.21358024691358024 0.15555555555555556 0.18024691358024691
2 0.9069444444444444 0.1419753086419753 0.14722222222222223 0.15555555555555556
0 0.9361111111111111 0.05432098765432099 0.12777777777777777 0.1037037037037037
2 0.8298611111111112 0.04567901234567901 0.11527777777777778 0.08641975308641975
2 0.625 0.040740740740740744 0.1 0.07654320987654321
2 0.5763888888888888 0.21728395061728395 0.125 0.1382716049382716
2 0.027083333333333334 0.8851851851851852 0.05138888888888889 0.22962962962962963
2 0.22291666666666668 0.4012345679012346 0.12361111111111112 0.17530864197530865
0 0.3659722222222222 0.3567901234567901 0.21805555555555556 0.2345679012345679
1 0.3854166666666667 0.27901234567901234 0.12916666666666668 0.14320987654320988
1 0.5402777777777777 0.36790123456790125 0.15555555555555556 0.2074074074074074
2 0.4888888888888889 0.1308641975308642 0.11388888888888889 0.1382716049382716
2 0.3763888888888889 0.17160493827160495 0.11944444444444445 0.11604938271604938
2 0.39791666666666664 0.02962962962962963 0.09027777777777778 0.05432098765432099
2 0.3861111111111111 0.08765432098765433 0.09722222222222222 0.07654320987654321
0 0.2604166666666667 0.14814814814814814 0.1625 0.12839506172839507
0 0.22361111111111112 0.07654320987654321 0.08611111111111111 0.08888888888888889
0 0.12986111111111112 0.19876543209876543 0.0875 0.18518518518518517
2 0.04236111111111111 0.19506172839506172 0.08194444444444444 0.11851851851851852
