1 0.640625 0.2378472222222222 0.06534090909090909 0.09375
3 0.30610795454545453 0.3194444444444444 0.06960227272727272 0.08680555555555555
1 0.19744318181818182 0.0703125 0.056818181818181816 0.06770833333333333
1 0.1512784090909091 0.10590277777777778 0.052556818181818184 0.06944444444444445
1 0.19318181818181818 0.14756944444444445 0.048295454545454544 0.06944444444444445
1 0.044744318181818184 0.14756944444444445 0.05823863636363636 0.0763888888888889
1 0.8238636363636364 0.1579861111111111 0.05965909090909091 0.07291666666666667
1 0.7038352272727273 0.14756944444444445 0.06676136363636363 0.0763888888888889
1 0.9367897727272727 0.11805555555555555 0.05539772727272727 0.07291666666666667
1 0.9204545454545454 0.3003472222222222 0.048295454545454544 0.0763888888888889
1 0.8487215909090909 0.2890625 0.05823863636363636 0.07465277777777778
1 0.9786931818181818 0.3836805555555556 0.04261363636363636 0.0798611111111111
1 0.6782670454545454 0.6085069444444444 0.078125 0.08506944444444445
1 0.4992897727272727 0.5503472222222222 0.07244318181818182 0.1076388888888889
