1 0.20667613636363635 0.8619791666666666 0.06676136363636363 0.0954861111111111
1 0.3963068181818182 0.8411458333333334 0.06818181818181818 0.1232638888888889
1 0.5809659090909091 0.6119791666666666 0.07670454545454546 0.06770833333333333
1 0.7514204545454546 0.7092013888888888 0.08806818181818182 0.11631944444444445
1 0.7649147727272727 0.9383680555555556 0.06960227272727272 0.109375
1 0.7634943181818182 0.8402777777777778 0.04403409090909091 0.10069444444444445
1 0.5632102272727273 0.4184027777777778 0.061079545454545456 0.09375
1 0.6136363636363636 0.3472222222222222 0.06534090909090909 0.08680555555555555
1 0.5333806818181818 0.125 0.06960227272727272 0.0798611111111111
1 0.4460227272727273 0.17274305555555555 0.0625 0.07465277777777778
1 0.42613636363636365 0.23350694444444445 0.05965909090909091 0.078125
1 0.4012784090909091 0.3454861111111111 0.06676136363636363 0.09027777777777778
1 0.2705965909090909 0.3081597222222222 0.06960227272727272 0.10590277777777778
1 0.14772727272727273 0.3402777777777778 0.09943181818181818 0.0798611111111111
1 0.037642045454545456 0.4765625 0.07244318181818182 0.11631944444444445
