0 0.6284722222222222 0.8209876543209876 0.3263888888888889 0.35802469135802467
1 0.6048611111111111 0.44938271604938274 0.35138888888888886 0.5975308641975309
2 0.3659722222222222 0.5111111111111111 0.2791666666666667 0.4148148148148148
2 0.7944444444444444 0.571604938271605 0.20833333333333334 0.5111111111111111
1 0.9159722222222222 0.2111111111111111 0.16805555555555557 0.4074074074074074
2 0.5430555555555555 0.2641975308641975 0.175 0.2074074074074074
2 0.2611111111111111 0.20617283950617285 0.10277777777777777 0.17530864197530865
2 0.5340277777777778 0.09135802469135802 0.15138888888888888 0.17777777777777778
2 0.4340277777777778 0.05432098765432099 0.12638888888888888 0.09876543209876543
1 0.35347222222222224 0.21604938271604937 0.19305555555555556 0.2938271604938272
