0 0.7340277777777777 0.05308641975308642 0.09027777777777778 0.10123456790123457
0 0.9277777777777778 0.2074074074074074 0.14444444444444443 0.3802469135802469
2 0.7958333333333333 0.14814814814814814 0.17777777777777778 0.2123456790123457
1 0.6597222222222222 0.3358024691358025 0.25 0.39012345679012345
0 0.7638888888888888 0.32469135802469135 0.18333333333333332 0.4666666666666667
1 0.5611111111111111 0.1814814814814815 0.20555555555555555 0.3432098765432099
0 0.4638888888888889 0.22839506172839505 0.1 0.27901234567901234
0 0.4076388888888889 0.09753086419753086 0.0763888888888889 0.19012345679012346
1 0.3013888888888889 0.037037037037037035 0.09722222222222222 0.0691358024691358
2 0.31527777777777777 0.14444444444444443 0.1361111111111111 0.19506172839506172
0 0.35694444444444445 0.4049382716049383 0.1388888888888889 0.25679012345679014
2 0.25833333333333336 0.3530864197530864 0.1527777777777778 0.2222222222222222
1 0.1798611111111111 0.5555555555555556 0.2708333333333333 0.49876543209876545
1 0.050694444444444445 0.562962962962963 0.09861111111111111 0.4444444444444444
2 0.1361111111111111 0.8098765432098766 0.2111111111111111 0.2962962962962963
0 0.33402777777777776 0.7197530864197531 0.2125 0.35802469135802467
0 0.6958333333333333 0.7765432098765432 0.5111111111111111 0.43703703703703706
0 0.7201388888888889 0.7703703703703704 0.5597222222222222 0.45925925925925926
0 0.2152777777777778 0.9432098765432099 0.3333333333333333 0.11358024691358025
