2 0.1875 0.5938271604938271 0.013888888888888888 0.007407407407407408
2 0.07708333333333334 0.15679012345679014 0.09027777777777778 0.07654320987654321
1 0.06458333333333334 0.30493827160493825 0.12638888888888888 0.3432098765432099
1 0.6701388888888888 0.32098765432098764 0.2263888888888889 0.3012345679012346
2 0.21944444444444444 0.10987654320987654 0.15 0.11604938271604938
2 0.22777777777777777 0.3419753086419753 0.19166666666666668 0.21975308641975308
2 0.6166666666666667 0.2111111111111111 0.15833333333333333 0.21481481481481482
2 0.8416666666666667 0.14444444444444443 0.21388888888888888 0.18518518518518517
2 0.8930555555555556 0.3469135802469136 0.21388888888888888 0.2740740740740741
2 0.5166666666666667 0.674074074074074 0.2861111111111111 0.44938271604938274
2 0.7659722222222223 0.6074074074074074 0.24583333333333332 0.3358024691358025
1 0.7111111111111111 0.7876543209876543 0.5777777777777777 0.4246913580246914
