1 0.29375 0.23209876543209876 0.14583333333333334 0.25679012345679014
1 0.2604166666666667 0.12098765432098765 0.1597222222222222 0.17777777777777778
1 0.40625 0.10123456790123457 0.09305555555555556 0.16296296296296298
1 0.07152777777777777 0.24691358024691357 0.14027777777777778 0.20246913580246914
0 0.18472222222222223 0.07037037037037037 0.125 0.10617283950617284
2 0.07152777777777777 0.07037037037037037 0.09027777777777778 0.1111111111111111
2 0.175 0.32592592592592595 0.15833333333333333 0.1728395061728395
2 0.06388888888888888 0.45185185185185184 0.125 0.2419753086419753
2 0.23055555555555557 0.5555555555555556 0.16111111111111112 0.2123456790123457
2 0.08125 0.754320987654321 0.1597222222222222 0.2839506172839506
2 0.07847222222222222 0.9444444444444444 0.15416666666666667 0.1111111111111111
1 0.6986111111111111 0.26296296296296295 0.16111111111111112 0.22469135802469137
2 0.5472222222222223 0.18765432098765433 0.11666666666666667 0.09382716049382717
2 0.54375 0.32839506172839505 0.1486111111111111 0.2074074074074074
2 0.4305555555555556 0.41975308641975306 0.1388888888888889 0.16790123456790124
2 0.60625 0.44074074074074077 0.11805555555555555 0.21975308641975308
2 0.8180555555555555 0.29506172839506173 0.11944444444444445 0.16049382716049382
2 0.9486111111111111 0.03950617283950617 0.10277777777777777 0.07407407407407407
2 0.8875 0.11604938271604938 0.1361111111111111 0.12345679012345678
2 0.9291666666666667 0.8024691358024691 0.1388888888888889 0.3950617283950617
0 0.7763888888888889 0.5135802469135803 0.2722222222222222 0.34074074074074073
1 0.7805555555555556 0.7814814814814814 0.2972222222222222 0.43703703703703706
1 0.5694444444444444 0.6592592592592592 0.20555555555555555 0.47901234567901235
1 0.4361111111111111 0.8641975308641975 0.33611111111111114 0.2716049382716049
