1 0.6180555555555556 0.5703703703703704 0.20277777777777778 0.3654320987654321
1 0.5159722222222223 0.42962962962962964 0.1875 0.30617283950617286
2 0.4340277777777778 0.3271604938271605 0.1486111111111111 0.23950617283950618
2 0.3423611111111111 0.4901234567901235 0.14583333333333334 0.21481481481481482
1 0.2111111111111111 0.43333333333333335 0.15 0.2641975308641975
2 0.019444444444444445 0.808641975308642 0.03611111111111111 0.23950617283950618
2 0.16319444444444445 0.6753086419753086 0.19027777777777777 0.24938271604938272
2 0.1527777777777778 0.8765432098765432 0.21944444444444444 0.24691358024691357
2 0.5902777777777778 0.2617283950617284 0.15555555555555556 0.1728395061728395
2 0.46944444444444444 0.7296296296296296 0.19166666666666668 0.34814814814814815
2 0.4340277777777778 0.9444444444444444 0.31527777777777777 0.1111111111111111
2 0.9430555555555555 0.35185185185185186 0.11388888888888889 0.18518518518518517
1 0.9381944444444444 0.7901234567901234 0.12361111111111112 0.41975308641975306
