1 0.10555555555555556 0.5395061728395062 0.10833333333333334 0.1506172839506173
2 0.48541666666666666 0.2308641975308642 0.07916666666666666 0.10123456790123457
2 0.4722222222222222 0.4111111111111111 0.10555555555555556 0.1308641975308642
2 0.3819444444444444 0.40617283950617283 0.08333333333333333 0.1111111111111111
0 0.33055555555555555 0.3654320987654321 0.09722222222222222 0.10864197530864197
1 0.31319444444444444 0.5419753086419753 0.12916666666666668 0.1259259259259259
1 0.3597222222222222 0.7234567901234568 0.10833333333333334 0.19753086419753085
0 0.034027777777777775 0.5617283950617284 0.06527777777777778 0.14074074074074075
2 0.022222222222222223 0.8506172839506173 0.03888888888888889 0.1506172839506173
2 0.29791666666666666 0.8888888888888888 0.17083333333333334 0.2222222222222222
2 0.2263888888888889 0.5839506172839506 0.09722222222222222 0.16049382716049382
0 0.2972222222222222 0.6185185185185185 0.16111111111111112 0.145679012345679
2 0.4666666666666667 0.5654320987654321 0.1111111111111111 0.1728395061728395
2 0.5618055555555556 0.6617283950617284 0.12083333333333333 0.19753086419753085
2 0.7020833333333333 0.7135802469135802 0.1625 0.24691358024691357
2 0.8381944444444445 0.6296296296296297 0.16805555555555557 0.2419753086419753
2 0.9152777777777777 0.8641975308641975 0.16944444444444445 0.2716049382716049
2 0.8590277777777777 0.40370370370370373 0.15416666666666667 0.16049382716049382
2 0.6493055555555556 0.3111111111111111 0.10694444444444444 0.15308641975308643
0 0.9666666666666667 0.6382716049382716 0.06666666666666667 0.28888888888888886
0 0.9131944444444444 0.5160493827160494 0.14305555555555555 0.2765432098765432
0 0.7722222222222223 0.23580246913580247 0.13333333333333333 0.10123456790123457
2 0.8736111111111111 0.16296296296296298 0.10555555555555556 0.12345679012345678
2 0.7041666666666667 0.08765432098765433 0.07222222222222222 0.10617283950617284
