0 0.3736111111111111 0.33209876543209876 0.10833333333333334 0.08641975308641975
2 0.40555555555555556 0.445679012345679 0.12777777777777777 0.14074074074074075
0 0.3840277777777778 0.5876543209876544 0.059722222222222225 0.18271604938271604
0 0.4479166666666667 0.5962962962962963 0.07083333333333333 0.254320987654321
2 0.35208333333333336 0.662962962962963 0.11527777777777778 0.20493827160493827
2 0.23402777777777778 0.7975308641975308 0.12916666666666668 0.24691358024691357
2 0.11875 0.8012345679012346 0.12083333333333333 0.254320987654321
2 0.39652777777777776 0.8382716049382716 0.12083333333333333 0.22469135802469137
2 0.49444444444444446 0.8814814814814815 0.15555555555555556 0.23703703703703705
2 0.5423611111111111 0.674074074074074 0.13472222222222222 0.19753086419753085
1 0.5375 0.5234567901234568 0.12222222222222222 0.17777777777777778
3 0.6090277777777777 0.35555555555555557 0.1625 0.1580246913580247
3 0.8763888888888889 0.28888888888888886 0.17222222222222222 0.16790123456790124
2 0.6375 0.22962962962962963 0.09722222222222222 0.12839506172839507
2 0.7430555555555556 0.22839506172839505 0.10833333333333334 0.14074074074074075
2 0.6659722222222222 0.7666666666666667 0.16527777777777777 0.2641975308641975
1 0.7486111111111111 0.6432098765432098 0.18055555555555555 0.27901234567901234
1 0.8222222222222222 0.8629629629629629 0.23333333333333334 0.2740740740740741
0 0.8819444444444444 0.725925925925926 0.2361111111111111 0.20246913580246914
1 0.9666666666666667 0.5148148148148148 0.06666666666666667 0.254320987654321
