1 0.12013888888888889 0.11358024691358025 0.0625 0.08395061728395062
0 0.9291666666666667 0.5160493827160494 0.11666666666666667 0.3358024691358025
0 0.9090277777777778 0.2839506172839506 0.09027777777777778 0.10864197530864197
2 0.9638888888888889 0.3345679012345679 0.07222222222222222 0.17037037037037037
2 0.9645833333333333 0.48148148148148145 0.07083333333333333 0.18765432098765433
1 0.7243055555555555 0.1 0.08472222222222223 0.1111111111111111
1 0.7090277777777778 0.16296296296296298 0.07916666666666666 0.09382716049382717
1 0.9180555555555555 0.19876543209876543 0.1388888888888889 0.13580246913580246
1 0.7868055555555555 0.2 0.10416666666666667 0.12345679012345678
0 0.7076388888888889 0.23209876543209876 0.13472222222222222 0.14320987654320988
1 0.8201388888888889 0.36419753086419754 0.1125 0.19506172839506172
1 0.7034722222222223 0.32222222222222224 0.09861111111111111 0.18518518518518517
0 0.6097222222222223 0.2641975308641975 0.09722222222222222 0.15308641975308643
0 0.6493055555555556 0.33827160493827163 0.08472222222222223 0.1925925925925926
1 0.4340277777777778 0.09382716049382717 0.08472222222222223 0.14320987654320988
1 0.36875 0.16049382716049382 0.07361111111111111 0.09876543209876543
1 0.21458333333333332 0.10617283950617284 0.08194444444444444 0.1037037037037037
2 0.58125 0.04938271604938271 0.10694444444444444 0.09382716049382717
1 0.059722222222222225 0.22962962962962963 0.08611111111111111 0.1382716049382716
2 0.4013888888888889 0.2308641975308642 0.09166666666666666 0.145679012345679
2 0.42430555555555555 0.3493827160493827 0.10138888888888889 0.1654320987654321
2 0.32083333333333336 0.34074074074074073 0.1 0.12345679012345678
1 0.23194444444444445 0.27037037037037037 0.10833333333333334 0.18024691358024691
1 0.12638888888888888 0.39753086419753086 0.12222222222222222 0.16790123456790124
0 0.8006944444444445 0.5753086419753086 0.11527777777777778 0.3506172839506173
0 0.7229166666666667 0.49753086419753084 0.28194444444444444 0.2
1 0.46041666666666664 0.5407407407407407 0.1375 0.2074074074074074
2 0.5902777777777778 0.7802469135802469 0.18888888888888888 0.2814814814814815
0 0.6541666666666667 0.7086419753086419 0.2222222222222222 0.32098765432098764
0 0.7770833333333333 0.9074074074074074 0.36527777777777776 0.18518518518518517
0 0.3215277777777778 0.4222222222222222 0.12638888888888888 0.1382716049382716
0 0.16875 0.4654320987654321 0.17083333333333334 0.21975308641975308
0 0.03958333333333333 0.5123456790123457 0.0763888888888889 0.2691358024691358
0 0.10277777777777777 0.7111111111111111 0.12777777777777777 0.1925925925925926
0 0.19652777777777777 0.8691358024691358 0.19027777777777777 0.2419753086419753
0 0.37569444444444444 0.7753086419753087 0.12361111111111112 0.4444444444444444
0 0.30416666666666664 0.8234567901234567 0.175 0.3530864197530864
1 0.13819444444444445 0.937037037037037 0.17083333333333334 0.1259259259259259
2 0.30277777777777776 0.2506172839506173 0.06944444444444445 0.08148148148148149
2 0.12222222222222222 0.19753086419753085 0.06944444444444445 0.13333333333333333
