3 0.5319602272727273 0.6640625 0.09232954545454546 0.11631944444444445
1 0.4083806818181818 0.10850694444444445 0.05539772727272727 0.07465277777777778
1 0.3721590909090909 0.1736111111111111 0.056818181818181816 0.0798611111111111
1 0.7762784090909091 0.2534722222222222 0.061079545454545456 0.0798611111111111
1 0.8735795454545454 0.6241319444444444 0.056818181818181816 0.07118055555555555
1 0.6882102272727273 0.7552083333333334 0.07244318181818182 0.10416666666666667
1 0.96875 0.8333333333333334 0.05965909090909091 0.10416666666666667
1 0.7436079545454546 0.9583333333333334 0.09232954545454546 0.08333333333333333
1 0.6754261363636364 0.8802083333333334 0.07244318181818182 0.10069444444444445
1 0.2549715909090909 0.6310763888888888 0.06392045454545454 0.11284722222222222
1 0.17826704545454544 0.5208333333333334 0.08096590909090909 0.10416666666666667
1 0.12286931818181818 0.6909722222222222 0.07244318181818182 0.09027777777777778
1 0.6321022727272727 0.4748263888888889 0.10511363636363637 0.1267361111111111
