1 0.8333333333333334 0.5236111111111111 0.04375 0.0712962962962963
1 0.6921875 0.2351851851851852 0.019791666666666666 0.025925925925925925
1 0.65859375 0.26064814814814813 0.022395833333333334 0.03981481481481482
1 0.821875 0.275 0.03229166666666667 0.046296296296296294
1 0.18567708333333333 0.9300925925925926 0.0296875 0.04722222222222222
1 0.5848958333333333 0.3768518518518518 0.023958333333333335 0.044444444444444446
1 0.5390625 0.6356481481481482 0.028125 0.04722222222222222
1 0.5395833333333333 0.8078703703703703 0.040625 0.07685185185185185
1 0.72265625 0.8060185185185185 0.07135416666666666 0.10462962962962963
1 0.7989583333333333 0.9050925925925926 0.059375 0.09166666666666666
1 0.7065104166666667 0.9444444444444444 0.07552083333333333 0.1111111111111111
1 0.634375 0.9467592592592593 0.06041666666666667 0.10462962962962963
1 0.6049479166666667 0.9023148148148148 0.04739583333333333 0.08981481481481482
