0 0.753125 0.7319444444444444 0.115625 0.3509259259259259
1 0.3859375 0.09861111111111111 0.04791666666666667 0.0824074074074074
1 0.5057291666666667 0.19305555555555556 0.04583333333333333 0.09166666666666666
1 0.9302083333333333 0.6217592592592592 0.05416666666666667 0.09537037037037037
1 0.49375 0.42083333333333334 0.07083333333333333 0.12685185185185185
1 0.46953125 0.5203703703703704 0.050520833333333334 0.09444444444444444
1 0.10677083333333333 0.6087962962962963 0.13333333333333333 0.19537037037037036
1 0.2520833333333333 0.8972222222222223 0.109375 0.20555555555555555
2 0.43671875 0.6472222222222223 0.0484375 0.08333333333333333
2 0.3567708333333333 0.8777777777777778 0.04791666666666667 0.09259259259259259
1 0.7901041666666667 0.3226851851851852 0.0375 0.06018518518518518
