3 0.88515625 0.062037037037037036 0.0890625 0.0962962962962963
1 0.44765625 0.21388888888888888 0.025520833333333333 0.037037037037037035
1 0.43046875 0.26851851851851855 0.0234375 0.04259259259259259
1 0.4119791666666667 0.30694444444444446 0.026041666666666668 0.03425925925925926
1 0.4856770833333333 0.3037037037037037 0.0265625 0.037037037037037035
1 0.2078125 0.7055555555555556 0.019791666666666666 0.037037037037037035
1 0.3333333333333333 0.5041666666666667 0.020833333333333332 0.04537037037037037
1 0.42552083333333335 0.4791666666666667 0.034375 0.06018518518518518
1 0.9484375 0.09259259259259259 0.04479166666666667 0.09814814814814815
1 0.7567708333333333 0.5555555555555556 0.04375 0.06481481481481481
0 0.8299479166666667 0.586574074074074 0.1265625 0.08981481481481482
0 0.53046875 0.7449074074074075 0.11927083333333334 0.09351851851851851
3 0.6372395833333333 0.4439814814814815 0.05260416666666667 0.10092592592592593
