3 0.940625 0.4666666666666667 0.10520833333333333 0.08518518518518518
3 0.3958333333333333 0.3236111111111111 0.04583333333333333 0.0712962962962963
0 0.5098958333333333 0.39861111111111114 0.10416666666666667 0.06018518518518518
0 0.30494791666666665 0.5652777777777778 0.1140625 0.08981481481481482
1 0.22109375 0.375 0.03802083333333333 0.05
1 0.615625 0.02962962962962963 0.030208333333333334 0.05740740740740741
1 0.80078125 0.1037037037037037 0.04739583333333333 0.08333333333333333
1 0.8328125 0.1875 0.03958333333333333 0.075
1 0.85078125 0.6273148148148148 0.0515625 0.09166666666666666
1 0.7708333333333334 0.7791666666666667 0.04479166666666667 0.06944444444444445
1 0.07473958333333333 0.8722222222222222 0.0421875 0.07777777777777778
1 0.26015625 0.8680555555555556 0.0671875 0.09722222222222222
