2 0.23984375 0.7925925925925926 0.0328125 0.046296296296296294
3 0.06901041666666667 0.8925925925925926 0.0828125 0.12407407407407407
1 0.1125 0.924537037037037 0.07604166666666666 0.08425925925925926
1 0.5809895833333333 0.9282407407407407 0.05260416666666667 0.08981481481481482
1 0.6203125 0.7069444444444445 0.036458333333333336 0.06759259259259259
1 0.3658854166666667 0.6754629629629629 0.028645833333333332 0.05277777777777778
1 0.5083333333333333 0.5041666666666667 0.03229166666666667 0.05277777777777778
1 0.59296875 0.48009259259259257 0.027604166666666666 0.03981481481481482
1 0.44296875 0.4337962962962963 0.022395833333333334 0.03981481481481482
1 0.30416666666666664 0.6467592592592593 0.03125 0.06018518518518518
1 0.34765625 0.6060185185185185 0.0203125 0.04537037037037037
1 0.2674479166666667 0.5606481481481481 0.044270833333333336 0.06759259259259259
1 0.26510416666666664 0.4689814814814815 0.035416666666666666 0.03981481481481482
