1 0.6028645833333334 0.35324074074074074 0.024479166666666666 0.04351851851851852
1 0.53515625 0.2569444444444444 0.018229166666666668 0.03425925925925926
1 0.4934895833333333 0.29768518518518516 0.030729166666666665 0.04537037037037037
1 0.26640625 0.20555555555555555 0.0203125 0.03333333333333333
1 0.20885416666666667 0.17916666666666667 0.03333333333333333 0.03611111111111111
1 0.21979166666666666 0.337037037037037 0.03229166666666667 0.044444444444444446
1 0.35208333333333336 0.45694444444444443 0.028125 0.058333333333333334
1 0.3645833333333333 0.5324074074074074 0.036458333333333336 0.05
1 0.8145833333333333 0.7902777777777777 0.0375 0.05648148148148148
1 0.31536458333333334 0.8347222222222223 0.04114583333333333 0.06388888888888888
1 0.24453125 0.9541666666666667 0.03802083333333333 0.05648148148148148
3 0.3966145833333333 0.7342592592592593 0.0609375 0.05
