1 0.03307291666666667 0.16111111111111112 0.0484375 0.07037037037037037
1 0.13932291666666666 0.03888888888888889 0.022395833333333334 0.05740740740740741
1 0.3424479166666667 0.1259259259259259 0.024479166666666666 0.04259259259259259
1 0.08229166666666667 0.07453703703703704 0.030208333333333334 0.049074074074074076
1 0.25494791666666666 0.14722222222222223 0.03802083333333333 0.053703703703703705
2 0.1625 0.9490740740740741 0.05 0.053703703703703705
1 0.27421875 0.8069444444444445 0.06302083333333333 0.11944444444444445
1 0.7109375 0.7898148148148149 0.03333333333333333 0.046296296296296294
0 0.77421875 0.8768518518518519 0.14739583333333334 0.09814814814814815
1 0.05859375 0.3921296296296296 0.06302083333333333 0.07314814814814814
1 0.27317708333333335 0.4583333333333333 0.04635416666666667 0.06111111111111111
