3 0.51953125 0.4587962962962963 0.05364583333333333 0.06759259259259259
0 0.7057291666666666 0.5912037037037037 0.10520833333333333 0.08611111111111111
1 0.7122395833333334 0.25925925925925924 0.0265625 0.03888888888888889
1 0.8005208333333333 0.2851851851851852 0.021875 0.04259259259259259
1 0.5591145833333333 0.3337962962962963 0.022395833333333334 0.030555555555555555
1 0.63828125 0.4634259259259259 0.03177083333333333 0.05648148148148148
1 0.5494791666666666 0.8541666666666666 0.034375 0.05277777777777778
1 0.89296875 0.7509259259259259 0.0484375 0.06851851851851852
1 0.69140625 0.9638888888888889 0.0484375 0.07222222222222222
1 0.6708333333333333 0.7310185185185185 0.04895833333333333 0.058333333333333334
