2 0.2799479166666667 0.9125 0.0671875 0.10462962962962963
3 0.784375 0.8805555555555555 0.078125 0.12777777777777777
3 0.26536458333333335 0.4203703703703704 0.08697916666666666 0.08518518518518518
0 0.30182291666666666 0.8412037037037037 0.13385416666666666 0.2324074074074074
0 0.44453125 0.6912037037037037 0.07239583333333334 0.2564814814814815
0 0.2703125 0.1361111111111111 0.06354166666666666 0.07777777777777778
1 0.01328125 0.5064814814814815 0.025520833333333333 0.12777777777777777
1 0.42552083333333335 0.2375 0.051041666666666666 0.06944444444444445
1 0.6104166666666667 0.5546296296296296 0.04791666666666667 0.09074074074074075
1 0.6247395833333333 0.9356481481481481 0.04739583333333333 0.08055555555555556
