3 0.6184895833333334 0.6736111111111112 0.043229166666666666 0.058333333333333334
3 0.6856770833333333 0.5328703703703703 0.04114583333333333 0.06018518518518518
3 0.73125 0.5416666666666666 0.052083333333333336 0.07222222222222222
3 0.34427083333333336 0.6925925925925925 0.04895833333333333 0.06851851851851852
1 0.23125 0.6208333333333333 0.03854166666666667 0.058333333333333334
1 0.159375 0.24722222222222223 0.030208333333333334 0.04259259259259259
1 0.16067708333333333 0.3101851851851852 0.03802083333333333 0.05185185185185185
1 0.6427083333333333 0.3578703703703704 0.036458333333333336 0.05277777777777778
1 0.44375 0.34444444444444444 0.03854166666666667 0.04814814814814815
1 0.4875 0.4777777777777778 0.04583333333333333 0.04814814814814815
1 0.9169270833333333 0.42962962962962964 0.0359375 0.046296296296296294
1 0.8653645833333333 0.4532407407407407 0.043229166666666666 0.06574074074074074
1 0.7942708333333334 0.5078703703703704 0.027083333333333334 0.05277777777777778
1 0.7815104166666667 0.6171296296296296 0.03802083333333333 0.07685185185185185
1 0.6276041666666666 0.5856481481481481 0.030208333333333334 0.04722222222222222
1 0.40182291666666664 0.8805555555555555 0.0359375 0.06296296296296296
