3 0.6057291666666667 0.6990740740740741 0.04895833333333333 0.06481481481481481
3 0.28203125 0.44212962962962965 0.05572916666666667 0.07314814814814814
3 0.2828125 0.9699074074074074 0.08229166666666667 0.06018518518518518
0 0.06588541666666667 0.48055555555555557 0.08072916666666667 0.19444444444444445
0 0.5825520833333333 0.961574074074074 0.12552083333333333 0.07685185185185185
1 0.17239583333333333 0.025925925925925925 0.028125 0.05
1 0.13020833333333334 0.018055555555555554 0.036458333333333336 0.03425925925925926
1 0.1015625 0.21481481481481482 0.04479166666666667 0.05
1 0.69140625 0.6523148148148148 0.033854166666666664 0.049074074074074076
1 0.37057291666666664 0.2689814814814815 0.0421875 0.062037037037037036
