1 0.14739583333333334 0.4685185185185185 0.036458333333333336 0.05925925925925926
1 0.23619791666666667 0.7194444444444444 0.04010416666666667 0.05740740740740741
1 0.55 0.6458333333333334 0.03333333333333333 0.04351851851851852
1 0.5005208333333333 0.6435185185185185 0.01875 0.037037037037037035
1 0.5083333333333333 0.750462962962963 0.041666666666666664 0.06388888888888888
1 0.7505208333333333 0.9643518518518519 0.036458333333333336 0.0712962962962963
1 0.5005208333333333 0.8666666666666667 0.04791666666666667 0.08703703703703704
1 0.33697916666666666 0.9782407407407407 0.0625 0.04351851851851852
0 0.26067708333333334 0.8824074074074074 0.0578125 0.1925925925925926
3 0.5861979166666667 0.8106481481481481 0.0484375 0.07685185185185185
3 0.6302083333333334 0.8861111111111111 0.07395833333333333 0.07592592592592592
3 0.12447916666666667 0.7277777777777777 0.06875 0.06851851851851852
