1 0.24348958333333334 0.12685185185185185 0.03177083333333333 0.053703703703703705
1 0.67109375 0.1486111111111111 0.024479166666666666 0.03796296296296296
1 0.63984375 0.19305555555555556 0.0265625 0.03425925925925926
1 0.054947916666666666 0.25324074074074077 0.058854166666666666 0.08055555555555556
1 0.33046875 0.29814814814814816 0.03177083333333333 0.053703703703703705
1 0.43333333333333335 0.3861111111111111 0.03125 0.08148148148148149
1 0.34348958333333335 0.36157407407407405 0.05364583333333333 0.0824074074074074
1 0.7309895833333333 0.549537037037037 0.027604166666666666 0.03611111111111111
1 0.6955729166666667 0.5162037037037037 0.0265625 0.06759259259259259
1 0.6575520833333334 0.5412037037037037 0.0171875 0.05092592592592592
1 0.48359375 0.7023148148148148 0.05364583333333333 0.09351851851851851
1 0.24166666666666667 0.8842592592592593 0.05 0.09444444444444444
