1 0.19453125 0.36342592592592593 0.0421875 0.06574074074074074
1 0.68671875 0.49722222222222223 0.04114583333333333 0.05555555555555555
1 0.8075520833333333 0.4689814814814815 0.05260416666666667 0.08055555555555556
1 0.15625 0.5981481481481481 0.03229166666666667 0.04259259259259259
1 0.4421875 0.8194444444444444 0.03958333333333333 0.07777777777777778
1 0.23125 0.9189814814814815 0.05416666666666667 0.08611111111111111
0 0.42994791666666665 0.7111111111111111 0.07447916666666667 0.11296296296296296
0 0.17838541666666666 0.6981481481481482 0.0921875 0.17037037037037037
3 0.1078125 0.8518518518518519 0.07083333333333333 0.10555555555555556
3 0.5580729166666667 0.5287037037037037 0.06197916666666667 0.06111111111111111
