1 0.11744791666666667 0.33101851851851855 0.0359375 0.049074074074074076
1 0.7408854166666666 0.36898148148148147 0.04739583333333333 0.08425925925925926
0 0.33567708333333335 0.5513888888888889 0.10885416666666667 0.08055555555555556
1 0.19895833333333332 0.425462962962963 0.0375 0.05277777777777778
1 0.22916666666666666 0.16064814814814815 0.021875 0.05648148148148148
1 0.35104166666666664 0.04398148148148148 0.030208333333333334 0.03425925925925926
1 0.37552083333333336 0.20277777777777778 0.030208333333333334 0.046296296296296294
1 0.5622395833333333 0.23981481481481481 0.0359375 0.03518518518518519
1 0.6231770833333333 0.37777777777777777 0.0359375 0.06111111111111111
1 0.15989583333333332 0.8458333333333333 0.06458333333333334 0.11203703703703703
0 0.8403645833333333 0.5324074074074074 0.08072916666666667 0.13333333333333333
