1 0.5286458333333334 0.1625 0.052083333333333336 0.07685185185185185
1 0.38619791666666664 0.04398148148148148 0.0390625 0.06388888888888888
1 0.13567708333333334 0.04537037037037037 0.0640625 0.07407407407407407
1 0.12317708333333334 0.2875 0.049479166666666664 0.06574074074074074
1 0.4588541666666667 0.4976851851851852 0.06875 0.11574074074074074
1 0.2708333333333333 0.7388888888888889 0.07395833333333333 0.1111111111111111
1 0.0390625 0.9541666666666667 0.07708333333333334 0.09166666666666666
1 0.37994791666666666 0.9578703703703704 0.06614583333333333 0.08425925925925926
0 0.3502604166666667 0.2569444444444444 0.10885416666666667 0.1287037037037037
3 0.5541666666666667 0.0625 0.06979166666666667 0.08981481481481482
3 0.85703125 0.7699074074074074 0.08802083333333334 0.1287037037037037
