3 0.18984375 0.37592592592592594 0.0671875 0.06111111111111111
1 0.029947916666666668 0.38101851851851853 0.027604166666666666 0.06018518518518518
1 0.22265625 0.1550925925925926 0.030729166666666665 0.062037037037037036
1 0.35130208333333335 0.2300925925925926 0.0421875 0.062037037037037036
1 0.35989583333333336 0.3449074074074074 0.035416666666666666 0.06388888888888888
1 0.4388020833333333 0.3453703703703704 0.033854166666666664 0.08888888888888889
1 0.6036458333333333 0.21064814814814814 0.026041666666666668 0.058333333333333334
1 0.7216145833333333 0.49537037037037035 0.030729166666666665 0.040740740740740744
1 0.6213541666666667 0.6671296296296296 0.042708333333333334 0.0712962962962963
1 0.49192708333333335 0.6643518518518519 0.05364583333333333 0.08055555555555556
0 0.5018229166666667 0.48564814814814816 0.0921875 0.0824074074074074
0 0.7736979166666667 0.7611111111111111 0.1140625 0.2111111111111111
