1 0.7375 0.4685185185185185 0.028125 0.04814814814814815
1 0.60625 0.30925925925925923 0.019791666666666666 0.025925925925925925
1 0.5828125 0.32592592592592595 0.023958333333333335 0.040740740740740744
1 0.5625 0.3287037037037037 0.028125 0.04259259259259259
1 0.57265625 0.3851851851851852 0.024479166666666666 0.037037037037037035
1 0.6065104166666667 0.39861111111111114 0.03177083333333333 0.05648148148148148
3 0.8604166666666667 0.4476851851851852 0.11041666666666666 0.16018518518518518
0 0.35442708333333334 0.8486111111111111 0.15572916666666667 0.2361111111111111
0 0.3875 0.7611111111111111 0.10208333333333333 0.12407407407407407
0 0.4513020833333333 0.8393518518518519 0.1453125 0.08055555555555556
3 0.5263020833333333 0.4689814814814815 0.0515625 0.06574074074074074
