3 0.6619791666666667 0.23055555555555557 0.05 0.06111111111111111
1 0.3536458333333333 0.2587962962962963 0.05625 0.08425925925925926
1 0.6864583333333333 0.16018518518518518 0.017708333333333333 0.037037037037037035
1 0.6192708333333333 0.18333333333333332 0.03229166666666667 0.06111111111111111
1 0.8822916666666667 0.4810185185185185 0.046875 0.08425925925925926
1 0.65390625 0.9157407407407407 0.07760416666666667 0.14074074074074075
1 0.20572916666666666 0.7319444444444444 0.035416666666666666 0.0712962962962963
3 0.08229166666666667 0.19305555555555556 0.058333333333333334 0.058333333333333334
3 0.3111979166666667 0.38055555555555554 0.06197916666666667 0.08888888888888889
3 0.21614583333333334 0.6611111111111111 0.07604166666666666 0.10185185185185185
