3 0.21927083333333333 0.1 0.058333333333333334 0.05555555555555555
0 0.8088541666666667 0.9657407407407408 0.10104166666666667 0.06851851851851852
0 0.22265625 0.9652777777777778 0.1546875 0.06944444444444445
0 0.5559895833333334 0.3037037037037037 0.08802083333333334 0.08703703703703704
1 0.37604166666666666 0.3013888888888889 0.03125 0.03981481481481482
1 0.39817708333333335 0.11898148148148148 0.0328125 0.06759259259259259
1 0.6432291666666666 0.15694444444444444 0.034375 0.049074074074074076
3 0.7260416666666667 0.16157407407407406 0.059375 0.075
3 0.9729166666666667 0.8532407407407407 0.05416666666666667 0.13796296296296295
3 0.24192708333333332 0.5796296296296296 0.07239583333333334 0.10185185185185185
1 0.28046875 0.29768518518518516 0.04739583333333333 0.08796296296296297
1 0.7052083333333333 0.2537037037037037 0.04479166666666667 0.06481481481481481
1 0.6325520833333333 0.5282407407407408 0.0515625 0.09166666666666666
1 0.48046875 0.6842592592592592 0.05260416666666667 0.08333333333333333
1 0.30963541666666666 0.7935185185185185 0.0484375 0.08333333333333333
1 0.26640625 0.8768518518518519 0.05572916666666667 0.07592592592592592
1 0.346875 0.8662037037037037 0.05416666666666667 0.09351851851851851
1 0.5552083333333333 0.8810185185185185 0.04895833333333333 0.08611111111111111
