0 0.8393229166666667 0.7194444444444444 0.0359375 0.1
0 0.6653645833333334 0.9490740740740741 0.044270833333333336 0.10185185185185185
3 0.05416666666666667 0.46805555555555556 0.10416666666666667 0.19166666666666668
1 0.25078125 0.9009259259259259 0.044270833333333336 0.05555555555555555
1 0.45234375 0.4638888888888889 0.0390625 0.053703703703703705
1 0.34296875 0.3861111111111111 0.0484375 0.08148148148148149
1 0.13125 0.5375 0.071875 0.09351851851851851
0 0.23255208333333333 0.23564814814814813 0.05572916666666667 0.10833333333333334
0 0.1109375 0.3574074074074074 0.06458333333333334 0.16296296296296298
0 0.5059895833333333 0.5717592592592593 0.0546875 0.20833333333333334
