1 0.58984375 0.42314814814814816 0.022395833333333334 0.03148148148148148
0 0.7830729166666667 0.9092592592592592 0.14739583333333334 0.07222222222222222
3 0.41432291666666665 0.4962962962962963 0.05572916666666667 0.046296296296296294
3 0.9419270833333333 0.9004629629629629 0.059895833333333336 0.06759259259259259
1 0.38125 0.3726851851851852 0.026041666666666668 0.030555555555555555
1 0.36953125 0.40925925925925927 0.0265625 0.03148148148148148
1 0.42135416666666664 0.4236111111111111 0.026041666666666668 0.041666666666666664
1 0.0703125 0.5023148148148148 0.042708333333333334 0.05092592592592592
1 0.026302083333333334 0.6375 0.034895833333333334 0.041666666666666664
1 0.12760416666666666 0.7226851851851852 0.035416666666666666 0.049074074074074076
1 0.11692708333333333 0.8018518518518518 0.0421875 0.05925925925925926
1 0.22005208333333334 0.7680555555555556 0.0390625 0.062037037037037036
1 0.31328125 0.812037037037037 0.034895833333333334 0.05740740740740741
1 0.28411458333333334 0.6199074074074075 0.034895833333333334 0.049074074074074076
1 0.32838541666666665 0.5708333333333333 0.024479166666666666 0.03425925925925926
1 0.3796875 0.6291666666666667 0.03229166666666667 0.041666666666666664
1 0.43411458333333336 0.600462962962963 0.03177083333333333 0.03796296296296296
1 0.5078125 0.6449074074074074 0.034375 0.049074074074074076
1 0.5697916666666667 0.736574074074074 0.03333333333333333 0.05462962962962963
1 0.8994791666666667 0.6726851851851852 0.051041666666666666 0.058333333333333334
1 0.8369791666666667 0.7467592592592592 0.04479166666666667 0.06018518518518518
1 0.8729166666666667 0.7907407407407407 0.035416666666666666 0.05
1 0.75078125 0.7212962962962963 0.03697916666666667 0.046296296296296294
1 0.7138020833333333 0.8212962962962963 0.050520833333333334 0.05925925925925926
1 0.65078125 0.9726851851851852 0.05677083333333333 0.05462962962962963
