3 0.6669270833333333 0.8018518518518518 0.04010416666666667 0.05185185185185185
1 0.20078125 0.6513888888888889 0.03802083333333333 0.03611111111111111
1 0.20755208333333333 0.8212962962962963 0.033854166666666664 0.053703703703703705
1 0.17395833333333333 0.9138888888888889 0.036458333333333336 0.05185185185185185
1 0.20651041666666667 0.899074074074074 0.03802083333333333 0.046296296296296294
1 0.34322916666666664 0.7671296296296296 0.026041666666666668 0.032407407407407406
1 0.38177083333333334 0.8125 0.036458333333333336 0.05648148148148148
1 0.5713541666666667 0.674074074074074 0.021875 0.03518518518518519
1 0.55234375 0.7402777777777778 0.027604166666666666 0.032407407407407406
1 0.48671875 0.8462962962962963 0.04010416666666667 0.040740740740740744
1 0.9395833333333333 0.7425925925925926 0.03229166666666667 0.03888888888888889
1 0.9609375 0.7712962962962963 0.03854166666666667 0.046296296296296294
1 0.8643229166666667 0.9037037037037037 0.0296875 0.037037037037037035
1 0.86796875 0.7703703703703704 0.04010416666666667 0.05555555555555555
1 0.8049479166666667 0.7773148148148148 0.03177083333333333 0.04351851851851852
1 0.6893229166666667 0.8476851851851852 0.03177083333333333 0.03611111111111111
