1 0.37604166666666666 0.4064814814814815 0.03125 0.04259259259259259
1 0.5138020833333333 0.3851851851851852 0.0265625 0.037037037037037035
1 0.5763020833333333 0.4726851851851852 0.016145833333333335 0.03611111111111111
1 0.7380208333333333 0.2300925925925926 0.027083333333333334 0.041666666666666664
1 0.18515625 0.662962962962963 0.03802083333333333 0.04814814814814815
1 0.22526041666666666 0.6615740740740741 0.03802083333333333 0.05277777777777778
1 0.12135416666666667 0.7111111111111111 0.026041666666666668 0.044444444444444446
1 0.21796875 0.7787037037037037 0.04010416666666667 0.05185185185185185
1 0.27265625 0.7092592592592593 0.033854166666666664 0.04814814814814815
1 0.25364583333333335 0.7666666666666667 0.04479166666666667 0.05740740740740741
1 0.18411458333333333 0.9601851851851851 0.04635416666666667 0.07962962962962963
1 0.35494791666666664 0.6893518518518519 0.030729166666666665 0.04722222222222222
3 0.3171875 0.6708333333333333 0.042708333333333334 0.049074074074074076
0 0.36432291666666666 0.8518518518518519 0.0734375 0.07962962962962963
