1 0.21380208333333334 0.1125 0.03697916666666667 0.062037037037037036
1 0.6119791666666666 0.8106481481481481 0.1 0.19166666666666668
1 0.14010416666666667 0.9412037037037037 0.04895833333333333 0.08981481481481482
1 0.7984375 0.14814814814814814 0.0375 0.06111111111111111
1 0.13151041666666666 0.6671296296296296 0.05572916666666667 0.09351851851851851
0 0.31588541666666664 0.4537037037037037 0.08489583333333334 0.10740740740740741
0 0.47317708333333336 0.1175925925925926 0.058854166666666666 0.09074074074074075
3 0.13802083333333334 0.22361111111111112 0.053125 0.06759259259259259
3 0.32734375 0.2800925925925926 0.04114583333333333 0.06018518518518518
3 0.4114583333333333 0.21203703703703702 0.053125 0.06666666666666667
