1 0.7565104166666666 0.6763888888888889 0.03177083333333333 0.05277777777777778
1 0.2640625 0.350462962962963 0.040625 0.075
1 0.48411458333333335 0.7828703703703703 0.05677083333333333 0.075
1 0.5354166666666667 0.6782407407407407 0.025 0.05277777777777778
1 0.53828125 0.7328703703703704 0.0328125 0.05277777777777778
1 0.5981770833333333 0.7194444444444444 0.03177083333333333 0.05555555555555555
1 0.6580729166666667 0.775 0.030729166666666665 0.06666666666666667
1 0.63984375 0.8101851851851852 0.0453125 0.06111111111111111
1 0.8643229166666667 0.9023148148148148 0.04635416666666667 0.0712962962962963
1 0.7229166666666667 0.9342592592592592 0.052083333333333336 0.09259259259259259
1 0.16510416666666666 0.8444444444444444 0.06145833333333333 0.07037037037037037
3 0.8252604166666667 0.9717592592592592 0.0734375 0.05648148148148148
0 0.06197916666666667 0.8944444444444445 0.12291666666666666 0.2111111111111111
0 0.6278645833333333 0.5273148148148148 0.06614583333333333 0.09166666666666666
