0 0.67265625 0.5925925925925926 0.06614583333333333 0.14074074074074075
1 0.10442708333333334 0.40879629629629627 0.021354166666666667 0.030555555555555555
1 0.11979166666666667 0.5319444444444444 0.03125 0.04351851851851852
1 0.7427083333333333 0.25324074074074077 0.023958333333333335 0.030555555555555555
1 0.5255208333333333 0.3300925925925926 0.030208333333333334 0.03796296296296296
1 0.45234375 0.3592592592592593 0.021354166666666667 0.03518518518518519
1 0.3421875 0.2722222222222222 0.03125 0.046296296296296294
1 0.3140625 0.33287037037037037 0.034375 0.04722222222222222
1 0.32526041666666666 0.4148148148148148 0.022395833333333334 0.046296296296296294
1 0.31302083333333336 0.43842592592592594 0.027083333333333334 0.049074074074074076
1 0.27057291666666666 0.4685185185185185 0.03802083333333333 0.046296296296296294
1 0.37838541666666664 0.6162037037037037 0.0359375 0.041666666666666664
1 0.9609375 0.5222222222222223 0.04375 0.040740740740740744
1 0.5455729166666666 0.42314814814814816 0.0453125 0.053703703703703705
1 0.9786458333333333 0.625462962962963 0.042708333333333334 0.06574074074074074
1 0.5049479166666667 0.6402777777777777 0.04010416666666667 0.06944444444444445
0 0.74296875 0.3824074074074074 0.049479166666666664 0.08148148148148149
0 0.6984375 0.4162037037037037 0.06979166666666667 0.06388888888888888
0 0.19114583333333332 0.962037037037037 0.0625 0.07592592592592592
3 0.66953125 0.9199074074074074 0.04635416666666667 0.06388888888888888
3 0.340625 0.6925925925925925 0.030208333333333334 0.046296296296296294
1 0.24453125 0.34120370370370373 0.024479166666666666 0.04537037037037037
1 0.42473958333333334 0.16574074074074074 0.028645833333333332 0.03888888888888889
