0 0.81171875 0.8685185185185185 0.0640625 0.13518518518518519
1 0.95234375 0.7546296296296297 0.06927083333333334 0.08518518518518518
1 0.8690104166666667 0.5541666666666667 0.03697916666666667 0.062037037037037036
1 0.8958333333333334 0.5375 0.036458333333333336 0.049074074074074076
1 0.9135416666666667 0.39490740740740743 0.028125 0.06388888888888888
1 0.7333333333333333 0.6412037037037037 0.030208333333333334 0.049074074074074076
1 0.971875 0.20185185185185187 0.03958333333333333 0.040740740740740744
1 0.875 0.21064814814814814 0.023958333333333335 0.041666666666666664
1 0.9341145833333333 0.2490740740740741 0.021354166666666667 0.03518518518518519
1 0.7067708333333333 0.5106481481481482 0.025 0.04351851851851852
1 0.6059895833333333 0.5162037037037037 0.021354166666666667 0.041666666666666664
1 0.48072916666666665 0.6361111111111111 0.027083333333333334 0.03888888888888889
1 0.4440104166666667 0.7916666666666666 0.033854166666666664 0.05555555555555555
1 0.4979166666666667 0.8898148148148148 0.023958333333333335 0.05
3 0.7692708333333333 0.7958333333333333 0.052083333333333336 0.06018518518518518
