3 0.92578125 0.7472222222222222 0.07239583333333334 0.07592592592592592
0 0.48333333333333334 0.6541666666666667 0.12291666666666666 0.17685185185185184
0 0.6984375 0.8828703703703704 0.1 0.23425925925925925
1 0.23151041666666666 0.9666666666666667 0.04010416666666667 0.06666666666666667
1 0.5640625 0.6106481481481482 0.03854166666666667 0.04722222222222222
1 0.809375 0.5722222222222222 0.04791666666666667 0.05925925925925926
1 0.9809895833333333 0.6 0.03802083333333333 0.06111111111111111
1 0.9247395833333333 0.5703703703703704 0.03802083333333333 0.05740740740740741
1 0.86171875 0.5523148148148148 0.027604166666666666 0.041666666666666664
1 0.853125 0.5055555555555555 0.027083333333333334 0.05
1 0.5994791666666667 0.31203703703703706 0.03854166666666667 0.06851851851851852
1 0.19817708333333334 0.5856481481481481 0.05260416666666667 0.0787037037037037
1 0.23619791666666667 0.4222222222222222 0.0328125 0.053703703703703705
1 0.396875 0.2412037037037037 0.04583333333333333 0.05277777777777778
1 0.39140625 0.1875 0.03697916666666667 0.058333333333333334
1 0.34010416666666665 0.21898148148148147 0.03958333333333333 0.05462962962962963
1 0.32578125 0.15462962962962962 0.028645833333333332 0.04259259259259259
1 0.28125 0.175 0.029166666666666667 0.05
