1 0.5044270833333333 0.4671296296296296 0.03177083333333333 0.05462962962962963
1 0.5848958333333333 0.5097222222222222 0.03125 0.062037037037037036
1 0.378125 0.5671296296296297 0.027083333333333334 0.05092592592592592
1 0.8020833333333334 0.9717592592592592 0.04583333333333333 0.05648148148148148
1 0.5299479166666666 0.7078703703703704 0.0265625 0.05462962962962963
1 0.1234375 0.31574074074074077 0.028125 0.037037037037037035
1 0.18072916666666666 0.3111111111111111 0.025 0.04259259259259259
1 0.228125 0.36574074074074076 0.027083333333333334 0.044444444444444446
1 0.21380208333333334 0.6263888888888889 0.0328125 0.04537037037037037
1 0.3221354166666667 0.7875 0.0328125 0.06574074074074074
1 0.14296875 0.6972222222222222 0.03802083333333333 0.07592592592592592
1 0.06588541666666667 0.7185185185185186 0.044270833333333336 0.07407407407407407
1 0.134375 0.9629629629629629 0.05625 0.07407407407407407
1 0.5895833333333333 0.8495370370370371 0.03333333333333333 0.06759259259259259
