1 0.30416666666666664 0.7175925925925926 0.03125 0.046296296296296294
1 0.13177083333333334 0.6185185185185185 0.025 0.037037037037037035
1 0.21484375 0.6203703703703703 0.0328125 0.04259259259259259
1 0.3684895833333333 0.5138888888888888 0.024479166666666666 0.02962962962962963
1 0.8864583333333333 0.17685185185185184 0.027083333333333334 0.040740740740740744
1 0.5520833333333334 0.40370370370370373 0.028125 0.03518518518518519
1 0.6276041666666666 0.40925925925925927 0.041666666666666664 0.06111111111111111
1 0.7809895833333333 0.6092592592592593 0.04010416666666667 0.05555555555555555
1 0.20494791666666667 0.9634259259259259 0.05364583333333333 0.07314814814814814
1 0.10677083333333333 0.9050925925925926 0.0375 0.058333333333333334
1 0.34322916666666664 0.9407407407407408 0.03333333333333333 0.05555555555555555
0 0.33932291666666664 0.7328703703703704 0.0578125 0.06944444444444445
3 0.47552083333333334 0.4634259259259259 0.041666666666666664 0.049074074074074076
3 0.9768229166666667 0.7564814814814815 0.04635416666666667 0.1111111111111111
3 0.75390625 0.7013888888888888 0.0953125 0.11388888888888889
