1 0.64453125 0.5592592592592592 0.027604166666666666 0.044444444444444446
1 0.446875 0.4740740740740741 0.028125 0.04814814814814815
1 0.43776041666666665 0.5550925925925926 0.018229166666666668 0.03981481481481482
1 0.25234375 0.4675925925925926 0.0328125 0.05740740740740741
1 0.8106770833333333 0.6930555555555555 0.027604166666666666 0.06944444444444445
1 0.8559895833333333 0.9578703703703704 0.04114583333333333 0.06018518518518518
1 0.6716145833333333 0.9185185185185185 0.034895833333333334 0.046296296296296294
1 0.55078125 0.9722222222222222 0.0515625 0.05555555555555555
1 0.38046875 0.9421296296296297 0.06510416666666667 0.10277777777777777
1 0.0375 0.9611111111111111 0.07291666666666667 0.07777777777777778
1 0.04479166666666667 0.8972222222222223 0.05520833333333333 0.05740740740740741
1 0.2786458333333333 0.7078703703703704 0.03854166666666667 0.03796296296296296
1 0.32864583333333336 0.6689814814814815 0.030208333333333334 0.03981481481481482
1 0.48072916666666665 0.8199074074074074 0.03958333333333333 0.05648148148148148
1 0.6041666666666666 0.7875 0.026041666666666668 0.04351851851851852
1 0.6166666666666667 0.7421296296296296 0.03333333333333333 0.049074074074074076
1 0.6895833333333333 0.7444444444444445 0.028125 0.04259259259259259
1 0.6932291666666667 0.7106481481481481 0.035416666666666666 0.03981481481481482
1 0.6221354166666667 0.6967592592592593 0.04010416666666667 0.04537037037037037
1 0.52734375 0.625 0.030729166666666665 0.03333333333333333
1 0.47942708333333334 0.6064814814814815 0.030729166666666665 0.04259259259259259
1 0.434375 0.6819444444444445 0.025 0.03796296296296296
1 0.3924479166666667 0.6217592592592592 0.0390625 0.03796296296296296
1 0.2799479166666667 0.5578703703703703 0.027604166666666666 0.032407407407407406
1 0.07838541666666667 0.549074074074074 0.034895833333333334 0.040740740740740744
1 0.0359375 0.5476851851851852 0.030208333333333334 0.03981481481481482
1 0.019010416666666665 0.5236111111111111 0.03697916666666667 0.03611111111111111
0 0.5359375 0.6615740740740741 0.075 0.04537037037037037
3 0.21432291666666667 0.7486111111111111 0.05677083333333333 0.049074074074074076
3 0.40260416666666665 0.7754629629629629 0.06875 0.06018518518518518
3 0.51953125 0.7541666666666667 0.05677083333333333 0.05462962962962963
3 0.3359375 0.5421296296296296 0.03958333333333333 0.03425925925925926
