3 0.5229166666666667 0.42916666666666664 0.07604166666666666 0.11203703703703703
1 0.09505208333333333 0.5546296296296296 0.025520833333333333 0.03148148148148148
1 0.09296875 0.6291666666666667 0.0296875 0.04722222222222222
1 0.27005208333333336 0.48657407407407405 0.028645833333333332 0.05277777777777778
1 0.25859375 0.575925925925926 0.0265625 0.046296296296296294
1 0.20234375 0.6722222222222223 0.028645833333333332 0.04814814814814815
1 0.04296875 0.975462962962963 0.04635416666666667 0.049074074074074076
1 0.2421875 0.8699074074074075 0.059375 0.10092592592592593
1 0.30416666666666664 0.9574074074074074 0.05625 0.08518518518518518
1 0.34713541666666664 0.9361111111111111 0.0390625 0.07407407407407407
1 0.4171875 0.9162037037037037 0.05 0.08611111111111111
1 0.41640625 0.5916666666666667 0.034895833333333334 0.06296296296296296
1 0.6565104166666667 0.5435185185185185 0.04739583333333333 0.07407407407407407
1 0.49609375 0.37453703703703706 0.04635416666666667 0.07314814814814814
1 0.43359375 0.2050925925925926 0.03802083333333333 0.06574074074074074
1 0.5484375 0.11805555555555555 0.029166666666666667 0.058333333333333334
1 0.5479166666666667 0.03935185185185185 0.028125 0.03611111111111111
1 0.578125 0.025 0.03229166666666667 0.04814814814814815
1 0.5846354166666666 0.19583333333333333 0.030729166666666665 0.05092592592592592
1 0.7486979166666666 0.11435185185185186 0.0359375 0.041666666666666664
1 0.8046875 0.15648148148148147 0.052083333333333336 0.07037037037037037
1 0.865625 0.16342592592592592 0.04375 0.06018518518518518
0 0.6942708333333333 0.02962962962962963 0.078125 0.05740740740740741
