0 0.92109375 0.7648148148148148 0.0890625 0.17962962962962964
1 0.28958333333333336 0.15555555555555556 0.03229166666666667 0.040740740740740744
1 0.42890625 0.16064814814814815 0.0296875 0.03425925925925926
1 0.9221354166666667 0.17916666666666667 0.058854166666666666 0.041666666666666664
1 0.14296875 0.34120370370370373 0.03802083333333333 0.04722222222222222
1 0.09947916666666666 0.3435185185185185 0.040625 0.05
1 0.029947916666666668 0.36574074074074076 0.0359375 0.046296296296296294
1 0.13619791666666667 0.42962962962962964 0.033854166666666664 0.040740740740740744
1 0.19140625 0.38472222222222224 0.027604166666666666 0.03611111111111111
1 0.17317708333333334 0.42592592592592593 0.04010416666666667 0.05185185185185185
1 0.1125 0.5564814814814815 0.034375 0.05555555555555555
1 0.1359375 0.6953703703703704 0.040625 0.05740740740740741
1 0.32317708333333334 0.6310185185185185 0.03697916666666667 0.049074074074074076
1 0.3690104166666667 0.7171296296296297 0.04635416666666667 0.06388888888888888
1 0.42526041666666664 0.7462962962962963 0.043229166666666666 0.06111111111111111
0 0.29010416666666666 0.47962962962962963 0.08125 0.09444444444444444
3 0.23411458333333332 0.36435185185185187 0.0453125 0.05092592592592592
