1 0.37942708333333336 0.4050925925925926 0.0390625 0.05277777777777778
1 0.67265625 0.5342592592592592 0.03697916666666667 0.05
1 0.9463541666666667 0.4791666666666667 0.034375 0.04537037037037037
1 0.8934895833333333 0.4962962962962963 0.0484375 0.05740740740740741
1 0.29192708333333334 0.950462962962963 0.0640625 0.09907407407407408
1 0.7940104166666667 0.8629629629629629 0.06510416666666667 0.1
1 0.41302083333333334 0.7875 0.041666666666666664 0.05092592592592592
1 0.35989583333333336 0.5291666666666667 0.04479166666666667 0.06944444444444445
0 0.6044270833333333 0.5611111111111111 0.10364583333333334 0.13148148148148148
0 0.78828125 0.7064814814814815 0.09322916666666667 0.1648148148148148
1 0.5088541666666667 0.2490740740740741 0.036458333333333336 0.05740740740740741
1 0.4953125 0.20277777777777778 0.030208333333333334 0.05
1 0.4583333333333333 0.23842592592592593 0.029166666666666667 0.041666666666666664
1 0.44114583333333335 0.18888888888888888 0.03333333333333333 0.05555555555555555
1 0.4015625 0.20879629629629629 0.029166666666666667 0.03796296296296296
