3 0.2743055555555556 0.662962962962963 0.0625 0.13580246913580246
1 0.8354166666666667 0.6370370370370371 0.0763888888888889 0.1580246913580247
1 0.5736111111111111 0.5901234567901235 0.08055555555555556 0.14814814814814814
1 0.4666666666666667 0.5950617283950618 0.07777777777777778 0.17777777777777778
1 0.5743055555555555 0.7666666666666667 0.07361111111111111 0.1506172839506173
1 0.33194444444444443 0.05555555555555555 0.05 0.08148148148148149
1 0.4423611111111111 0.23950617283950618 0.0625 0.11851851851851852
1 0.47291666666666665 0.41728395061728396 0.08472222222222223 0.11851851851851852
1 0.16527777777777777 0.7358024691358025 0.1 0.16296296296296298
1 0.05625 0.8864197530864197 0.10972222222222222 0.1728395061728395
1 0.9722222222222222 0.7901234567901234 0.05555555555555555 0.13333333333333333
2 0.98125 0.40987654320987654 0.029166666666666667 0.07407407407407407
2 0.8069444444444445 0.9345679012345679 0.03888888888888889 0.06666666666666667
2 0.6555555555555556 0.7296296296296296 0.03611111111111111 0.10123456790123457
2 0.6194444444444445 0.30246913580246915 0.03611111111111111 0.04691358024691358
2 0.5729166666666666 0.43333333333333335 0.018055555555555554 0.04197530864197531
2 0.6541666666666667 0.37037037037037035 0.022222222222222223 0.0345679012345679
