3 0.41041666666666665 0.33796296296296297 0.057291666666666664 0.08148148148148149
0 0.7013020833333333 0.8240740740740741 0.10052083333333334 0.15
1 0.6411458333333333 0.6337962962962963 0.023958333333333335 0.041666666666666664
1 0.5606770833333333 0.3726851851851852 0.028645833333333332 0.03796296296296296
1 0.4890625 0.2638888888888889 0.021875 0.044444444444444446
1 0.26328125 0.11018518518518519 0.0296875 0.03888888888888889
1 0.3223958333333333 0.13564814814814816 0.027083333333333334 0.041666666666666664
1 0.29739583333333336 0.14166666666666666 0.022916666666666665 0.05925925925925926
1 0.45807291666666666 0.3476851851851852 0.03177083333333333 0.058333333333333334
1 0.1328125 0.36666666666666664 0.035416666666666666 0.053703703703703705
1 0.19791666666666666 0.2865740740740741 0.042708333333333334 0.06018518518518518
1 0.25729166666666664 0.27314814814814814 0.034375 0.053703703703703705
1 0.40286458333333336 0.5412037037037037 0.04010416666666667 0.06018518518518518
1 0.3265625 0.9324074074074075 0.04583333333333333 0.07592592592592592
