1 0.31692708333333336 0.8541666666666666 0.0265625 0.04537037037037037
1 0.5502604166666667 0.5023148148148148 0.0203125 0.04351851851851852
1 0.39296875 0.7138888888888889 0.022395833333333334 0.04259259259259259
1 0.6533854166666667 0.25833333333333336 0.0421875 0.06851851851851852
1 0.8703125 0.2462962962962963 0.035416666666666666 0.06481481481481481
1 0.9786458333333333 0.27037037037037037 0.042708333333333334 0.06111111111111111
1 0.7221354166666667 0.4217592592592593 0.03802083333333333 0.06018518518518518
1 0.4158854166666667 0.9023148148148148 0.04010416666666667 0.06388888888888888
0 0.46119791666666665 0.9185185185185185 0.10052083333333334 0.16296296296296298
1 0.5440104166666667 0.8967592592592593 0.0421875 0.075
3 0.33697916666666666 0.9638888888888889 0.053125 0.07222222222222222
