3 0.6951388888888889 0.8580246913580247 0.10138888888888889 0.1654320987654321
3 0.9423611111111111 0.3271604938271605 0.11527777777777778 0.24938271604938272
1 0.3451388888888889 0.6197530864197531 0.04861111111111111 0.08888888888888889
3 0.6486111111111111 0.717283950617284 0.09444444444444444 0.1259259259259259
3 0.825 0.8160493827160494 0.075 0.13580246913580246
3 0.4222222222222222 0.682716049382716 0.09722222222222222 0.1506172839506173
3 0.41875 0.4604938271604938 0.13472222222222222 0.22469135802469137
3 0.17708333333333334 0.7271604938271605 0.14027777777777778 0.16049382716049382
3 0.5104166666666666 0.1617283950617284 0.09583333333333334 0.12098765432098765
3 0.8083333333333333 0.24444444444444444 0.08611111111111111 0.13333333333333333
