3 0.3333333333333333 0.3012345679012346 0.1527777777777778 0.18271604938271604
1 0.10486111111111111 0.5172839506172839 0.12083333333333333 0.18024691358024691
1 0.2875 0.745679012345679 0.08333333333333333 0.1382716049382716
1 0.40694444444444444 0.754320987654321 0.075 0.10617283950617284
1 0.7388888888888889 0.9259259259259259 0.06111111111111111 0.09876543209876543
1 0.48333333333333334 0.5481481481481482 0.04722222222222222 0.11358024691358025
1 0.6930555555555555 0.30987654320987656 0.05 0.11604938271604938
1 0.7597222222222222 0.17530864197530865 0.03888888888888889 0.08395061728395062
1 0.39791666666666664 0.20123456790123456 0.04583333333333333 0.10123456790123457
1 0.29791666666666666 0.12345679012345678 0.07083333333333333 0.14814814814814814
