1 0.48541666666666666 0.6975308641975309 0.0763888888888889 0.17530864197530865
1 0.80625 0.3135802469135803 0.11527777777777778 0.12839506172839507
1 0.6722222222222223 0.28888888888888886 0.08611111111111111 0.1728395061728395
1 0.38819444444444445 0.7864197530864198 0.09027777777777778 0.15555555555555556
1 0.30625 0.6641975308641975 0.10694444444444444 0.1728395061728395
1 0.2375 0.5938271604938271 0.10555555555555556 0.13580246913580246
1 0.09027777777777778 0.5185185185185185 0.12777777777777777 0.11851851851851852
1 0.18819444444444444 0.38395061728395063 0.1597222222222222 0.23950617283950618
1 0.09583333333333334 0.06049382716049383 0.1111111111111111 0.09135802469135802
1 0.2722222222222222 0.19506172839506172 0.06388888888888888 0.11851851851851852
1 0.34930555555555554 0.3111111111111111 0.07916666666666666 0.12839506172839507
1 0.4930555555555556 0.16296296296296298 0.07777777777777778 0.11851851851851852
1 0.6729166666666667 0.5024691358024691 0.07916666666666666 0.10617283950617284
2 0.4236111111111111 0.5407407407407407 0.058333333333333334 0.07901234567901234
