3 0.12569444444444444 0.6851851851851852 0.11527777777777778 0.17037037037037037
1 0.11388888888888889 0.4271604938271605 0.075 0.18271604938271604
1 0.3055555555555556 0.2839506172839506 0.07222222222222222 0.08888888888888889
1 0.5090277777777777 0.34444444444444444 0.05416666666666667 0.07160493827160494
1 0.8423611111111111 0.5617283950617284 0.08194444444444444 0.1111111111111111
1 0.9680555555555556 0.6592592592592592 0.058333333333333334 0.11358024691358025
1 0.8236111111111111 0.7419753086419754 0.09166666666666666 0.12098765432098765
1 0.7319444444444444 0.6851851851851852 0.058333333333333334 0.09135802469135802
1 0.6833333333333333 0.8395061728395061 0.07777777777777778 0.11358024691358025
1 0.38125 0.774074074074074 0.08194444444444444 0.13580246913580246
1 0.49444444444444446 0.7197530864197531 0.05555555555555555 0.10617283950617284
1 0.45069444444444445 0.7901234567901234 0.05416666666666667 0.14320987654320988
1 0.44027777777777777 0.9259259259259259 0.08888888888888889 0.14814814814814814
1 0.32916666666666666 0.9234567901234568 0.09444444444444444 0.14320987654320988
3 0.32916666666666666 0.4802469135802469 0.10833333333333334 0.1654320987654321
