2 0.6638888888888889 0.4888888888888889 0.044444444444444446 0.04938271604938271
2 0.4791666666666667 0.5419753086419753 0.022222222222222223 0.07160493827160494
2 0.5618055555555556 0.9197530864197531 0.04861111111111111 0.06666666666666667
2 0.2076388888888889 0.8049382716049382 0.004166666666666667 0.009876543209876543
2 0.2013888888888889 0.8308641975308642 0.041666666666666664 0.056790123456790124
2 0.17777777777777778 0.7135802469135802 0.022222222222222223 0.03950617283950617
2 0.2013888888888889 0.7518518518518519 0.03611111111111111 0.04197530864197531
2 0.19305555555555556 0.6308641975308642 0.03611111111111111 0.06666666666666667
1 0.6083333333333333 0.6320987654320988 0.08888888888888889 0.09382716049382717
1 0.84375 0.45185185185185184 0.10694444444444444 0.11851851851851852
1 0.5694444444444444 0.08395061728395062 0.044444444444444446 0.08395061728395062
1 0.1375 0.8358024691358025 0.08611111111111111 0.1111111111111111
