1 0.6541666666666667 0.1824074074074074 0.030208333333333334 0.06296296296296296
1 0.6018229166666667 0.3125 0.0265625 0.05462962962962963
1 0.459375 0.07916666666666666 0.021875 0.049074074074074076
1 0.5166666666666667 0.07592592592592592 0.035416666666666666 0.046296296296296294
1 0.025260416666666667 0.1486111111111111 0.049479166666666664 0.06759259259259259
1 0.38776041666666666 0.17824074074074073 0.024479166666666666 0.04537037037037037
1 0.29270833333333335 0.9495370370370371 0.058333333333333334 0.10092592592592593
1 0.8096354166666667 0.9328703703703703 0.059895833333333336 0.08981481481481482
1 0.8309895833333333 0.49583333333333335 0.0359375 0.049074074074074076
1 0.37161458333333336 0.5050925925925925 0.049479166666666664 0.08055555555555556
1 0.5466145833333333 0.1925925925925926 0.0484375 0.06481481481481481
0 0.6575520833333334 0.30972222222222223 0.050520833333333334 0.075
