3 0.7125 0.3419753086419753 0.08055555555555556 0.11604938271604938
3 0.5131944444444444 0.6691358024691358 0.10416666666666667 0.16296296296296298
1 0.4027777777777778 0.3197530864197531 0.06666666666666667 0.11604938271604938
1 0.3645833333333333 0.5493827160493827 0.07083333333333333 0.13580246913580246
1 0.3347222222222222 0.7506172839506173 0.07777777777777778 0.12839506172839507
1 0.14375 0.8765432098765432 0.0875 0.1728395061728395
1 0.02638888888888889 0.917283950617284 0.05 0.1654320987654321
1 0.01875 0.5111111111111111 0.03194444444444444 0.14814814814814814
2 0.7902777777777777 0.23333333333333334 0.03888888888888889 0.056790123456790124
2 0.8305555555555556 0.8691358024691358 0.03333333333333333 0.044444444444444446
