1 0.6625 0.2271604938271605 0.07222222222222222 0.14814814814814814
1 0.7104166666666667 0.28641975308641976 0.07916666666666666 0.12839506172839507
1 0.50625 0.3469135802469136 0.08194444444444444 0.1308641975308642
1 0.7305555555555555 0.43333333333333335 0.07777777777777778 0.15555555555555556
2 0.7368055555555556 0.6172839506172839 0.029166666666666667 0.05432098765432099
2 0.7736111111111111 0.7197530864197531 0.06111111111111111 0.09135802469135802
2 0.6854166666666667 0.6691358024691358 0.034722222222222224 0.04938271604938271
2 0.20694444444444443 0.6493827160493827 0.027777777777777776 0.02962962962962963
2 0.36944444444444446 0.4802469135802469 0.06111111111111111 0.09135802469135802
1 0.23402777777777778 0.454320987654321 0.0625 0.08888888888888889
1 0.54375 0.45925925925925926 0.05694444444444444 0.07901234567901234
1 0.07083333333333333 0.9493827160493827 0.075 0.10123456790123457
1 0.6791666666666667 0.8518518518518519 0.09722222222222222 0.16296296296296298
