0 0.3951388888888889 0.25555555555555554 0.05694444444444444 0.1654320987654321
2 0.5166666666666667 0.32469135802469135 0.03611111111111111 0.07654320987654321
2 0.3527777777777778 0.7851851851851852 0.03333333333333333 0.06419753086419754
2 0.04513888888888889 0.8481481481481481 0.05138888888888889 0.056790123456790124
1 0.5159722222222223 0.9703703703703703 0.05138888888888889 0.05925925925925926
1 0.42986111111111114 0.6851851851851852 0.043055555555555555 0.0962962962962963
1 0.5625 0.5950617283950618 0.05 0.08888888888888889
1 0.7222222222222222 0.8185185185185185 0.10555555555555556 0.17530864197530865
1 0.6430555555555556 0.7395061728395061 0.05555555555555555 0.12098765432098765
1 0.5840277777777778 0.745679012345679 0.0375 0.1037037037037037
3 0.3951388888888889 0.7901234567901234 0.0625 0.10864197530864197
3 0.4777777777777778 0.3111111111111111 0.05555555555555555 0.12345679012345678
