3 0.27291666666666664 0.08024691358024691 0.059722222222222225 0.07160493827160494
2 0.7743055555555556 0.10246913580246914 0.029166666666666667 0.05185185185185185
2 0.7951388888888888 0.03950617283950617 0.034722222222222224 0.05925925925925926
1 0.8430555555555556 0.12222222222222222 0.06388888888888888 0.12098765432098765
1 0.53125 0.2962962962962963 0.0763888888888889 0.10864197530864197
1 0.5347222222222222 0.5148148148148148 0.06944444444444445 0.09135802469135802
1 0.36527777777777776 0.7209876543209877 0.05277777777777778 0.1580246913580247
1 0.5520833333333334 0.7296296296296296 0.05694444444444444 0.12098765432098765
1 0.4736111111111111 0.9185185185185185 0.075 0.16296296296296298
2 0.2534722222222222 0.7790123456790123 0.034722222222222224 0.04691358024691358
2 0.8604166666666667 0.7185185185185186 0.0375 0.04938271604938271
2 0.7104166666666667 0.6 0.02361111111111111 0.024691358024691357
3 0.16319444444444445 0.8703703703703703 0.09027777777777778 0.12098765432098765
