3 0.7518229166666667 0.5541666666666667 0.049479166666666664 0.062037037037037036
0 0.3059895833333333 0.9328703703703703 0.07552083333333333 0.11203703703703703
1 0.3216145833333333 0.6638888888888889 0.018229166666666668 0.03888888888888889
1 0.3692708333333333 0.6263888888888889 0.022916666666666665 0.03611111111111111
1 0.8041666666666667 0.19814814814814816 0.026041666666666668 0.040740740740740744
1 0.8020833333333334 0.26296296296296295 0.029166666666666667 0.046296296296296294
1 0.77734375 0.3347222222222222 0.027604166666666666 0.049074074074074076
1 0.6802083333333333 0.4828703703703704 0.03333333333333333 0.04722222222222222
1 0.5145833333333333 0.5587962962962963 0.035416666666666666 0.05277777777777778
1 0.3703125 0.9356481481481481 0.036458333333333336 0.06574074074074074
1 0.7229166666666667 0.7546296296296297 0.035416666666666666 0.06851851851851852
1 0.8940104166666667 0.5921296296296297 0.04635416666666667 0.0712962962962963
1 0.9302083333333333 0.6736111111111112 0.041666666666666664 0.05092592592592592
