2 0.30520833333333336 0.7722222222222223 0.041666666666666664 0.06111111111111111
2 0.6763020833333333 0.8699074074074075 0.050520833333333334 0.10648148148148148
2 0.49635416666666665 0.8148148148148148 0.04791666666666667 0.07592592592592592
1 0.9700520833333334 0.9467592592592593 0.059895833333333336 0.10648148148148148
1 0.8604166666666667 0.9148148148148149 0.12916666666666668 0.17037037037037037
1 0.7963541666666667 0.7731481481481481 0.078125 0.14074074074074075
1 0.7052083333333333 0.5449074074074074 0.04375 0.06759259259259259
1 0.7127604166666667 0.2773148148148148 0.0390625 0.05648148148148148
1 0.05182291666666667 0.8291666666666667 0.044270833333333336 0.06759259259259259
1 0.23203125 0.4777777777777778 0.034895833333333334 0.05740740740740741
3 0.18385416666666668 0.6837962962962963 0.06145833333333333 0.08611111111111111
1 0.6828125 0.04814814814814815 0.023958333333333335 0.044444444444444446
1 0.45208333333333334 0.24953703703703703 0.028125 0.04351851851851852
