1 0.4986111111111111 0.8851851851851852 0.08611111111111111 0.17037037037037037
1 0.6055555555555555 0.6320987654320988 0.07222222222222222 0.15308641975308643
1 0.27361111111111114 0.36049382716049383 0.075 0.1382716049382716
2 0.36875 0.8530864197530864 0.04027777777777778 0.11604938271604938
2 0.3173611111111111 0.7580246913580246 0.04583333333333333 0.10864197530864197
2 0.15347222222222223 0.48641975308641977 0.034722222222222224 0.05432098765432099
1 0.2423611111111111 0.16419753086419753 0.06527777777777778 0.1111111111111111
1 0.3625 0.4185185185185185 0.075 0.11604938271604938
1 0.3902777777777778 0.6469135802469136 0.08055555555555556 0.1580246913580247
2 0.4354166666666667 0.5049382716049383 0.043055555555555555 0.06666666666666667
2 0.5069444444444444 0.6925925925925925 0.027777777777777776 0.056790123456790124
2 0.575 0.47530864197530864 0.03888888888888889 0.07654320987654321
3 0.1486111111111111 0.945679012345679 0.07777777777777778 0.10864197530864197
