3 0.4847222222222222 0.4604938271604938 0.10555555555555556 0.09135802469135802
3 0.4326388888888889 0.5358024691358024 0.0875 0.11358024691358025
3 0.5868055555555556 0.32469135802469135 0.0875 0.1111111111111111
3 0.8090277777777778 0.5901234567901235 0.06805555555555555 0.13333333333333333
3 0.8423611111111111 0.7506172839506173 0.09583333333333334 0.16790123456790124
3 0.8840277777777777 0.8666666666666667 0.10138888888888889 0.16296296296296298
3 0.5777777777777777 0.6419753086419753 0.06666666666666667 0.11358024691358025
1 0.7875 0.15432098765432098 0.06666666666666667 0.07654320987654321
1 0.46458333333333335 0.1259259259259259 0.05138888888888889 0.10864197530864197
1 0.3909722222222222 0.7061728395061728 0.08472222222222223 0.12839506172839507
1 0.48194444444444445 0.7777777777777778 0.06388888888888888 0.1037037037037037
1 0.5006944444444444 0.5580246913580247 0.05416666666666667 0.09382716049382717
1 0.6166666666666667 0.5345679012345679 0.07222222222222222 0.12098765432098765
1 0.7520833333333333 0.5024691358024691 0.059722222222222225 0.08641975308641975
2 0.8534722222222222 0.562962962962963 0.029166666666666667 0.06419753086419754
2 0.2222222222222222 0.5024691358024691 0.030555555555555555 0.06172839506172839
2 0.44583333333333336 0.27037037037037037 0.019444444444444445 0.04197530864197531
1 0.6861111111111111 0.08024691358024691 0.07222222222222222 0.08641975308641975
