1 0.2375 0.12222222222222222 0.13055555555555556 0.2
1 0.24027777777777778 0.9580246913580247 0.09722222222222222 0.08395061728395062
1 0.05486111111111111 0.7654320987654321 0.09861111111111111 0.18271604938271604
1 0.8458333333333333 0.6432098765432098 0.06944444444444445 0.10617283950617284
1 0.9347222222222222 0.5790123456790124 0.08888888888888889 0.14074074074074075
1 0.9069444444444444 0.3790123456790123 0.08055555555555556 0.13580246913580246
1 0.48819444444444443 0.7777777777777778 0.0763888888888889 0.14814814814814814
1 0.34444444444444444 0.36666666666666664 0.07777777777777778 0.14074074074074075
1 0.1986111111111111 0.32469135802469135 0.07777777777777778 0.17530864197530865
3 0.24027777777777778 0.5 0.13055555555555556 0.20493827160493827
3 0.33402777777777776 0.5209876543209877 0.09027777777777778 0.15308641975308643
