1 0.3770833333333333 0.4050925925925926 0.029166666666666667 0.04537037037037037
1 0.14479166666666668 0.8726851851851852 0.035416666666666666 0.05648148148148148
1 0.49765625 0.6810185185185185 0.0609375 0.09351851851851851
1 0.44453125 0.6962962962962963 0.04739583333333333 0.06666666666666667
1 0.17760416666666667 0.9699074074074074 0.04375 0.06018518518518518
1 0.7661458333333333 0.5185185185185185 0.0375 0.04814814814814815
1 0.6510416666666666 0.48518518518518516 0.023958333333333335 0.037037037037037035
1 0.6765625 0.3333333333333333 0.023958333333333335 0.04814814814814815
1 0.8708333333333333 0.20462962962962963 0.03958333333333333 0.05925925925925926
1 0.984375 0.29444444444444445 0.03125 0.06111111111111111
3 0.6111979166666667 0.5078703703703704 0.04010416666666667 0.058333333333333334
3 0.46848958333333335 0.8097222222222222 0.1015625 0.14907407407407408
