1 0.9697916666666667 0.3509259259259259 0.03958333333333333 0.053703703703703705
1 0.7911458333333333 0.19305555555555556 0.03125 0.04351851851851852
1 0.28151041666666665 0.3486111111111111 0.0296875 0.04351851851851852
1 0.32708333333333334 0.3902777777777778 0.030208333333333334 0.05277777777777778
1 0.12369791666666667 0.45046296296296295 0.043229166666666666 0.06388888888888888
1 0.11328125 0.5944444444444444 0.03802083333333333 0.053703703703703705
1 0.4934895833333333 0.5375 0.025520833333333333 0.05277777777777778
1 0.5265625 0.5106481481481482 0.0375 0.05277777777777778
1 0.6817708333333333 0.3675925925925926 0.027083333333333334 0.04814814814814815
1 0.7200520833333334 0.31342592592592594 0.034895833333333334 0.041666666666666664
1 0.7643229166666666 0.2972222222222222 0.033854166666666664 0.04259259259259259
1 0.9143229166666667 0.5097222222222222 0.030729166666666665 0.05648148148148148
1 0.8825520833333333 0.775 0.03802083333333333 0.06851851851851852
1 0.5473958333333333 0.9824074074074074 0.051041666666666666 0.03518518518518519
0 0.49270833333333336 0.8560185185185185 0.14479166666666668 0.17314814814814813
3 0.3484375 0.5990740740740741 0.04791666666666667 0.05
3 0.19921875 0.5203703703703704 0.0546875 0.06296296296296296
