2 0.9416666666666667 0.8407407407407408 0.05277777777777778 0.11604938271604938
2 0.5270833333333333 0.6703703703703704 0.05416666666666667 0.08148148148148149
2 0.6534722222222222 0.7617283950617284 0.0625 0.10123456790123457
1 0.9631944444444445 0.43209876543209874 0.07361111111111111 0.17777777777777778
1 0.8506944444444444 0.42592592592592593 0.10972222222222222 0.1654320987654321
1 0.7354166666666667 0.2617283950617284 0.07916666666666666 0.12839506172839507
1 0.6611111111111111 0.362962962962963 0.10277777777777777 0.15308641975308643
1 0.5173611111111112 0.2580246913580247 0.0625 0.10617283950617284
0 0.22916666666666666 0.22839506172839505 0.13055555555555556 0.4271604938271605
0 0.43680555555555556 0.18641975308641975 0.16527777777777777 0.1111111111111111
