3 0.3888888888888889 0.1308641975308642 0.06388888888888888 0.0691358024691358
3 0.37916666666666665 0.27037037037037037 0.06388888888888888 0.0962962962962963
0 0.5493055555555556 0.7493827160493827 0.17916666666666667 0.1308641975308642
3 0.25972222222222224 0.608641975308642 0.06944444444444445 0.1308641975308642
3 0.45555555555555555 0.5407407407407407 0.125 0.1382716049382716
3 0.5715277777777777 0.5679012345679012 0.12361111111111112 0.2074074074074074
3 0.5548611111111111 0.837037037037037 0.11805555555555555 0.16296296296296298
3 0.08055555555555556 0.8753086419753087 0.15833333333333333 0.24938271604938272
1 0.5854166666666667 0.07037037037037037 0.05138888888888889 0.06666666666666667
1 0.8569444444444444 0.08888888888888889 0.041666666666666664 0.044444444444444446
1 0.9277777777777778 0.2037037037037037 0.058333333333333334 0.06172839506172839
1 0.6305555555555555 0.19012345679012346 0.04722222222222222 0.07407407407407407
1 0.7055555555555556 0.3172839506172839 0.05 0.09135802469135802
1 0.5506944444444445 0.24691358024691357 0.06805555555555555 0.09876543209876543
1 0.4895833333333333 0.33209876543209876 0.04861111111111111 0.06172839506172839
1 0.45902777777777776 0.4469135802469136 0.07361111111111111 0.10864197530864197
1 0.3923611111111111 0.8135802469135802 0.08472222222222223 0.1259259259259259
1 0.5180555555555556 0.6209876543209877 0.1111111111111111 0.17037037037037037
1 0.7 0.7802469135802469 0.09166666666666666 0.1382716049382716
0 0.48194444444444445 0.145679012345679 0.12222222222222222 0.1037037037037037
0 0.7465277777777778 0.08765432098765433 0.10694444444444444 0.14074074074074075
