1 0.9784722222222222 0.6987654320987654 0.043055555555555555 0.07901234567901234
1 0.75 0.2839506172839506 0.05 0.08888888888888889
3 0.39305555555555555 0.3395061728395062 0.06388888888888888 0.07160493827160494
3 0.5208333333333334 0.408641975308642 0.08333333333333333 0.1111111111111111
3 0.45902777777777776 0.5111111111111111 0.0763888888888889 0.10864197530864197
3 0.5486111111111112 0.6283950617283951 0.06944444444444445 0.09135802469135802
3 0.6055555555555555 0.6320987654320988 0.058333333333333334 0.11851851851851852
3 0.6076388888888888 0.7308641975308642 0.043055555555555555 0.10864197530864197
3 0.6409722222222223 0.7839506172839507 0.04861111111111111 0.0962962962962963
3 0.7631944444444444 0.7419753086419754 0.06527777777777778 0.10123456790123457
3 0.7847222222222222 0.8617283950617284 0.06944444444444445 0.1382716049382716
1 0.6958333333333333 0.9592592592592593 0.06666666666666667 0.07160493827160494
1 0.6229166666666667 0.9530864197530864 0.09027777777777778 0.09382716049382717
1 0.6388888888888888 0.8641975308641975 0.06388888888888888 0.10864197530864197
1 0.7055555555555556 0.8876543209876543 0.06666666666666667 0.12098765432098765
1 0.85 0.49135802469135803 0.03888888888888889 0.06419753086419754
1 0.8111111111111111 0.6617283950617284 0.03888888888888889 0.08395061728395062
1 0.7694444444444445 0.48518518518518516 0.04722222222222222 0.06666666666666667
1 0.6666666666666666 0.6530864197530865 0.05277777777777778 0.06666666666666667
1 0.5604166666666667 0.7592592592592593 0.04861111111111111 0.07160493827160494
1 0.6381944444444444 0.48518518518518516 0.04861111111111111 0.08148148148148149
1 0.5548611111111111 0.5407407407407407 0.04027777777777778 0.06419753086419754
1 0.47152777777777777 0.7555555555555555 0.05694444444444444 0.08395061728395062
1 0.21944444444444444 0.6703703703703704 0.06111111111111111 0.09135802469135802
1 0.36041666666666666 0.4580246913580247 0.04583333333333333 0.06172839506172839
1 0.15 0.25308641975308643 0.05555555555555555 0.08641975308641975
1 0.17916666666666667 0.14444444444444443 0.05555555555555555 0.06172839506172839
2 0.7076388888888889 0.7555555555555555 0.018055555555555554 0.05432098765432099
3 0.2916666666666667 0.937037037037037 0.06111111111111111 0.1259259259259259
