0 0.5534722222222223 0.9567901234567902 0.06805555555555555 0.08641975308641975
1 0.5916666666666667 0.34074074074074073 0.06388888888888888 0.0691358024691358
1 0.35833333333333334 0.39753086419753086 0.03333333333333333 0.044444444444444446
1 0.36527777777777776 0.3308641975308642 0.03333333333333333 0.04938271604938271
1 0.2722222222222222 0.33827160493827163 0.044444444444444446 0.06419753086419754
1 0.725 0.5654320987654321 0.041666666666666664 0.08395061728395062
1 0.39375 0.8395061728395061 0.05138888888888889 0.07407407407407407
1 0.5868055555555556 0.7185185185185186 0.05138888888888889 0.14320987654320988
1 0.8680555555555556 0.9222222222222223 0.08611111111111111 0.10123456790123457
0 0.1111111111111111 0.9320987654320988 0.1111111111111111 0.13580246913580246
