2 0.8555555555555555 0.6481481481481481 0.03611111111111111 0.07654320987654321
2 0.5138888888888888 0.254320987654321 0.041666666666666664 0.044444444444444446
2 0.5486111111111112 0.1765432098765432 0.041666666666666664 0.08148148148148149
2 0.36180555555555555 0.24691358024691357 0.04027777777777778 0.05432098765432099
2 0.4097222222222222 0.43580246913580245 0.041666666666666664 0.08148148148148149
1 0.9284722222222223 0.7851851851851852 0.06805555555555555 0.10864197530864197
1 0.6590277777777778 0.4308641975308642 0.06805555555555555 0.0962962962962963
1 0.5222222222222223 0.6148148148148148 0.06944444444444445 0.1037037037037037
0 0.34375 0.8703703703703703 0.19305555555555556 0.25925925925925924
0 0.1951388888888889 0.07407407407407407 0.1736111111111111 0.09876543209876543
0 0.5513888888888889 0.38765432098765434 0.09166666666666666 0.07407407407407407
0 0.49444444444444446 0.30617283950617286 0.10277777777777777 0.10864197530864197
