3 0.07083333333333333 0.4148148148148148 0.09722222222222222 0.15308641975308643
3 0.45555555555555555 0.9543209876543209 0.1527777777777778 0.09135802469135802
3 0.7888888888888889 0.8679012345679012 0.08055555555555556 0.17037037037037037
3 0.8402777777777778 0.6802469135802469 0.09166666666666666 0.13580246913580246
3 0.8020833333333334 0.3234567901234568 0.09861111111111111 0.14814814814814814
3 0.3902777777777778 0.725925925925926 0.06666666666666667 0.12839506172839507
3 0.3326388888888889 0.5950617283950618 0.08472222222222223 0.12345679012345678
3 0.7222222222222222 0.4777777777777778 0.10277777777777777 0.16049382716049382
3 0.6590277777777778 0.19506172839506172 0.08194444444444444 0.12839506172839507
3 0.44722222222222224 0.08641975308641975 0.08333333333333333 0.09876543209876543
3 0.2951388888888889 0.1469135802469136 0.08194444444444444 0.10617283950617284
1 0.6090277777777777 0.36419753086419754 0.0625 0.10123456790123457
1 0.9784722222222222 0.5135802469135803 0.043055555555555555 0.12345679012345678
1 0.8611111111111112 0.5814814814814815 0.05555555555555555 0.08641975308641975
1 0.7194444444444444 0.845679012345679 0.08611111111111111 0.1308641975308642
1 0.42986111111111114 0.6061728395061728 0.07916666666666666 0.1259259259259259
1 0.04583333333333333 0.8901234567901235 0.08888888888888889 0.1308641975308642
1 0.3798611111111111 0.04938271604938271 0.08194444444444444 0.07407407407407407
2 0.30833333333333335 0.6765432098765433 0.030555555555555555 0.05925925925925926
2 0.5291666666666667 0.3691358024691358 0.03611111111111111 0.05185185185185185
2 0.6972222222222222 0.5592592592592592 0.030555555555555555 0.037037037037037035
