2 0.3215277777777778 0.7888888888888889 0.04027777777777778 0.08148148148148149
2 0.6402777777777777 0.8037037037037037 0.041666666666666664 0.07654320987654321
1 0.8729166666666667 0.671604938271605 0.03194444444444444 0.044444444444444446
1 0.8284722222222223 0.6172839506172839 0.03194444444444444 0.05925925925925926
1 0.5229166666666667 0.37037037037037035 0.05416666666666667 0.12839506172839507
1 0.4152777777777778 0.2777777777777778 0.041666666666666664 0.0962962962962963
1 0.3486111111111111 0.2271604938271605 0.05277777777777778 0.11358024691358025
1 0.19444444444444445 0.38271604938271603 0.07777777777777778 0.12839506172839507
0 0.3645833333333333 0.41728395061728396 0.15694444444444444 0.3111111111111111
0 0.2708333333333333 0.6370370370370371 0.17777777777777778 0.13333333333333333
0 0.5069444444444444 0.7555555555555555 0.08333333333333333 0.12345679012345678
