3 0.14375 0.1617283950617284 0.09583333333333334 0.12098765432098765
3 0.04375 0.737037037037037 0.08472222222222223 0.15555555555555556
3 0.11180555555555556 0.8617283950617284 0.10138888888888889 0.1382716049382716
3 0.37569444444444444 0.24444444444444444 0.07083333333333333 0.10864197530864197
3 0.5236111111111111 0.3469135802469136 0.09166666666666666 0.145679012345679
3 0.4465277777777778 0.4839506172839506 0.10972222222222222 0.13333333333333333
3 0.5541666666666667 0.6641975308641975 0.08333333333333333 0.14814814814814814
3 0.7777777777777778 0.7296296296296296 0.09166666666666666 0.145679012345679
3 0.7798611111111111 0.8493827160493828 0.05694444444444444 0.1037037037037037
3 0.8145833333333333 0.9382716049382716 0.07361111111111111 0.12345679012345678
1 0.1527777777777778 0.7086419753086419 0.075 0.12345679012345678
1 0.8180555555555555 0.17530864197530865 0.05 0.09382716049382717
1 0.9208333333333333 0.4777777777777778 0.058333333333333334 0.06666666666666667
1 0.3347222222222222 0.40617283950617283 0.04722222222222222 0.09135802469135802
1 0.8277777777777777 0.4469135802469136 0.058333333333333334 0.08395061728395062
1 0.6791666666666667 0.454320987654321 0.058333333333333334 0.08395061728395062
1 0.58125 0.5382716049382716 0.06527777777777778 0.09382716049382717
1 0.8694444444444445 0.7024691358024692 0.05277777777777778 0.10123456790123457
1 0.4618055555555556 0.8345679012345679 0.06527777777777778 0.12345679012345678
1 0.5604166666666667 0.8358024691358025 0.06805555555555555 0.1259259259259259
1 0.7388888888888889 0.9592592592592593 0.075 0.08148148148148149
1 0.06666666666666667 0.11975308641975309 0.09444444444444444 0.1308641975308642
2 0.43125 0.5814814814814815 0.029166666666666667 0.04691358024691358
2 0.25277777777777777 0.43703703703703706 0.03611111111111111 0.05432098765432099
