1 0.029861111111111113 0.8987654320987655 0.05694444444444444 0.1382716049382716
3 0.8631944444444445 0.2506172839506173 0.05694444444444444 0.08641975308641975
3 0.8756944444444444 0.3530864197530864 0.07916666666666666 0.10864197530864197
3 0.8472222222222222 0.4111111111111111 0.058333333333333334 0.11604938271604938
3 0.8611111111111112 0.6864197530864198 0.06388888888888888 0.1580246913580247
3 0.9638888888888889 0.774074074074074 0.07222222222222222 0.145679012345679
3 0.8305555555555556 0.8962962962962963 0.10277777777777777 0.2074074074074074
3 0.6756944444444445 0.17901234567901234 0.05416666666666667 0.12098765432098765
3 0.5194444444444445 0.05432098765432099 0.08333333333333333 0.09876543209876543
3 0.2152777777777778 0.20246913580246914 0.07222222222222222 0.09382716049382717
3 0.26944444444444443 0.27901234567901234 0.07222222222222222 0.09382716049382717
3 0.5090277777777777 0.4283950617283951 0.05694444444444444 0.10617283950617284
3 0.5763888888888888 0.40370370370370373 0.08333333333333333 0.1308641975308642
3 0.61875 0.4382716049382716 0.06805555555555555 0.19012345679012346
3 0.35625 0.43333333333333335 0.09861111111111111 0.15555555555555556
3 0.5409722222222222 0.5703703703703704 0.04861111111111111 0.10864197530864197
3 0.3402777777777778 0.6234567901234568 0.08888888888888889 0.13580246913580246
3 0.2798611111111111 0.7283950617283951 0.07083333333333333 0.10864197530864197
3 0.4111111111111111 0.7950617283950617 0.12777777777777777 0.2123456790123457
3 0.275 0.8888888888888888 0.10555555555555556 0.18271604938271604
3 0.3972222222222222 0.9518518518518518 0.10555555555555556 0.0962962962962963
1 0.875 0.01728395061728395 0.041666666666666664 0.02962962962962963
1 0.7256944444444444 0.027160493827160494 0.05694444444444444 0.04938271604938271
1 0.6333333333333333 0.06419753086419754 0.04722222222222222 0.0691358024691358
1 0.7388888888888889 0.18024691358024691 0.05555555555555555 0.09382716049382717
1 0.9145833333333333 0.1814814814814815 0.05694444444444444 0.08148148148148149
1 0.5423611111111111 0.24938271604938272 0.05694444444444444 0.09382716049382717
1 0.6361111111111111 0.2802469135802469 0.08055555555555556 0.11604938271604938
1 0.7118055555555556 0.33209876543209876 0.06805555555555555 0.08148148148148149
1 0.7833333333333333 0.37777777777777777 0.06944444444444445 0.09876543209876543
1 0.7006944444444444 0.4246913580246914 0.0763888888888889 0.11851851851851852
1 0.7701388888888889 0.49382716049382713 0.06805555555555555 0.12839506172839507
1 0.7243055555555555 0.7123456790123457 0.04583333333333333 0.1506172839506173
1 0.7006944444444444 0.5802469135802469 0.07361111111111111 0.11358024691358025
1 0.7861111111111111 0.6432098765432098 0.06666666666666667 0.10123456790123457
1 0.7833333333333333 0.7839506172839507 0.058333333333333334 0.11604938271604938
1 0.475 0.9308641975308642 0.1 0.1382716049382716
1 0.47708333333333336 0.6444444444444445 0.0763888888888889 0.14320987654320988
1 0.5611111111111111 0.8234567901234567 0.08611111111111111 0.1654320987654321
1 0.6777777777777778 0.8938271604938272 0.10277777777777777 0.18765432098765433
1 0.7395833333333334 0.8975308641975308 0.034722222222222224 0.14074074074074075
1 0.5652777777777778 0.6876543209876543 0.07777777777777778 0.1654320987654321
1 0.6618055555555555 0.7135802469135802 0.09305555555555556 0.14814814814814814
2 0.50625 0.1037037037037037 0.02361111111111111 0.024691358024691357
2 0.3576388888888889 0.014814814814814815 0.029166666666666667 0.019753086419753086
2 0.7854166666666667 0.26296296296296295 0.020833333333333332 0.04197530864197531
2 0.6083333333333333 0.9432098765432099 0.025 0.044444444444444446
1 0.28958333333333336 0.17901234567901234 0.059722222222222225 0.10123456790123457
3 0.1638888888888889 0.7271604938271605 0.058333333333333334 0.1111111111111111
