3 0.42569444444444443 0.5901234567901235 0.08472222222222223 0.12345679012345678
3 0.41180555555555554 0.8629629629629629 0.09027777777777778 0.16049382716049382
1 0.825 0.09135802469135802 0.05277777777777778 0.0691358024691358
1 0.9034722222222222 0.14444444444444443 0.05138888888888889 0.09135802469135802
1 0.44930555555555557 0.26666666666666666 0.05416666666666667 0.12839506172839507
1 0.5159722222222223 0.27283950617283953 0.0375 0.09135802469135802
1 0.6555555555555556 0.2938271604938272 0.06111111111111111 0.11851851851851852
1 0.7 0.5407407407407407 0.04722222222222222 0.08395061728395062
1 0.7569444444444444 0.7567901234567901 0.06388888888888888 0.1259259259259259
1 0.6625 0.8666666666666667 0.08611111111111111 0.16790123456790124
1 0.5638888888888889 0.9703703703703703 0.05555555555555555 0.05925925925925926
1 0.8826388888888889 0.9679012345679012 0.0875 0.06419753086419754
0 0.5541666666666667 0.6691358024691358 0.18055555555555555 0.15308641975308643
0 0.8041666666666667 0.8567901234567902 0.14166666666666666 0.1037037037037037
0 0.26666666666666666 0.554320987654321 0.15 0.19012345679012346
