3 0.28411458333333334 0.16712962962962963 0.07239583333333334 0.08611111111111111
2 0.24192708333333332 0.6513888888888889 0.0515625 0.058333333333333334
2 0.3703125 0.7875 0.05416666666666667 0.075
2 0.4875 0.9226851851851852 0.023958333333333335 0.03796296296296296
1 0.58984375 0.06898148148148148 0.0671875 0.08796296296296297
1 0.89140625 0.2037037037037037 0.07135416666666666 0.11481481481481481
1 0.88515625 0.736574074074074 0.07552083333333333 0.13055555555555556
1 0.9473958333333333 0.9083333333333333 0.10520833333333333 0.15185185185185185
1 0.34010416666666665 0.4615740740740741 0.058333333333333334 0.08425925925925926
1 0.44557291666666665 0.5976851851851852 0.07447916666666667 0.1361111111111111
1 0.3328125 0.6282407407407408 0.09166666666666666 0.14351851851851852
1 0.04635416666666667 0.7671296296296296 0.09166666666666666 0.16574074074074074
