2 0.6645833333333333 0.5703703703703704 0.034722222222222224 0.05432098765432099
2 0.4930555555555556 0.4962962962962963 0.022222222222222223 0.03950617283950617
2 0.4465277777777778 0.7074074074074074 0.034722222222222224 0.04691358024691358
1 0.20208333333333334 0.48518518518518516 0.03194444444444444 0.04197530864197531
1 0.23680555555555555 0.5839506172839506 0.05416666666666667 0.07654320987654321
1 0.45208333333333334 0.4666666666666667 0.04027777777777778 0.06419753086419754
1 0.5826388888888889 0.408641975308642 0.04027777777777778 0.04691358024691358
1 0.6111111111111112 0.4876543209876543 0.03333333333333333 0.04197530864197531
1 0.7965277777777777 0.608641975308642 0.03194444444444444 0.056790123456790124
1 0.8277777777777777 0.717283950617284 0.03611111111111111 0.07160493827160494
0 0.6319444444444444 0.9271604938271605 0.2111111111111111 0.145679012345679
