0 0.43472222222222223 0.3296296296296296 0.06666666666666667 0.2691358024691358
0 0.16458333333333333 0.9395061728395062 0.11527777777777778 0.12098765432098765
0 0.3902777777777778 0.8814814814814815 0.05555555555555555 0.23703703703703705
0 0.42986111111111114 0.9024691358024691 0.059722222222222225 0.19506172839506172
0 0.6777777777777778 0.7530864197530864 0.2 0.2123456790123457
0 0.8215277777777777 0.6296296296296297 0.2375 0.08395061728395062
0 0.8993055555555556 0.5950617283950618 0.2013888888888889 0.1580246913580247
0 0.8048611111111111 0.8888888888888888 0.20972222222222223 0.2222222222222222
1 0.8409722222222222 0.42345679012345677 0.10972222222222222 0.18024691358024691
1 0.7118055555555556 0.46296296296296297 0.0875 0.2
1 0.6590277777777778 0.2814814814814815 0.05416666666666667 0.10864197530864197
