2 0.21041666666666667 0.5456790123456791 0.04583333333333333 0.0691358024691358
2 0.2625 0.28641975308641976 0.041666666666666664 0.05432098765432099
2 0.6923611111111111 0.3432098765432099 0.04861111111111111 0.05925925925925926
2 0.4965277777777778 0.9691358024691358 0.05138888888888889 0.06172839506172839
2 0.7993055555555556 0.9728395061728395 0.04861111111111111 0.05432098765432099
1 0.17291666666666666 0.3962962962962963 0.029166666666666667 0.07654320987654321
1 0.4 0.5061728395061729 0.03888888888888889 0.0691358024691358
1 0.5125 0.35432098765432096 0.03611111111111111 0.04691358024691358
1 0.9694444444444444 0.3358024691358025 0.06111111111111111 0.08395061728395062
1 0.7451388888888889 0.817283950617284 0.07361111111111111 0.12345679012345678
0 0.4166666666666667 0.837037037037037 0.13055555555555556 0.2123456790123457
0 0.14444444444444443 0.8037037037037037 0.20555555555555555 0.12098765432098765
0 0.5055555555555555 0.45555555555555555 0.08611111111111111 0.09135802469135802
