0 0.8643229166666667 0.562962962962963 0.1046875 0.1574074074074074
1 0.5364583333333334 0.9208333333333333 0.0875 0.1175925925925926
1 0.559375 0.7430555555555556 0.08125 0.16944444444444445
1 0.67265625 0.825 0.06822916666666666 0.1111111111111111
1 0.4908854166666667 0.3490740740740741 0.06197916666666667 0.09444444444444444
1 0.7026041666666667 0.2865740740740741 0.053125 0.06944444444444445
1 0.6700520833333333 0.2152777777777778 0.043229166666666666 0.07314814814814814
1 0.73203125 0.17407407407407408 0.03802083333333333 0.09444444444444444
1 0.38645833333333335 0.11990740740740741 0.058333333333333334 0.0787037037037037
1 0.31302083333333336 0.1412037037037037 0.05416666666666667 0.06018518518518518
1 0.31015625 0.06574074074074074 0.050520833333333334 0.05
1 0.10338541666666666 0.175 0.07239583333333334 0.11481481481481481
1 0.6481770833333333 0.022685185185185187 0.0453125 0.04351851851851852
3 0.40208333333333335 0.3888888888888889 0.078125 0.11481481481481481
2 0.85703125 0.7236111111111111 0.028645833333333332 0.05277777777777778
2 0.4705729166666667 0.6611111111111111 0.0265625 0.05925925925925926
2 0.3515625 0.23055555555555557 0.03229166666666667 0.03518518518518519
