1 0.24609375 0.6407407407407407 0.10885416666666667 0.17777777777777778
1 0.12942708333333333 0.9643518518518519 0.1203125 0.0712962962962963
1 0.4296875 0.8375 0.078125 0.1361111111111111
1 0.7703125 0.2074074074074074 0.08645833333333333 0.1111111111111111
1 0.8794270833333333 0.1449074074074074 0.09739583333333333 0.175
1 0.9013020833333333 0.038425925925925926 0.08489583333333334 0.06574074074074074
3 0.9489583333333333 0.6722222222222223 0.10208333333333333 0.20185185185185187
3 0.8013020833333333 0.7203703703703703 0.07447916666666667 0.14444444444444443
3 0.40729166666666666 0.6962962962962963 0.12395833333333334 0.21481481481481482
3 0.34322916666666664 0.33287037037037037 0.06145833333333333 0.10462962962962963
2 0.61015625 0.38796296296296295 0.03177083333333333 0.06111111111111111
2 0.4161458333333333 0.2916666666666667 0.026041666666666668 0.06111111111111111
2 0.33541666666666664 0.225 0.026041666666666668 0.05185185185185185
