1 0.91484375 0.4166666666666667 0.07239583333333334 0.15
1 0.8684895833333334 0.8175925925925925 0.09427083333333333 0.18703703703703703
1 0.38984375 0.95 0.09010416666666667 0.1
1 0.5893229166666667 0.8898148148148148 0.050520833333333334 0.12962962962962962
1 0.18359375 0.425 0.08697916666666666 0.13148148148148148
1 0.10729166666666666 0.12916666666666668 0.07708333333333334 0.09907407407407408
3 0.7375 0.7199074074074074 0.128125 0.18796296296296297
3 0.26276041666666666 0.5949074074074074 0.0953125 0.1398148148148148
3 0.6229166666666667 0.33194444444444443 0.041666666666666664 0.0787037037037037
3 0.43671875 0.2662037037037037 0.03177083333333333 0.03611111111111111
3 0.59921875 0.09583333333333334 0.030729166666666665 0.028703703703703703
3 0.3606770833333333 0.8115740740740741 0.024479166666666666 0.05277777777777778
