2 0.44930555555555557 0.36666666666666664 0.08472222222222223 0.08641975308641975
2 0.6895833333333333 0.3469135802469136 0.04027777777777778 0.04691358024691358
2 0.5145833333333333 0.5740740740740741 0.043055555555555555 0.06666666666666667
1 0.9138888888888889 0.6765432098765433 0.08055555555555556 0.14814814814814814
0 0.21875 0.6938271604938272 0.2125 0.26666666666666666
0 0.7083333333333334 0.5493827160493827 0.08611111111111111 0.20987654320987653
0 0.6534722222222222 0.12469135802469136 0.09305555555555556 0.10617283950617284
0 0.4083333333333333 0.22962962962962963 0.13333333333333333 0.09876543209876543
0 0.08125 0.4802469135802469 0.14583333333333334 0.19012345679012346
0 0.10833333333333334 0.291358024691358 0.17222222222222222 0.12839506172839507
