3 0.46944444444444444 0.5333333333333333 0.07222222222222222 0.11851851851851852
3 0.5243055555555556 0.7975308641975308 0.15694444444444444 0.26666666666666666
1 0.22083333333333333 0.5382716049382716 0.075 0.1382716049382716
2 0.4548611111111111 0.8123456790123457 0.05694444444444444 0.1382716049382716
2 0.29375 0.9308641975308642 0.05138888888888889 0.07901234567901234
2 0.7097222222222223 0.5950617283950618 0.03611111111111111 0.04938271604938271
2 0.68125 0.49506172839506174 0.0375 0.04197530864197531
2 0.6291666666666667 0.5123456790123457 0.03333333333333333 0.04691358024691358
2 0.5763888888888888 0.4580246913580247 0.030555555555555555 0.04691358024691358
2 0.5673611111111111 0.33209876543209876 0.02638888888888889 0.04691358024691358
