3 0.4673611111111111 0.5456790123456791 0.12638888888888888 0.16296296296296298
0 0.4201388888888889 0.8481481481481481 0.17916666666666667 0.19012345679012346
0 0.42986111111111114 0.9481481481481482 0.16805555555555557 0.1037037037037037
0 0.7111111111111111 0.9012345679012346 0.16111111111111112 0.19753086419753085
1 0.22083333333333333 0.40617283950617283 0.06388888888888888 0.11604938271604938
2 0.03263888888888889 0.9530864197530864 0.0625 0.09382716049382717
2 0.26805555555555555 0.7234567901234568 0.06388888888888888 0.09382716049382717
2 0.41875 0.5407407407407407 0.0763888888888889 0.12345679012345678
2 0.78125 0.4444444444444444 0.043055555555555555 0.0691358024691358
2 0.7638888888888888 0.19876543209876543 0.04722222222222222 0.07654320987654321
