3 0.25972222222222224 0.8246913580246914 0.1 0.16296296296296298
0 0.7215277777777778 0.7086419753086419 0.04583333333333333 0.15308641975308643
0 0.65625 0.8506172839506173 0.05416666666666667 0.17530864197530865
0 0.6034722222222222 0.9222222222222223 0.06805555555555555 0.15555555555555556
0 0.3229166666666667 0.2271604938271605 0.07916666666666666 0.08395061728395062
1 0.5340277777777778 0.7987654320987654 0.05138888888888889 0.10617283950617284
1 0.13680555555555557 0.4888888888888889 0.07083333333333333 0.09876543209876543
1 0.46597222222222223 0.3012345679012346 0.05416666666666667 0.0691358024691358
1 0.7402777777777778 0.3925925925925926 0.04722222222222222 0.05432098765432099
2 0.6798611111111111 0.717283950617284 0.03194444444444444 0.07654320987654321
