3 0.6791666666666667 0.5864197530864198 0.06111111111111111 0.10617283950617284
3 0.5416666666666666 0.4271604938271605 0.06388888888888888 0.08395061728395062
1 0.5333333333333333 0.9345679012345679 0.044444444444444446 0.10617283950617284
1 0.8465277777777778 0.8716049382716049 0.1125 0.10864197530864197
1 0.7604166666666666 0.7345679012345679 0.0875 0.10617283950617284
1 0.7409722222222223 0.6061728395061728 0.07361111111111111 0.1111111111111111
1 0.6173611111111111 0.3802469135802469 0.07361111111111111 0.10864197530864197
1 0.4201388888888889 0.7506172839506173 0.05416666666666667 0.09876543209876543
1 0.19930555555555557 0.4728395061728395 0.043055555555555555 0.04197530864197531
1 0.25069444444444444 0.3592592592592593 0.059722222222222225 0.08641975308641975
1 0.08541666666666667 0.43703703703703706 0.04861111111111111 0.0691358024691358
3 0.22916666666666666 0.9419753086419753 0.10833333333333334 0.11604938271604938
3 0.17708333333333334 0.7814814814814814 0.0763888888888889 0.1259259259259259
3 0.32708333333333334 0.7555555555555555 0.09027777777777778 0.1580246913580247
3 0.4027777777777778 0.6555555555555556 0.06388888888888888 0.1259259259259259
3 0.34097222222222223 0.5617283950617284 0.05138888888888889 0.09135802469135802
3 0.26666666666666666 0.5802469135802469 0.075 0.14814814814814814
3 0.40625 0.3765432098765432 0.059722222222222225 0.07654320987654321
3 0.6534722222222222 0.1037037037037037 0.07916666666666666 0.10864197530864197
3 0.9131944444444444 0.26666666666666666 0.1125 0.08888888888888889
3 0.7298611111111111 0.29259259259259257 0.04861111111111111 0.09135802469135802
2 0.5791666666666667 0.8839506172839506 0.022222222222222223 0.0345679012345679
