1 0.7340277777777777 0.3802469135802469 0.0625 0.09876543209876543
1 0.7347222222222223 0.4925925925925926 0.06388888888888888 0.10123456790123457
0 0.06180555555555556 0.9259259259259259 0.05416666666666667 0.12345679012345678
1 0.13333333333333333 0.4765432098765432 0.08333333333333333 0.15308641975308643
1 0.2673611111111111 0.7061728395061728 0.0625 0.12345679012345678
1 0.9555555555555556 0.7185185185185186 0.05277777777777778 0.10864197530864197
1 0.9131944444444444 0.5604938271604938 0.04027777777777778 0.07407407407407407
1 0.7340277777777777 0.591358024691358 0.03194444444444444 0.07654320987654321
1 0.7034722222222223 0.5962962962962963 0.04583333333333333 0.08641975308641975
0 0.6826388888888889 0.8864197530864197 0.043055555555555555 0.14814814814814814
