1 0.08611111111111111 0.5888888888888889 0.05 0.08641975308641975
1 0.05694444444444444 0.9197530864197531 0.07777777777777778 0.1506172839506173
1 0.18263888888888888 0.8802469135802469 0.05694444444444444 0.0962962962962963
1 0.18263888888888888 0.0654320987654321 0.05138888888888889 0.08148148148148149
1 0.44027777777777777 0.0691358024691358 0.03611111111111111 0.07407407407407407
1 0.36666666666666664 0.4 0.05 0.09382716049382717
1 0.5048611111111111 0.6407407407407407 0.043055555555555555 0.08641975308641975
1 0.6013888888888889 0.7679012345679013 0.05 0.09876543209876543
1 0.9729166666666667 0.5666666666666667 0.05416666666666667 0.10123456790123457
1 0.6930555555555555 0.9506172839506173 0.06388888888888888 0.09876543209876543
