3 0.3902777777777778 0.3012345679012346 0.05555555555555555 0.08395061728395062
2 0.8479166666666667 0.49753086419753084 0.034722222222222224 0.037037037037037035
2 0.8159722222222222 0.4580246913580247 0.04027777777777778 0.04197530864197531
2 0.96875 0.6654320987654321 0.05416666666666667 0.06172839506172839
2 0.6243055555555556 0.5580246913580247 0.02638888888888889 0.04938271604938271
2 0.5972222222222222 0.5703703703703704 0.027777777777777776 0.05925925925925926
2 0.425 0.571604938271605 0.03888888888888889 0.05185185185185185
2 0.4326388888888889 0.5259259259259259 0.05416666666666667 0.05925925925925926
3 0.51875 0.8888888888888888 0.0625 0.10864197530864197
1 0.5208333333333334 0.03950617283950617 0.04722222222222222 0.0691358024691358
1 0.47291666666666665 0.11234567901234568 0.04861111111111111 0.09135802469135802
1 0.06041666666666667 0.11234567901234568 0.11805555555555555 0.11604938271604938
1 0.24583333333333332 0.5777777777777777 0.07777777777777778 0.1382716049382716
1 0.058333333333333334 0.9061728395061729 0.10833333333333334 0.11851851851851852
1 0.5715277777777777 0.6481481481481481 0.09583333333333334 0.1506172839506173
3 0.16597222222222222 0.928395061728395 0.10972222222222222 0.14320987654320988
3 0.14930555555555555 0.7432098765432099 0.10138888888888889 0.08888888888888889
3 0.9118055555555555 0.3172839506172839 0.14583333333333334 0.15555555555555556
3 0.7444444444444445 0.7148148148148148 0.1111111111111111 0.13580246913580246
3 0.8847222222222222 0.917283950617284 0.1527777777777778 0.1654320987654321
