0 0.3347222222222222 0.9061728395061729 0.1527777777777778 0.18765432098765433
0 0.40347222222222223 0.8703703703703703 0.09861111111111111 0.19506172839506172
1 0.7986111111111112 0.9271604938271605 0.09444444444444444 0.145679012345679
1 0.9069444444444444 0.7888888888888889 0.1 0.16049382716049382
1 0.46041666666666664 0.6172839506172839 0.08194444444444444 0.17777777777777778
1 0.3909722222222222 0.45308641975308644 0.07083333333333333 0.10123456790123457
1 0.6722222222222223 0.4641975308641975 0.06666666666666667 0.12345679012345678
1 0.7208333333333333 0.362962962962963 0.05555555555555555 0.09876543209876543
1 0.6013888888888889 0.2839506172839506 0.044444444444444446 0.06419753086419754
1 0.4618055555555556 0.24938271604938272 0.059722222222222225 0.07901234567901234
1 0.3958333333333333 0.20987654320987653 0.05277777777777778 0.07901234567901234
1 0.6465277777777778 0.2506172839506173 0.043055555555555555 0.05185185185185185
