0 0.20347222222222222 0.408641975308642 0.11805555555555555 0.12098765432098765
3 0.22430555555555556 0.8827160493827161 0.09861111111111111 0.1654320987654321
3 0.5083333333333333 0.8592592592592593 0.08611111111111111 0.14814814814814814
3 0.34375 0.8049382716049382 0.07916666666666666 0.08888888888888889
1 0.34375 0.9160493827160494 0.11527777777777778 0.16790123456790124
1 0.6631944444444444 0.9617283950617284 0.11527777777777778 0.07654320987654321
1 0.9375 0.5345679012345679 0.09166666666666666 0.13580246913580246
1 0.9611111111111111 0.30246913580246915 0.07777777777777778 0.10123456790123457
1 0.5256944444444445 0.21728395061728395 0.0625 0.09876543209876543
1 0.5055555555555555 0.6518518518518519 0.06666666666666667 0.15308641975308643
1 0.4576388888888889 0.5024691358024691 0.07916666666666666 0.14074074074074075
