2 0.6701388888888888 0.18765432098765433 0.043055555555555555 0.06419753086419754
2 0.33125 0.08888888888888889 0.029166666666666667 0.03950617283950617
2 0.8173611111111111 0.11851851851851852 0.03194444444444444 0.03950617283950617
2 0.41597222222222224 0.28641975308641976 0.034722222222222224 0.03950617283950617
2 0.37916666666666665 0.2777777777777778 0.03333333333333333 0.04691358024691358
2 0.37083333333333335 0.34074074074074073 0.05 0.04938271604938271
2 0.36875 0.6037037037037037 0.034722222222222224 0.04197530864197531
2 0.5944444444444444 0.5790123456790124 0.03888888888888889 0.04691358024691358
2 0.7784722222222222 0.7925925925925926 0.06527777777777778 0.05432098765432099
2 0.7729166666666667 0.7160493827160493 0.05694444444444444 0.04938271604938271
2 0.8701388888888889 0.6185185185185185 0.0625 0.04691358024691358
2 0.8555555555555555 0.3567901234567901 0.04722222222222222 0.04691358024691358
2 0.9034722222222222 0.3567901234567901 0.059722222222222225 0.05185185185185185
2 0.9576388888888889 0.35555555555555557 0.04583333333333333 0.04938271604938271
3 0.13958333333333334 0.5740740740740741 0.059722222222222225 0.12098765432098765
3 0.28958333333333336 0.3345679012345679 0.09583333333333334 0.18518518518518517
3 0.40902777777777777 0.08888888888888889 0.09027777777777778 0.14814814814814814
3 0.5402777777777777 0.30617283950617286 0.11666666666666667 0.17777777777777778
1 0.2638888888888889 0.7679012345679013 0.07222222222222222 0.07407407407407407
1 0.4423611111111111 0.6518518518518519 0.059722222222222225 0.08395061728395062
1 0.6743055555555556 0.9691358024691358 0.05694444444444444 0.06172839506172839
1 0.63125 0.9259259259259259 0.04027777777777778 0.03950617283950617
1 0.6680555555555555 0.7851851851851852 0.08055555555555556 0.11358024691358025
1 0.49375 0.5049382716049383 0.10694444444444444 0.15555555555555556
1 0.58125 0.1469135802469136 0.12361111111111112 0.145679012345679
