2 0.7402777777777778 0.5444444444444444 0.022222222222222223 0.037037037037037035
2 0.7215277777777778 0.42345679012345677 0.029166666666666667 0.037037037037037035
3 0.8340277777777778 0.9728395061728395 0.07916666666666666 0.05432098765432099
3 0.1798611111111111 0.9753086419753086 0.07361111111111111 0.04938271604938271
3 0.3104166666666667 0.591358024691358 0.15138888888888888 0.23950617283950618
3 0.8402777777777778 0.6160493827160494 0.08333333333333333 0.1111111111111111
3 0.9208333333333333 0.4777777777777778 0.15833333333333333 0.21481481481481482
1 0.4597222222222222 0.9604938271604938 0.09166666666666666 0.07901234567901234
1 0.7118055555555556 0.8888888888888888 0.0875 0.18765432098765433
1 0.7347222222222223 0.725925925925926 0.09444444444444444 0.15308641975308643
1 0.6729166666666667 0.6234567901234568 0.06805555555555555 0.10123456790123457
1 0.5798611111111112 0.6851851851851852 0.06805555555555555 0.09135802469135802
1 0.6041666666666666 0.5604938271604938 0.07777777777777778 0.10864197530864197
1 0.6013888888888889 0.27901234567901234 0.07777777777777778 0.11851851851851852
1 0.7201388888888889 0.05802469135802469 0.09305555555555556 0.1111111111111111
