3 0.45729166666666665 0.47129629629629627 0.10729166666666666 0.18518518518518517
3 0.5822916666666667 0.4212962962962963 0.14479166666666668 0.2111111111111111
3 0.765625 0.24259259259259258 0.13958333333333334 0.1962962962962963
3 0.34453125 0.7412037037037037 0.06822916666666666 0.13240740740740742
3 0.4583333333333333 0.7680555555555556 0.13958333333333334 0.1638888888888889
3 0.6578125 0.8759259259259259 0.12604166666666666 0.19814814814814816
1 0.12630208333333334 0.07083333333333333 0.09635416666666667 0.12314814814814815
1 0.24453125 0.08472222222222223 0.06927083333333334 0.08796296296296297
1 0.1328125 0.19722222222222222 0.057291666666666664 0.10185185185185185
1 0.21145833333333333 0.20833333333333334 0.058333333333333334 0.10185185185185185
1 0.37447916666666664 0.19305555555555556 0.04583333333333333 0.09537037037037037
1 0.2203125 0.45185185185185184 0.05520833333333333 0.09259259259259259
1 0.7473958333333334 0.4199074074074074 0.08333333333333333 0.15648148148148147
1 0.5177083333333333 0.9 0.0875 0.14629629629629629
1 0.41770833333333335 0.9375 0.07604166666666666 0.125
