2 0.34444444444444444 0.4641975308641975 0.04722222222222222 0.05432098765432099
0 0.3840277777777778 0.8975308641975308 0.23472222222222222 0.20493827160493827
0 0.8708333333333333 0.6604938271604939 0.2388888888888889 0.2
0 0.9701388888888889 0.4839506172839506 0.059722222222222225 0.16296296296296298
0 0.46458333333333335 0.5333333333333333 0.1486111111111111 0.19753086419753085
0 0.5201388888888889 0.5888888888888889 0.12083333333333333 0.15555555555555556
0 0.04583333333333333 0.6481481481481481 0.08888888888888889 0.1654320987654321
0 0.1736111111111111 0.3950617283950617 0.06666666666666667 0.1728395061728395
0 0.6298611111111111 0.21358024691358024 0.11527777777777778 0.10617283950617284
2 0.6034722222222222 0.7148148148148148 0.015277777777777777 0.037037037037037035
2 0.5631944444444444 0.682716049382716 0.03194444444444444 0.027160493827160494
