1 0.3173611111111111 0.6839506172839506 0.04583333333333333 0.04938271604938271
3 0.4201388888888889 0.4160493827160494 0.03194444444444444 0.056790123456790124
3 0.49583333333333335 0.38765432098765434 0.041666666666666664 0.0691358024691358
3 0.5090277777777777 0.3 0.05138888888888889 0.08148148148148149
3 0.6381944444444444 0.30987654320987656 0.05694444444444444 0.10123456790123457
3 0.7548611111111111 0.13580246913580246 0.07916666666666666 0.12345679012345678
3 0.5881944444444445 0.05185185185185185 0.059722222222222225 0.09876543209876543
1 0.7916666666666666 0.4802469135802469 0.08888888888888889 0.10617283950617284
1 0.02847222222222222 0.4246913580246914 0.05138888888888889 0.11358024691358025
1 0.027083333333333334 0.5703703703703704 0.05138888888888889 0.0691358024691358
1 0.2520833333333333 0.5654320987654321 0.08472222222222223 0.09382716049382717
1 0.37777777777777777 0.6308641975308642 0.05 0.06666666666666667
1 0.5319444444444444 0.6469135802469136 0.06666666666666667 0.08395061728395062
1 0.4791666666666667 0.7901234567901234 0.05277777777777778 0.05432098765432099
1 0.4979166666666667 0.9345679012345679 0.034722222222222224 0.04197530864197531
1 0.4625 0.9740740740740741 0.022222222222222223 0.03209876543209877
1 0.5409722222222222 0.945679012345679 0.02638888888888889 0.0345679012345679
1 0.6347222222222222 0.9098765432098765 0.041666666666666664 0.05185185185185185
1 0.6840277777777778 0.9333333333333333 0.029166666666666667 0.0345679012345679
1 0.7652777777777777 0.8444444444444444 0.03888888888888889 0.05432098765432099
1 0.7402777777777778 0.691358024691358 0.06111111111111111 0.06419753086419754
1 0.6597222222222222 0.6395061728395062 0.06666666666666667 0.07901234567901234
1 0.9326388888888889 0.691358024691358 0.043055555555555555 0.044444444444444446
2 0.6020833333333333 0.7185185185185186 0.02638888888888889 0.024691358024691357
2 0.8944444444444445 0.5481481481481482 0.030555555555555555 0.02962962962962963
