2 0.05486111111111111 0.04567901234567901 0.05416666666666667 0.056790123456790124
2 0.32222222222222224 0.2 0.025 0.02962962962962963
2 0.18125 0.5246913580246914 0.04861111111111111 0.037037037037037035
2 0.11319444444444444 0.13580246913580246 0.034722222222222224 0.02962962962962963
2 0.12916666666666668 0.4604938271604938 0.04722222222222222 0.037037037037037035
2 0.06597222222222222 0.8419753086419753 0.02638888888888889 0.019753086419753086
2 0.28958333333333336 0.8197530864197531 0.029166666666666667 0.02962962962962963
1 0.08472222222222223 0.6049382716049383 0.16666666666666666 0.11851851851851852
1 0.2111111111111111 0.7493827160493827 0.06944444444444445 0.07160493827160494
1 0.29375 0.6691358024691358 0.08472222222222223 0.09876543209876543
2 0.36875 0.5506172839506173 0.020833333333333332 0.02962962962962963
2 0.5527777777777778 0.46296296296296297 0.025 0.04691358024691358
2 0.4486111111111111 0.6148148148148148 0.022222222222222223 0.024691358024691357
2 0.4513888888888889 0.5753086419753086 0.019444444444444445 0.024691358024691357
2 0.4076388888888889 0.5938271604938271 0.02361111111111111 0.022222222222222223
2 0.5819444444444445 0.37777777777777777 0.025 0.03950617283950617
2 0.5520833333333334 0.38271604938271603 0.034722222222222224 0.0345679012345679
2 0.9166666666666666 0.5135802469135803 0.03888888888888889 0.044444444444444446
1 0.46319444444444446 0.9839506172839506 0.04027777777777778 0.03209876543209877
1 0.44513888888888886 0.8506172839506173 0.06527777777777778 0.08641975308641975
1 0.49930555555555556 0.6555555555555556 0.09027777777777778 0.1259259259259259
1 0.8083333333333333 0.4382716049382716 0.12222222222222222 0.10617283950617284
1 0.6361111111111111 0.7222222222222222 0.058333333333333334 0.08148148148148149
1 0.6506944444444445 0.6382716049382716 0.0763888888888889 0.07654320987654321
1 0.6263888888888889 0.9641975308641976 0.05277777777777778 0.056790123456790124
1 0.7576388888888889 0.8641975308641975 0.04861111111111111 0.0691358024691358
1 0.8798611111111111 0.7333333333333333 0.05416666666666667 0.05432098765432099
1 0.9465277777777777 0.6876543209876543 0.05138888888888889 0.06172839506172839
3 0.8298611111111112 0.8814814814814815 0.05416666666666667 0.03950617283950617
3 0.33055555555555555 0.2641975308641975 0.04722222222222222 0.05925925925925926
3 0.3375 0.38395061728395063 0.058333333333333334 0.07160493827160494
3 0.44305555555555554 0.34814814814814815 0.06666666666666667 0.1037037037037037
3 0.45694444444444443 0.23703703703703705 0.07777777777777778 0.09876543209876543
3 0.6173611111111111 0.24320987654320989 0.0763888888888889 0.1259259259259259
3 0.7513888888888889 0.050617283950617285 0.125 0.0962962962962963
