2 0.2048611111111111 0.6 0.02638888888888889 0.019753086419753086
2 0.2659722222222222 0.7185185185185186 0.02638888888888889 0.0345679012345679
2 0.22569444444444445 0.6888888888888889 0.02361111111111111 0.0345679012345679
3 0.1361111111111111 0.8185185185185185 0.1361111111111111 0.17037037037037037
3 0.05347222222222222 0.5740740740740741 0.09861111111111111 0.10123456790123457
3 0.3333333333333333 0.6703703703703704 0.08611111111111111 0.14074074074074075
3 0.05486111111111111 0.3333333333333333 0.10694444444444444 0.16296296296296298
3 0.3111111111111111 0.1037037037037037 0.06666666666666667 0.09876543209876543
3 0.14305555555555555 0.05555555555555555 0.09166666666666666 0.08641975308641975
3 0.4875 0.3395061728395062 0.075 0.09135802469135802
2 0.6173611111111111 0.2123456790123457 0.02638888888888889 0.0345679012345679
2 0.8875 0.29876543209876544 0.03611111111111111 0.02962962962962963
2 0.8701388888888889 0.24938271604938272 0.043055555555555555 0.044444444444444446
2 0.7145833333333333 0.9629629629629629 0.02638888888888889 0.03950617283950617
3 0.4673611111111111 0.5271604938271605 0.06527777777777778 0.11604938271604938
3 0.7277777777777777 0.6407407407407407 0.08611111111111111 0.15555555555555556
3 0.6444444444444445 0.9012345679012346 0.07222222222222222 0.11358024691358025
0 0.8388888888888889 0.5098765432098765 0.10833333333333334 0.20493827160493827
1 0.34097222222222223 0.508641975308642 0.06527777777777778 0.08395061728395062
1 0.2534722222222222 0.4666666666666667 0.04583333333333333 0.08888888888888889
1 0.16666666666666666 0.45925925925925926 0.06666666666666667 0.08888888888888889
1 0.16041666666666668 0.3469135802469136 0.09305555555555556 0.10123456790123457
1 0.4076388888888889 0.08765432098765433 0.07083333333333333 0.1111111111111111
1 0.5152777777777777 0.050617283950617285 0.06111111111111111 0.0962962962962963
1 0.6506944444444445 0.1580246913580247 0.05138888888888889 0.07901234567901234
1 0.7590277777777777 0.06049382716049383 0.10694444444444444 0.11604938271604938
1 0.8902777777777777 0.04567901234567901 0.13055555555555556 0.07654320987654321
1 0.5756944444444444 0.6333333333333333 0.0625 0.08641975308641975
1 0.7770833333333333 0.32098765432098764 0.09305555555555556 0.11358024691358025
1 0.975 0.3567901234567901 0.05 0.10617283950617284
1 0.8888888888888888 0.8024691358024691 0.1111111111111111 0.1037037037037037
1 0.22013888888888888 0.9148148148148149 0.07083333333333333 0.09135802469135802
1 0.31180555555555556 0.9543209876543209 0.0625 0.07654320987654321
