2 0.47152777777777777 0.2345679012345679 0.02638888888888889 0.05432098765432099
3 0.4708333333333333 0.3111111111111111 0.06388888888888888 0.1037037037037037
2 0.4722222222222222 0.4444444444444444 0.030555555555555555 0.05432098765432099
2 0.8618055555555556 0.9592592592592593 0.029166666666666667 0.04197530864197531
2 0.8138888888888889 0.5172839506172839 0.05 0.07160493827160494
2 0.8513888888888889 0.49876543209876545 0.04722222222222222 0.05432098765432099
2 0.91875 0.5061728395061729 0.059722222222222225 0.06419753086419754
1 0.5763888888888888 0.7098765432098766 0.09166666666666666 0.1308641975308642
1 0.6777777777777778 0.7666666666666667 0.08055555555555556 0.10617283950617284
1 0.5701388888888889 0.8493827160493828 0.05694444444444444 0.0691358024691358
1 0.9520833333333333 0.9271604938271605 0.09583333333333334 0.145679012345679
3 0.61875 0.5814814814814815 0.06805555555555555 0.11604938271604938
3 0.6375 0.9395061728395062 0.06666666666666667 0.12098765432098765
