2 0.15069444444444444 0.4222222222222222 0.029166666666666667 0.0345679012345679
2 0.4479166666666667 0.4703703703703704 0.018055555555555554 0.03209876543209877
2 0.44513888888888886 0.5580246913580247 0.02361111111111111 0.0345679012345679
2 0.225 0.6333333333333333 0.030555555555555555 0.04197530864197531
2 0.15902777777777777 0.6481481481481481 0.03194444444444444 0.05185185185185185
3 0.37083333333333335 0.3530864197530864 0.06388888888888888 0.09876543209876543
3 0.32083333333333336 0.6925925925925925 0.08611111111111111 0.1308641975308642
3 0.49722222222222223 0.5839506172839506 0.06388888888888888 0.09135802469135802
3 0.6972222222222222 0.5604938271604938 0.05555555555555555 0.09876543209876543
3 0.78125 0.5518518518518518 0.06805555555555555 0.09135802469135802
2 0.625 0.8061728395061728 0.025 0.04691358024691358
2 0.5763888888888888 0.8320987654320988 0.03333333333333333 0.0691358024691358
2 0.5381944444444444 0.845679012345679 0.02638888888888889 0.04691358024691358
1 0.21805555555555556 0.07037037037037037 0.07222222222222222 0.056790123456790124
1 0.3402777777777778 0.16913580246913582 0.06111111111111111 0.08641975308641975
1 0.38472222222222224 0.2740740740740741 0.05 0.08395061728395062
1 0.5506944444444445 0.5592592592592592 0.05694444444444444 0.12098765432098765
1 0.6944444444444444 0.608641975308642 0.08333333333333333 0.10123456790123457
1 0.8659722222222223 0.6506172839506172 0.10972222222222222 0.13580246913580246
1 0.12083333333333333 0.7271604938271605 0.1527777777777778 0.18518518518518517
