2 0.5694444444444444 0.8728395061728395 0.027777777777777776 0.03209876543209877
2 0.5361111111111111 0.8679012345679012 0.030555555555555555 0.03209876543209877
2 0.93125 0.42962962962962964 0.04861111111111111 0.044444444444444446
2 0.8972222222222223 0.3888888888888889 0.03611111111111111 0.04197530864197531
2 0.7541666666666667 0.3765432098765432 0.03888888888888889 0.04197530864197531
2 0.6208333333333333 0.48518518518518516 0.027777777777777776 0.037037037037037035
2 0.6534722222222222 0.6518518518518519 0.02361111111111111 0.02962962962962963
2 0.8333333333333334 0.8617283950617284 0.07777777777777778 0.08888888888888889
2 0.9638888888888889 0.591358024691358 0.07222222222222222 0.06172839506172839
3 0.30069444444444443 0.6123456790123457 0.03194444444444444 0.05432098765432099
1 0.11666666666666667 0.4185185185185185 0.027777777777777776 0.03209876543209877
1 0.1875 0.582716049382716 0.041666666666666664 0.044444444444444446
1 0.2847222222222222 0.5222222222222223 0.025 0.04197530864197531
1 0.19722222222222222 0.3950617283950617 0.03611111111111111 0.09382716049382717
1 0.15902777777777777 0.35802469135802467 0.0125 0.02962962962962963
1 0.17916666666666667 0.2777777777777778 0.030555555555555555 0.04691358024691358
1 0.1 0.23209876543209876 0.027777777777777776 0.02962962962962963
1 0.02638888888888889 0.19753086419753085 0.025 0.0345679012345679
1 0.04652777777777778 0.1765432098765432 0.029166666666666667 0.027160493827160494
1 0.019444444444444445 0.12345679012345678 0.022222222222222223 0.02962962962962963
1 0.07847222222222222 0.024691358024691357 0.043055555555555555 0.044444444444444446
1 0.14722222222222223 0.04197530864197531 0.030555555555555555 0.03950617283950617
1 0.10902777777777778 0.06419753086419754 0.04861111111111111 0.05925925925925926
1 0.09861111111111111 0.1654320987654321 0.06944444444444445 0.06419753086419754
1 0.14722222222222223 0.1345679012345679 0.03611111111111111 0.04691358024691358
1 0.16597222222222222 0.19012345679012346 0.0375 0.044444444444444446
1 0.18680555555555556 0.1345679012345679 0.04861111111111111 0.06666666666666667
1 0.21875 0.22839506172839505 0.043055555555555555 0.07160493827160494
1 0.26875 0.24938271604938272 0.03194444444444444 0.05925925925925926
1 0.50625 0.345679012345679 0.04583333333333333 0.08395061728395062
1 0.5965277777777778 0.05185185185185185 0.0625 0.08395061728395062
1 0.7430555555555556 0.03580246913580247 0.08611111111111111 0.06666666666666667
1 0.3527777777777778 0.5419753086419753 0.016666666666666666 0.06172839506172839
1 0.45902777777777776 0.42962962962962964 0.04583333333333333 0.08395061728395062
1 0.5215277777777778 0.5123456790123457 0.06527777777777778 0.12098765432098765
1 0.7201388888888889 0.828395061728395 0.09861111111111111 0.145679012345679
0 0.7694444444444445 0.20987654320987653 0.06111111111111111 0.15308641975308643
3 0.21805555555555556 0.5172839506172839 0.025 0.04197530864197531
3 0.22152777777777777 0.09382716049382717 0.05138888888888889 0.07407407407407407
3 0.32222222222222224 0.30617283950617286 0.044444444444444446 0.05925925925925926
3 0.34652777777777777 0.20864197530864198 0.05694444444444444 0.10123456790123457
3 0.5048611111111111 0.13333333333333333 0.043055555555555555 0.05432098765432099
3 0.47638888888888886 0.23580246913580247 0.06666666666666667 0.1111111111111111
3 0.6944444444444444 0.1345679012345679 0.08888888888888889 0.10617283950617284
3 0.5958333333333333 0.3987654320987654 0.05 0.09135802469135802
3 0.7118055555555556 0.44074074074074077 0.0875 0.11604938271604938
3 0.84375 0.4802469135802469 0.13472222222222222 0.18024691358024691
3 0.46875 0.8790123456790123 0.07916666666666666 0.14814814814814814
3 0.5618055555555556 0.725925925925926 0.0763888888888889 0.11851851851851852
3 0.6881944444444444 0.9308641975308642 0.12361111111111112 0.1382716049382716
