2 0.6895833333333333 0.12469135802469136 0.015277777777777777 0.04197530864197531
2 0.79375 0.8740740740740741 0.04583333333333333 0.044444444444444446
1 0.85625 0.8419753086419753 0.12361111111111112 0.11851851851851852
1 0.11944444444444445 0.9209876543209876 0.044444444444444446 0.044444444444444446
1 0.18263888888888888 0.9790123456790123 0.043055555555555555 0.04197530864197531
1 0.2833333333333333 0.5987654320987654 0.06666666666666667 0.08148148148148149
1 0.24583333333333332 0.8049382716049382 0.06111111111111111 0.0691358024691358
1 0.3798611111111111 0.7851851851851852 0.05416666666666667 0.12839506172839507
1 0.42430555555555555 0.8617283950617284 0.04027777777777778 0.04938271604938271
1 0.48333333333333334 0.9123456790123456 0.044444444444444446 0.07654320987654321
3 0.2777777777777778 0.9123456790123456 0.03888888888888889 0.04197530864197531
3 0.3333333333333333 0.8432098765432099 0.03888888888888889 0.05185185185185185
3 0.3506944444444444 0.9901234567901235 0.034722222222222224 0.019753086419753086
3 0.33125 0.7086419753086419 0.05694444444444444 0.07901234567901234
3 0.24097222222222223 0.7185185185185186 0.0625 0.07407407407407407
3 0.3909722222222222 0.5098765432098765 0.05416666666666667 0.07654320987654321
3 0.4875 0.5679012345679012 0.05 0.07901234567901234
3 0.5784722222222223 0.24567901234567902 0.10972222222222222 0.18518518518518517
3 0.8284722222222223 0.20987654320987653 0.05694444444444444 0.07901234567901234
1 0.5576388888888889 0.5851851851851851 0.07083333333333333 0.12839506172839507
1 0.6826388888888889 0.5975308641975309 0.08472222222222223 0.12345679012345678
1 0.8729166666666667 0.3197530864197531 0.0875 0.09135802469135802
1 0.9215277777777777 0.18024691358024691 0.14305555555555555 0.12345679012345678
