1 0.78125 0.37777777777777777 0.06527777777777778 0.09382716049382717
1 0.8166666666666667 0.044444444444444446 0.075 0.08395061728395062
1 0.9083333333333333 0.06666666666666667 0.09166666666666666 0.09382716049382717
3 0.7465277777777778 0.040740740740740744 0.059722222222222225 0.07654320987654321
3 0.8659722222222223 0.1419753086419753 0.12638888888888888 0.1259259259259259
3 0.5625 0.9580246913580247 0.06388888888888888 0.08395061728395062
3 0.7840277777777778 0.7481481481481481 0.0763888888888889 0.1382716049382716
2 0.8243055555555555 0.7271604938271605 0.02361111111111111 0.022222222222222223
2 0.5909722222222222 0.4777777777777778 0.029166666666666667 0.037037037037037035
2 0.35555555555555557 0.6987654320987654 0.03611111111111111 0.044444444444444446
0 0.5972222222222222 0.8185185185185185 0.05 0.17530864197530865
1 0.6972222222222222 0.43580246913580245 0.07777777777777778 0.10617283950617284
1 0.6305555555555555 0.6506172839506172 0.06111111111111111 0.10123456790123457
1 0.49583333333333335 0.7197530864197531 0.06111111111111111 0.0962962962962963
1 0.3659722222222222 0.6333333333333333 0.05694444444444444 0.08641975308641975
1 0.4840277777777778 0.43580246913580245 0.0625 0.10617283950617284
1 0.4236111111111111 0.4580246913580247 0.04722222222222222 0.08641975308641975
1 0.3958333333333333 0.4222222222222222 0.044444444444444446 0.06419753086419754
1 0.3659722222222222 0.36049382716049383 0.04027777777777778 0.06419753086419754
1 0.1951388888888889 0.5987654320987654 0.08472222222222223 0.10123456790123457
1 0.33125 0.3037037037037037 0.06805555555555555 0.08395061728395062
1 0.2638888888888889 0.35802469135802467 0.06111111111111111 0.04938271604938271
1 0.24513888888888888 0.2876543209876543 0.0625 0.08641975308641975
1 0.17083333333333334 0.14444444444444443 0.058333333333333334 0.08148148148148149
1 0.20694444444444443 0.037037037037037035 0.06666666666666667 0.05925925925925926
3 0.6055555555555555 0.11604938271604938 0.04722222222222222 0.06419753086419754
3 0.37083333333333335 0.13209876543209875 0.06666666666666667 0.06666666666666667
3 0.4305555555555556 0.3691358024691358 0.044444444444444446 0.07654320987654321
3 0.020833333333333332 0.43333333333333335 0.03611111111111111 0.10617283950617284
3 0.05694444444444444 0.02962962962962963 0.08611111111111111 0.05432098765432099
2 0.4736111111111111 0.3432098765432099 0.022222222222222223 0.03950617283950617
2 0.47430555555555554 0.2518518518518518 0.015277777777777777 0.04938271604938271
2 0.6840277777777778 0.1654320987654321 0.020833333333333332 0.02962962962962963
2 0.6138888888888889 0.22962962962962963 0.016666666666666666 0.024691358024691357
2 0.6423611111111112 0.16913580246913582 0.020833333333333332 0.027160493827160494
1 0.06875 0.7234567901234568 0.12916666666666668 0.11851851851851852
3 0.2388888888888889 0.9098765432098765 0.1 0.145679012345679
