0 0.49027777777777776 0.7641975308641975 0.058333333333333334 0.13580246913580246
0 0.5604166666666667 0.47530864197530864 0.04583333333333333 0.1506172839506173
0 0.5097222222222222 0.5975308641975309 0.06388888888888888 0.13333333333333333
1 0.4097222222222222 0.6469135802469136 0.041666666666666664 0.07407407407407407
1 0.34791666666666665 0.09753086419753086 0.0375 0.05185185185185185
1 0.31527777777777777 0.08888888888888889 0.03333333333333333 0.05432098765432099
1 0.28055555555555556 0.09382716049382717 0.03611111111111111 0.05925925925925926
1 0.3111111111111111 0.30246913580246915 0.03333333333333333 0.06666666666666667
0 0.83125 0.42962962962962964 0.06527777777777778 0.14814814814814814
1 0.4027777777777778 0.9432098765432099 0.075 0.11358024691358025
1 0.36875 0.41728395061728396 0.04027777777777778 0.07901234567901234
1 0.5111111111111111 0.21481481481481482 0.044444444444444446 0.0691358024691358
