1 0.8819444444444444 0.1382716049382716 0.05 0.08395061728395062
1 0.6479166666666667 0.08641975308641975 0.0625 0.09876543209876543
1 0.41041666666666665 0.27901234567901234 0.04861111111111111 0.07901234567901234
1 0.2611111111111111 0.25308641975308643 0.041666666666666664 0.06666666666666667
1 0.5125 0.30987654320987656 0.05555555555555555 0.0962962962962963
1 0.4236111111111111 0.7160493827160493 0.07777777777777778 0.12839506172839507
1 0.1798611111111111 0.5333333333333333 0.059722222222222225 0.08888888888888889
1 0.9194444444444444 0.9777777777777777 0.1 0.044444444444444446
3 0.8375 0.9518518518518518 0.06944444444444445 0.0962962962962963
3 0.8291666666666667 0.8037037037037037 0.06388888888888888 0.08148148148148149
3 0.5243055555555556 0.7839506172839507 0.04583333333333333 0.07654320987654321
3 0.1840277777777778 0.9234567901234568 0.059722222222222225 0.08888888888888889
