3 0.725 0.6493827160493827 0.041666666666666664 0.07901234567901234
1 0.8756944444444444 0.8123456790123457 0.05138888888888889 0.07407407407407407
1 0.8006944444444445 0.9617283950617284 0.04583333333333333 0.07654320987654321
1 0.13541666666666666 0.11604938271604938 0.08194444444444444 0.12345679012345678
1 0.2111111111111111 0.34444444444444444 0.06944444444444445 0.12098765432098765
1 0.3229166666666667 0.5271604938271605 0.04861111111111111 0.0962962962962963
1 0.475 0.9407407407407408 0.058333333333333334 0.08888888888888889
1 0.30833333333333335 0.24938271604938272 0.05555555555555555 0.12345679012345678
1 0.4840277777777778 0.2345679012345679 0.043055555555555555 0.07407407407407407
1 0.5201388888888889 0.5148148148148148 0.04583333333333333 0.09135802469135802
1 0.7208333333333333 0.4802469135802469 0.041666666666666664 0.07160493827160494
