1 0.9368055555555556 0.3888888888888889 0.07361111111111111 0.1259259259259259
1 0.8833333333333333 0.5592592592592592 0.09166666666666666 0.1308641975308642
3 0.89375 0.21851851851851853 0.05694444444444444 0.07654320987654321
3 0.875 0.3296296296296296 0.06388888888888888 0.09135802469135802
3 0.30416666666666664 0.10740740740740741 0.05555555555555555 0.08641975308641975
3 0.4423611111111111 0.39382716049382716 0.09305555555555556 0.1506172839506173
3 0.13541666666666666 0.2518518518518518 0.11527777777777778 0.12839506172839507
3 0.07013888888888889 0.4012345679012346 0.10138888888888889 0.1259259259259259
1 0.11944444444444445 0.5185185185185185 0.08611111111111111 0.17777777777777778
3 0.06319444444444444 0.6888888888888889 0.12361111111111112 0.21728395061728395
