1 0.6215277777777778 0.6641975308641975 0.04583333333333333 0.08395061728395062
1 0.04236111111111111 0.6197530864197531 0.08194444444444444 0.14814814814814814
1 0.3263888888888889 0.725925925925926 0.05 0.09382716049382717
1 0.7090277777777778 0.9296296296296296 0.0763888888888889 0.14074074074074075
1 0.9618055555555556 0.9049382716049382 0.0763888888888889 0.15555555555555556
1 0.9763888888888889 0.7506172839506173 0.04722222222222222 0.12839506172839507
1 0.9805555555555555 0.38395061728395063 0.03888888888888889 0.09135802469135802
1 0.6548611111111111 0.3172839506172839 0.05138888888888889 0.09135802469135802
1 0.6069444444444444 0.4580246913580247 0.05 0.09135802469135802
1 0.7638888888888888 0.42962962962962964 0.044444444444444446 0.0691358024691358
1 0.4375 0.6851851851851852 0.05 0.07160493827160494
