3 0.1763888888888889 0.8493827160493828 0.10833333333333334 0.18765432098765433
3 0.10902777777777778 0.9123456790123456 0.08472222222222223 0.14074074074074075
1 0.9736111111111111 0.5271604938271605 0.05277777777777778 0.1111111111111111
1 0.94375 0.7 0.09583333333333334 0.16049382716049382
1 0.6041666666666666 0.14814814814814814 0.06111111111111111 0.11851851851851852
1 0.06388888888888888 0.23950617283950618 0.09722222222222222 0.20246913580246914
1 0.22152777777777777 0.671604938271605 0.07916666666666666 0.14814814814814814
1 0.04722222222222222 0.9592592592592593 0.08333333333333333 0.08148148148148149
3 0.93125 0.37037037037037035 0.0625 0.07901234567901234
3 0.9222222222222223 0.4765432098765432 0.06111111111111111 0.08888888888888889
3 0.5034722222222222 0.5592592592592592 0.08472222222222223 0.14074074074074075
3 0.23402777777777778 0.44814814814814813 0.12916666666666668 0.145679012345679
3 0.175 0.5839506172839506 0.10277777777777777 0.1654320987654321
3 0.3729166666666667 0.3012345679012346 0.05138888888888889 0.0691358024691358
1 0.4597222222222222 0.20493827160493827 0.06666666666666667 0.11851851851851852
