0 0.06944444444444445 0.7481481481481481 0.12222222222222222 0.2123456790123457
1 0.05555555555555555 0.6160493827160494 0.09166666666666666 0.1259259259259259
1 0.2298611111111111 0.15555555555555556 0.05138888888888889 0.09382716049382717
1 0.2798611111111111 0.20864197530864198 0.03194444444444444 0.056790123456790124
1 0.3055555555555556 0.3 0.05 0.1111111111111111
1 0.6201388888888889 0.06419753086419754 0.0625 0.09876543209876543
1 0.7263888888888889 0.2617283950617284 0.09166666666666666 0.1580246913580247
1 0.88125 0.22469135802469137 0.10972222222222222 0.15308641975308643
1 0.9048611111111111 0.391358024691358 0.10694444444444444 0.18518518518518517
1 0.9791666666666666 0.5567901234567901 0.041666666666666664 0.21481481481481482
