1 0.3854166666666667 0.9419753086419753 0.05138888888888889 0.1111111111111111
1 0.4444444444444444 0.8518518518518519 0.075 0.15308641975308643
1 0.49444444444444446 0.6234567901234568 0.06111111111111111 0.0962962962962963
1 0.3840277777777778 0.5246913580246914 0.04027777777777778 0.07160493827160494
1 0.6944444444444444 0.4271604938271605 0.041666666666666664 0.06419753086419754
1 0.9548611111111112 0.5888888888888889 0.029166666666666667 0.056790123456790124
1 0.7256944444444444 0.3308641975308642 0.0375 0.044444444444444446
1 0.14305555555555555 0.08518518518518518 0.04722222222222222 0.07654320987654321
1 0.025 0.6814814814814815 0.04722222222222222 0.09876543209876543
1 0.3138888888888889 0.9098765432098765 0.058333333333333334 0.08148148148148149
1 0.22430555555555556 0.6728395061728395 0.05416666666666667 0.09135802469135802
