3 0.7715277777777778 0.6432098765432098 0.08194444444444444 0.2
1 0.049305555555555554 0.6518518518518519 0.09583333333333334 0.345679012345679
1 0.13541666666666666 0.5370370370370371 0.17083333333333334 0.2740740740740741
1 0.16666666666666666 0.7802469135802469 0.11666666666666667 0.2222222222222222
1 0.4284722222222222 0.808641975308642 0.09027777777777778 0.16049382716049382
1 0.5520833333333334 0.8604938271604938 0.12916666666666668 0.2345679012345679
1 0.425 0.9506172839506173 0.1111111111111111 0.09876543209876543
1 0.4576388888888889 0.5925925925925926 0.12916666666666668 0.23703703703703705
3 0.33125 0.7246913580246913 0.14027777777777778 0.27901234567901234
0 0.09444444444444444 0.23209876543209876 0.1 0.2222222222222222
