0 0.825 0.9111111111111111 0.1 0.17777777777777778
1 0.88125 0.7716049382716049 0.06527777777777778 0.10617283950617284
1 0.4486111111111111 0.3567901234567901 0.044444444444444446 0.07160493827160494
1 0.12638888888888888 0.4839506172839506 0.05277777777777778 0.07901234567901234
1 0.3729166666666667 0.9469135802469136 0.06805555555555555 0.10617283950617284
1 0.27569444444444446 0.8740740740740741 0.05694444444444444 0.08395061728395062
1 0.1673611111111111 0.9345679012345679 0.05416666666666667 0.10123456790123457
1 0.10138888888888889 0.8345679012345679 0.08333333333333333 0.11358024691358025
1 0.7701388888888889 0.30246913580246915 0.04027777777777778 0.056790123456790124
1 0.7159722222222222 0.4111111111111111 0.04861111111111111 0.06666666666666667
