1 0.11180555555555556 0.30493827160493825 0.09027777777777778 0.1259259259259259
1 0.21736111111111112 0.30617283950617286 0.07083333333333333 0.12345679012345678
1 0.42569444444444443 0.6728395061728395 0.05416666666666667 0.10617283950617284
0 0.08680555555555555 0.4419753086419753 0.13194444444444445 0.11851851851851852
0 0.41875 0.5765432098765432 0.09027777777777778 0.10617283950617284
0 0.4409722222222222 0.6444444444444445 0.06527777777777778 0.09876543209876543
0 0.47708333333333336 0.5703703703703704 0.0375 0.1382716049382716
0 0.5194444444444445 0.5111111111111111 0.06666666666666667 0.08888888888888889
1 0.46805555555555556 0.908641975308642 0.09722222222222222 0.18271604938271604
1 0.059027777777777776 0.8555555555555555 0.11527777777777778 0.24938271604938272
