1 0.12986111111111112 0.04691358024691358 0.08472222222222223 0.08888888888888889
1 0.4270833333333333 0.9555555555555556 0.13472222222222222 0.08888888888888889
1 0.45694444444444443 0.5691358024691358 0.18055555555555555 0.29876543209876544
1 0.5763888888888888 0.11851851851851852 0.07777777777777778 0.11851851851851852
1 0.7631944444444444 0.17037037037037037 0.04583333333333333 0.07407407407407407
1 0.8145833333333333 0.26296296296296295 0.0625 0.10617283950617284
0 0.7118055555555556 0.8061728395061728 0.0875 0.11604938271604938
0 0.6902777777777778 0.6728395061728395 0.15833333333333333 0.1654320987654321
0 0.8472222222222222 0.454320987654321 0.07777777777777778 0.14814814814814814
0 0.7722222222222223 0.3851851851851852 0.11388888888888889 0.16296296296296298
