1 0.6194444444444445 0.42098765432098767 0.041666666666666664 0.07160493827160494
1 0.6625 0.5345679012345679 0.058333333333333334 0.1111111111111111
0 0.6118055555555556 0.6617283950617284 0.1125 0.17777777777777778
0 0.6847222222222222 0.7407407407407407 0.08888888888888889 0.16790123456790124
1 0.3458333333333333 0.1765432098765432 0.03888888888888889 0.06666666666666667
1 0.4166666666666667 0.1419753086419753 0.05 0.07654320987654321
1 0.31180555555555556 0.8790123456790123 0.1125 0.2074074074074074
1 0.48333333333333334 0.1654320987654321 0.04722222222222222 0.07407407407407407
1 0.43472222222222223 0.3851851851851852 0.06944444444444445 0.11851851851851852
0 0.24583333333333332 0.38271604938271603 0.08333333333333333 0.08395061728395062
