0 0.14097222222222222 0.662962962962963 0.1375 0.21481481481481482
0 0.2659722222222222 0.8246913580246914 0.1736111111111111 0.18271604938271604
1 0.775 0.18888888888888888 0.06944444444444445 0.11604938271604938
1 0.7555555555555555 0.11481481481481481 0.06111111111111111 0.1111111111111111
1 0.7854166666666667 0.07037037037037037 0.04583333333333333 0.10123456790123457
0 0.39791666666666664 0.8716049382716049 0.05416666666666667 0.17777777777777778
3 0.25416666666666665 0.42962962962962964 0.10833333333333334 0.2222222222222222
1 0.4166666666666667 0.5419753086419753 0.10833333333333334 0.19506172839506172
1 0.34652777777777777 0.6444444444444445 0.10138888888888889 0.1728395061728395
1 0.3277777777777778 0.47901234567901235 0.09166666666666666 0.14320987654320988
1 0.3548611111111111 0.32098765432098764 0.10694444444444444 0.1925925925925926
1 0.12638888888888888 0.45185185185185184 0.08888888888888889 0.14320987654320988
1 0.09444444444444444 0.27901234567901234 0.15 0.18271604938271604
1 0.034722222222222224 0.36790123456790125 0.06666666666666667 0.2123456790123457
3 0.5847222222222223 0.38271604938271603 0.06111111111111111 0.15308641975308643
1 0.8486111111111111 0.5530864197530864 0.044444444444444446 0.07901234567901234
