1 0.07083333333333333 0.06419753086419754 0.06388888888888888 0.1037037037037037
1 0.3423611111111111 0.4777777777777778 0.08472222222222223 0.13580246913580246
0 0.13125 0.5061728395061729 0.1125 0.09876543209876543
0 0.12222222222222222 0.25308641975308643 0.10277777777777777 0.08148148148148149
0 0.12708333333333333 0.19012345679012346 0.0875 0.08888888888888889
0 0.33194444444444443 0.2851851851851852 0.08055555555555556 0.08148148148148149
0 0.5319444444444444 0.7753086419753087 0.1111111111111111 0.1728395061728395
0 0.6145833333333334 0.8567901234567902 0.09861111111111111 0.18271604938271604
0 0.5486111111111112 0.4382716049382716 0.06666666666666667 0.06172839506172839
1 0.2569444444444444 0.24691358024691357 0.05277777777777778 0.07407407407407407
1 0.33402777777777776 0.20493827160493827 0.05416666666666667 0.09382716049382717
1 0.40208333333333335 0.21975308641975308 0.04583333333333333 0.08888888888888889
1 0.59375 0.6185185185185185 0.07083333333333333 0.1308641975308642
1 0.5548611111111111 0.4876543209876543 0.043055555555555555 0.09135802469135802
