0 0.6736111111111112 0.6777777777777778 0.09166666666666666 0.10123456790123457
0 0.5972222222222222 0.9296296296296296 0.16111111111111112 0.1259259259259259
0 0.41388888888888886 0.9493827160493827 0.10555555555555556 0.10123456790123457
1 0.175 0.6901234567901234 0.1388888888888889 0.24444444444444444
1 0.24166666666666667 0.4839506172839506 0.08611111111111111 0.15308641975308643
1 0.19027777777777777 0.2641975308641975 0.07777777777777778 0.11358024691358025
1 0.5520833333333334 0.19753086419753085 0.05138888888888889 0.07407407407407407
1 0.6972222222222222 0.3111111111111111 0.041666666666666664 0.09382716049382717
1 0.95625 0.454320987654321 0.0875 0.14320987654320988
1 0.4166666666666667 0.7691358024691358 0.1 0.2345679012345679
1 0.4222222222222222 0.4691358024691358 0.06111111111111111 0.12345679012345678
