1 0.29305555555555557 0.5555555555555556 0.04722222222222222 0.07407407407407407
1 0.36736111111111114 0.5506172839506173 0.04583333333333333 0.08888888888888889
1 0.33541666666666664 0.6037037037037037 0.059722222222222225 0.08641975308641975
1 0.24375 0.5407407407407407 0.05138888888888889 0.08395061728395062
1 0.16458333333333333 0.5456790123456791 0.05694444444444444 0.08888888888888889
1 0.35 0.4777777777777778 0.04722222222222222 0.07654320987654321
1 0.32222222222222224 0.3851851851851852 0.05 0.07901234567901234
1 0.3854166666666667 0.4246913580246914 0.043055555555555555 0.07407407407407407
1 0.5541666666666667 0.08518518518518518 0.044444444444444446 0.08148148148148149
1 0.4791666666666667 0.4246913580246914 0.05555555555555555 0.09382716049382717
1 0.5638888888888889 0.8765432098765432 0.1 0.1580246913580247
