1 0.4979166666666667 0.42345679012345677 0.06527777777777778 0.12098765432098765
1 0.42916666666666664 0.4111111111111111 0.06388888888888888 0.10617283950617284
3 0.8840277777777777 0.3172839506172839 0.09861111111111111 0.10617283950617284
1 0.38125 0.15679012345679014 0.04027777777777778 0.06172839506172839
1 0.2673611111111111 0.3493827160493827 0.05694444444444444 0.10123456790123457
1 0.36944444444444446 0.4679012345679012 0.06666666666666667 0.10617283950617284
1 0.6479166666666667 0.25308641975308643 0.0625 0.11604938271604938
1 0.7680555555555556 0.3271604938271605 0.05555555555555555 0.07160493827160494
1 0.9569444444444445 0.46296296296296297 0.08611111111111111 0.1506172839506173
1 0.6298611111111111 0.682716049382716 0.06805555555555555 0.0962962962962963
3 0.7180555555555556 0.9395061728395062 0.08611111111111111 0.12098765432098765
1 0.5993055555555555 0.9395061728395062 0.059722222222222225 0.1111111111111111
1 0.48680555555555555 0.9395061728395062 0.08472222222222223 0.12098765432098765
1 0.3888888888888889 0.9777777777777777 0.09166666666666666 0.044444444444444446
1 0.3854166666666667 0.8444444444444444 0.09583333333333334 0.18765432098765433
1 0.27152777777777776 0.9358024691358025 0.059722222222222225 0.10864197530864197
1 0.12013888888888889 0.9271604938271605 0.08472222222222223 0.13580246913580246
