0 0.30694444444444446 0.1506172839506173 0.08888888888888889 0.07407407407407407
1 0.06319444444444444 0.3432098765432099 0.12361111111111112 0.18765432098765433
1 0.16041666666666668 0.11851851851851852 0.09027777777777778 0.13333333333333333
1 0.3659722222222222 0.9111111111111111 0.10972222222222222 0.17777777777777778
1 0.40625 0.7123456790123457 0.09583333333333334 0.17037037037037037
1 0.5597222222222222 0.6518518518518519 0.06944444444444445 0.12345679012345678
1 0.5819444444444445 0.5962962962962963 0.05555555555555555 0.1111111111111111
1 0.6097222222222223 0.46296296296296297 0.05555555555555555 0.10123456790123457
1 0.6 0.38641975308641974 0.04722222222222222 0.08148148148148149
1 0.5388888888888889 0.28888888888888886 0.04722222222222222 0.07407407407407407
1 0.4625 0.19753086419753085 0.03333333333333333 0.05925925925925926
1 0.4652777777777778 0.14444444444444443 0.03611111111111111 0.07160493827160494
