1 0.5333333333333333 0.8753086419753087 0.08333333333333333 0.11604938271604938
1 0.46875 0.8185185185185185 0.07916666666666666 0.14074074074074075
1 0.4395833333333333 0.9728395061728395 0.11805555555555555 0.05432098765432099
1 0.3958333333333333 0.8827160493827161 0.10277777777777777 0.17037037037037037
1 0.20555555555555555 0.6382716049382716 0.14166666666666666 0.22469135802469137
0 0.5291666666666667 0.9555555555555556 0.07777777777777778 0.08888888888888889
0 0.4284722222222222 0.6962962962962963 0.09861111111111111 0.08888888888888889
1 0.43819444444444444 0.6555555555555556 0.06527777777777778 0.0962962962962963
1 0.3486111111111111 0.5296296296296297 0.05277777777777778 0.09135802469135802
1 0.23541666666666666 0.4283950617283951 0.05694444444444444 0.0962962962962963
1 0.041666666666666664 0.2975308641975309 0.06944444444444445 0.09135802469135802
1 0.10486111111111111 0.47160493827160493 0.09027777777777778 0.14814814814814814
