0 0.6847222222222222 0.7074074074074074 0.07222222222222222 0.18024691358024691
0 0.4388888888888889 0.9259259259259259 0.05 0.14814814814814814
0 0.4861111111111111 0.9049382716049382 0.075 0.19012345679012346
0 0.5270833333333333 0.6345679012345679 0.07916666666666666 0.18271604938271604
1 0.34930555555555554 0.8901234567901235 0.1375 0.21975308641975308
1 0.5784722222222223 0.7641975308641975 0.0875 0.18024691358024691
1 0.6256944444444444 0.6901234567901234 0.0763888888888889 0.1506172839506173
1 0.6548611111111111 0.4604938271604938 0.06527777777777778 0.12098765432098765
1 0.6375 0.3395061728395062 0.05277777777777778 0.10617283950617284
1 0.5729166666666666 0.19506172839506172 0.05416666666666667 0.09876543209876543
1 0.5263888888888889 0.1037037037037037 0.041666666666666664 0.09382716049382717
1 0.48541666666666666 0.05185185185185185 0.04583333333333333 0.0691358024691358
