1 0.7201388888888889 0.1814814814814815 0.059722222222222225 0.11604938271604938
1 0.73125 0.35185185185185186 0.043055555555555555 0.09135802469135802
1 0.17291666666666666 0.3234567901234568 0.06527777777777778 0.07901234567901234
1 0.3159722222222222 0.4740740740740741 0.059722222222222225 0.1037037037037037
1 0.32222222222222224 0.6172839506172839 0.06388888888888888 0.11358024691358025
1 0.38333333333333336 0.5728395061728395 0.058333333333333334 0.1037037037037037
1 0.49930555555555556 0.6469135802469136 0.07361111111111111 0.12839506172839507
1 0.29930555555555555 0.7666666666666667 0.07916666666666666 0.14074074074074075
1 0.22777777777777777 0.8827160493827161 0.09166666666666666 0.17037037037037037
1 0.20277777777777778 0.745679012345679 0.08333333333333333 0.12345679012345678
1 0.11736111111111111 0.7246913580246913 0.09027777777777778 0.1308641975308642
1 0.027777777777777776 0.6925925925925925 0.05277777777777778 0.145679012345679
3 0.06041666666666667 0.8123456790123457 0.09027777777777778 0.09876543209876543
