1 0.6541666666666667 0.36049382716049383 0.044444444444444446 0.09876543209876543
1 0.6027777777777777 0.32469135802469135 0.05 0.09135802469135802
3 0.8520833333333333 0.1111111111111111 0.05416666666666667 0.08395061728395062
3 0.9409722222222222 0.08641975308641975 0.08194444444444444 0.11851851851851852
3 0.7243055555555555 0.3135802469135803 0.05416666666666667 0.10864197530864197
3 0.8034722222222223 0.39753086419753086 0.08472222222222223 0.1382716049382716
3 0.7472222222222222 0.6185185185185185 0.04722222222222222 0.08641975308641975
3 0.6923611111111111 0.8185185185185185 0.059722222222222225 0.12098765432098765
3 0.6256944444444444 0.8950617283950617 0.04583333333333333 0.10123456790123457
3 0.42083333333333334 0.7567901234567901 0.06944444444444445 0.12098765432098765
1 0.19444444444444445 0.3888888888888889 0.058333333333333334 0.09135802469135802
1 0.08680555555555555 0.7913580246913581 0.10694444444444444 0.15555555555555556
3 0.13333333333333333 0.9024691358024691 0.1111111111111111 0.15555555555555556
