1 0.30486111111111114 0.04814814814814815 0.0763888888888889 0.09135802469135802
1 0.11736111111111111 0.6555555555555556 0.11805555555555555 0.21481481481481482
1 0.5430555555555555 0.23333333333333334 0.06666666666666667 0.09135802469135802
1 0.4583333333333333 0.11234567901234568 0.058333333333333334 0.08148148148148149
3 0.049305555555555554 0.45555555555555555 0.09583333333333334 0.19012345679012346
3 0.275 0.4148148148148148 0.08055555555555556 0.1382716049382716
3 0.32083333333333336 0.2518518518518518 0.06666666666666667 0.08395061728395062
3 0.4965277777777778 0.4777777777777778 0.06527777777777778 0.10617283950617284
3 0.5958333333333333 0.27901234567901234 0.06666666666666667 0.1037037037037037
3 0.6826388888888889 0.36790123456790125 0.07361111111111111 0.11851851851851852
3 0.7152777777777778 0.30617283950617286 0.05277777777777778 0.07901234567901234
