1 0.6111111111111112 0.717283950617284 0.03611111111111111 0.06666666666666667
1 0.5951388888888889 0.7530864197530864 0.03194444444444444 0.05925925925925926
1 0.6791666666666667 0.825925925925926 0.04722222222222222 0.07654320987654321
1 0.6541666666666667 0.8962962962962963 0.05277777777777778 0.09382716049382717
1 0.5444444444444444 0.9641975308641976 0.058333333333333334 0.07160493827160494
1 0.4840277777777778 0.8666666666666667 0.05416666666666667 0.08888888888888889
1 0.5 0.717283950617284 0.05555555555555555 0.08148148148148149
1 0.4486111111111111 0.6679012345679012 0.044444444444444446 0.07160493827160494
1 0.08680555555555555 0.6061728395061728 0.06805555555555555 0.0962962962962963
1 0.08333333333333333 0.7703703703703704 0.09166666666666666 0.13333333333333333
