0 0.6513888888888889 0.12839506172839507 0.08055555555555556 0.08395061728395062
3 0.23055555555555557 0.21358024691358024 0.07777777777777778 0.10617283950617284
0 0.23958333333333334 0.08148148148148149 0.08472222222222223 0.0691358024691358
0 0.1361111111111111 0.17037037037037037 0.03888888888888889 0.13333333333333333
3 0.6020833333333333 0.04814814814814815 0.10416666666666667 0.09135802469135802
1 0.7715277777777778 0.07777777777777778 0.07361111111111111 0.1308641975308642
1 0.7145833333333333 0.24814814814814815 0.1125 0.17530864197530865
1 0.3402777777777778 0.14074074074074075 0.08333333333333333 0.11851851851851852
0 0.46458333333333335 0.6345679012345679 0.13472222222222222 0.11358024691358025
1 0.14583333333333334 0.037037037037037035 0.08333333333333333 0.0691358024691358
