1 0.5819444444444445 0.38641975308641974 0.06388888888888888 0.1111111111111111
1 0.5583333333333333 0.445679012345679 0.06388888888888888 0.10617283950617284
1 0.5055555555555555 0.38765432098765434 0.05 0.09876543209876543
1 0.4638888888888889 0.3925925925925926 0.05277777777777778 0.08888888888888889
1 0.5604166666666667 0.2962962962962963 0.04583333333333333 0.09382716049382717
1 0.5979166666666667 0.24938271604938272 0.04861111111111111 0.08395061728395062
1 0.5319444444444444 0.19135802469135801 0.04722222222222222 0.07160493827160494
1 0.3923611111111111 0.39382716049382716 0.05694444444444444 0.08641975308641975
1 0.20972222222222223 0.5641975308641975 0.06944444444444445 0.10617283950617284
1 0.40208333333333335 0.15432098765432098 0.05138888888888889 0.05185185185185185
1 0.7090277777777778 0.21728395061728395 0.07916666666666666 0.1037037037037037
1 0.8743055555555556 0.8123456790123457 0.15138888888888888 0.19753086419753085
1 0.11180555555555556 0.9135802469135802 0.13472222222222222 0.1728395061728395
