1 0.8756944444444444 0.3987654320987654 0.043055555555555555 0.05185185185185185
1 0.6159722222222223 0.7234567901234568 0.05138888888888889 0.07901234567901234
1 0.925 0.5320987654320988 0.05277777777777778 0.08148148148148149
1 0.37430555555555556 0.928395061728395 0.09583333333333334 0.14320987654320988
1 0.4486111111111111 0.7185185185185186 0.041666666666666664 0.10864197530864197
1 0.36180555555555555 0.33209876543209876 0.04861111111111111 0.0962962962962963
3 0.39444444444444443 0.6320987654320988 0.07777777777777778 0.10864197530864197
3 0.5347222222222222 0.7777777777777778 0.05555555555555555 0.09382716049382717
3 0.5930555555555556 0.9481481481481482 0.058333333333333334 0.1037037037037037
3 0.55 0.5111111111111111 0.05 0.0691358024691358
