1 0.7083333333333334 0.8419753086419753 0.07222222222222222 0.1382716049382716
1 0.5611111111111111 0.9444444444444444 0.09166666666666666 0.1111111111111111
1 0.9680555555555556 0.30987654320987656 0.06388888888888888 0.056790123456790124
3 0.4895833333333333 0.7925925925925926 0.10416666666666667 0.12345679012345678
1 0.7680555555555556 0.11728395061728394 0.08333333333333333 0.22469135802469137
1 0.35555555555555557 0.20123456790123456 0.06111111111111111 0.145679012345679
1 0.1451388888888889 0.18765432098765433 0.0763888888888889 0.11851851851851852
1 0.09375 0.3333333333333333 0.08194444444444444 0.11851851851851852
3 0.05486111111111111 0.5691358024691358 0.10694444444444444 0.1506172839506173
0 0.08958333333333333 0.8098765432098766 0.10138888888888889 0.2765432098765432
0 0.13680555555555557 0.39012345679012345 0.10694444444444444 0.1382716049382716
