3 0.11319444444444444 0.9407407407407408 0.10416666666666667 0.11851851851851852
1 0.5958333333333333 0.10123456790123457 0.058333333333333334 0.12345679012345678
1 0.6125 0.21358024691358024 0.06388888888888888 0.1259259259259259
1 0.7604166666666666 0.36790123456790125 0.0763888888888889 0.14814814814814814
1 0.7597222222222222 0.10493827160493827 0.09722222222222222 0.17037037037037037
1 0.15902777777777777 0.725925925925926 0.10138888888888889 0.16790123456790124
3 0.9777777777777777 0.8604938271604938 0.044444444444444446 0.10123456790123457
3 0.8680555555555556 0.09382716049382717 0.058333333333333334 0.09382716049382717
3 0.04236111111111111 0.5925925925925926 0.08194444444444444 0.1728395061728395
3 0.3472222222222222 0.3358024691358025 0.05555555555555555 0.09876543209876543
3 0.5388888888888889 0.37037037037037035 0.05 0.10864197530864197
3 0.4152777777777778 0.6925925925925925 0.06111111111111111 0.11604938271604938
3 0.48125 0.9469135802469136 0.07083333333333333 0.10617283950617284
