0 0.22569444444444445 0.7111111111111111 0.05138888888888889 0.09876543209876543
1 0.14375 0.9296296296296296 0.1125 0.14074074074074075
1 0.7694444444444445 0.1814814814814815 0.10277777777777777 0.17037037037037037
1 0.7826388888888889 0.4765432098765432 0.07361111111111111 0.14814814814814814
1 0.6118055555555556 0.3135802469135803 0.059722222222222225 0.12345679012345678
1 0.5930555555555556 0.19012345679012346 0.05555555555555555 0.10864197530864197
1 0.21805555555555556 0.05432098765432099 0.05555555555555555 0.1037037037037037
1 0.027083333333333334 0.17160493827160495 0.05138888888888889 0.1654320987654321
3 0.3541666666666667 0.07777777777777778 0.058333333333333334 0.08148148148148149
3 0.8798611111111111 0.16419753086419753 0.0625 0.0962962962962963
3 0.03194444444444444 0.8160493827160494 0.06111111111111111 0.19506172839506172
3 0.33819444444444446 0.4802469135802469 0.05694444444444444 0.10617283950617284
3 0.5444444444444444 0.48641975308641977 0.05 0.11358024691358025
3 0.42291666666666666 0.8703703703703703 0.06527777777777778 0.1308641975308642
3 0.3576388888888889 0.6765432098765433 0.05416666666666667 0.08888888888888889
