0 0.8909722222222223 0.6222222222222222 0.15416666666666667 0.2518518518518518
0 0.75 0.7839506172839507 0.08611111111111111 0.43209876543209874
3 0.7166666666666667 0.25308641975308643 0.07777777777777778 0.21481481481481482
3 0.7097222222222223 0.0691358024691358 0.06666666666666667 0.08888888888888889
3 0.36875 0.654320987654321 0.06527777777777778 0.10864197530864197
0 0.15694444444444444 0.6617283950617284 0.10833333333333334 0.13333333333333333
3 0.6694444444444444 0.817283950617284 0.12222222222222222 0.2419753086419753
3 0.325 0.2839506172839506 0.05555555555555555 0.07407407407407407
3 0.30416666666666664 0.3851851851851852 0.06111111111111111 0.1037037037037037
3 0.3576388888888889 0.38271604938271603 0.05694444444444444 0.09382716049382717
1 0.4652777777777778 0.8024691358024691 0.11388888888888889 0.2074074074074074
1 0.5604166666666667 0.7777777777777778 0.07083333333333333 0.12345679012345678
1 0.5541666666666667 0.5950617283950618 0.07777777777777778 0.1382716049382716
1 0.4444444444444444 0.5432098765432098 0.11388888888888889 0.23209876543209876
1 0.2708333333333333 0.7024691358024692 0.1388888888888889 0.2839506172839506
1 0.16041666666666668 0.9320987654320988 0.11527777777777778 0.13580246913580246
