3 0.6506944444444445 0.44320987654320987 0.09027777777777778 0.12098765432098765
1 0.8381944444444445 0.11851851851851852 0.12361111111111112 0.20246913580246914
1 0.6645833333333333 0.17037037037037037 0.12361111111111112 0.20246913580246914
1 0.49583333333333335 0.4012345679012346 0.10277777777777777 0.17530864197530865
1 0.7305555555555555 0.6160493827160494 0.09722222222222222 0.18518518518518517
1 0.5388888888888889 0.9481481481481482 0.11388888888888889 0.1037037037037037
1 0.5138888888888888 0.7938271604938272 0.08611111111111111 0.15555555555555556
1 0.2361111111111111 0.5617283950617284 0.12777777777777777 0.20493827160493827
0 0.73125 0.9407407407407408 0.11527777777777778 0.11851851851851852
0 0.5506944444444445 0.6654320987654321 0.05138888888888889 0.13580246913580246
