3 0.8347222222222223 0.3358024691358025 0.03333333333333333 0.04938271604938271
3 0.8569444444444444 0.42592592592592593 0.041666666666666664 0.07160493827160494
1 0.3416666666666667 0.6925925925925925 0.03888888888888889 0.056790123456790124
1 0.34305555555555556 0.8024691358024691 0.05277777777777778 0.1037037037037037
1 0.8944444444444445 0.7197530864197531 0.06388888888888888 0.10617283950617284
1 0.8729166666666667 0.6123456790123457 0.05694444444444444 0.1037037037037037
1 0.5715277777777777 0.43580246913580245 0.0375 0.07160493827160494
1 0.45208333333333334 0.49506172839506174 0.05694444444444444 0.10617283950617284
1 0.2902777777777778 0.5296296296296297 0.041666666666666664 0.07160493827160494
1 0.20972222222222223 0.5765432098765432 0.06944444444444445 0.10123456790123457
1 0.1284722222222222 0.5888888888888889 0.08194444444444444 0.10617283950617284
3 0.8090277777777778 0.8407407407407408 0.0625 0.10617283950617284
3 0.6354166666666666 0.7567901234567901 0.04861111111111111 0.09135802469135802
3 0.4083333333333333 0.8901234567901235 0.06944444444444445 0.14074074074074075
3 0.38819444444444445 0.7333333333333333 0.04027777777777778 0.05925925925925926
3 0.22291666666666668 0.7814814814814814 0.09305555555555556 0.1259259259259259
3 0.06458333333333334 0.8333333333333334 0.06805555555555555 0.08148148148148149
