1 0.575 0.4 0.04722222222222222 0.07407407407407407
3 0.75 0.27037037037037037 0.05277777777777778 0.09135802469135802
3 0.9118055555555555 0.8530864197530864 0.10138888888888889 0.16049382716049382
3 0.5958333333333333 0.48148148148148145 0.05277777777777778 0.07901234567901234
3 0.3680555555555556 0.6777777777777778 0.041666666666666664 0.056790123456790124
3 0.31180555555555556 0.8716049382716049 0.05694444444444444 0.09382716049382717
3 0.2263888888888889 0.8123456790123457 0.06111111111111111 0.08888888888888889
1 0.2743055555555556 0.4641975308641975 0.043055555555555555 0.05432098765432099
1 0.12569444444444444 0.4617283950617284 0.05694444444444444 0.05432098765432099
1 0.19722222222222222 0.6037037037037037 0.058333333333333334 0.08148148148148149
1 0.6805555555555556 0.36666666666666664 0.05 0.10123456790123457
1 0.42430555555555555 0.41728395061728396 0.04583333333333333 0.06419753086419754
1 0.40208333333333335 0.608641975308642 0.0375 0.07160493827160494
1 0.4041666666666667 0.6839506172839506 0.03611111111111111 0.0691358024691358
1 0.5486111111111112 0.7641975308641975 0.07222222222222222 0.12098765432098765
1 0.4909722222222222 0.8777777777777778 0.059722222222222225 0.0962962962962963
1 0.3138888888888889 0.9530864197530864 0.09444444444444444 0.09382716049382717
