0 0.7881944444444444 0.3617283950617284 0.04583333333333333 0.10617283950617284
3 0.5604166666666667 0.7814814814814814 0.0763888888888889 0.15555555555555556
3 0.4527777777777778 0.3271604938271605 0.075 0.10123456790123457
3 0.23333333333333334 0.6382716049382716 0.16666666666666666 0.23950617283950618
1 0.95 0.6962962962962963 0.1 0.2271604938271605
1 0.4513888888888889 0.5049382716049383 0.08888888888888889 0.17037037037037037
1 0.28402777777777777 0.43333333333333335 0.17083333333333334 0.18518518518518517
2 0.3770833333333333 0.1925925925925926 0.09027777777777778 0.1728395061728395
2 0.6409722222222223 0.18641975308641975 0.0625 0.11604938271604938
3 0.5930555555555556 0.22469135802469137 0.09722222222222222 0.08395061728395062
