1 0.13541666666666666 0.5814814814814815 0.04583333333333333 0.08148148148148149
3 0.06875 0.6271604938271605 0.06527777777777778 0.06419753086419754
1 0.14791666666666667 0.38765432098765434 0.05694444444444444 0.07901234567901234
1 0.27291666666666664 0.6679012345679012 0.06805555555555555 0.10617283950617284
3 0.39375 0.19753086419753085 0.04861111111111111 0.0691358024691358
1 0.3527777777777778 0.29012345679012347 0.04722222222222222 0.08641975308641975
3 0.6076388888888888 0.20617283950617285 0.059722222222222225 0.10123456790123457
3 0.5208333333333334 0.6172839506172839 0.06111111111111111 0.09382716049382717
3 0.6409722222222223 0.817283950617284 0.09027777777777778 0.1037037037037037
3 0.5763888888888888 0.9333333333333333 0.06111111111111111 0.09382716049382717
1 0.29444444444444445 0.3506172839506173 0.05277777777777778 0.06419753086419754
