3 0.4625 0.48148148148148145 0.04722222222222222 0.06419753086419754
1 0.5263888888888889 0.7086419753086419 0.05277777777777778 0.08395061728395062
1 0.9041666666666667 0.43580246913580245 0.041666666666666664 0.07160493827160494
1 0.8180555555555555 0.5185185185185185 0.05555555555555555 0.07901234567901234
1 0.2604166666666667 0.2777777777777778 0.05416666666666667 0.0962962962962963
1 0.35208333333333336 0.7160493827160493 0.04861111111111111 0.1037037037037037
1 0.26458333333333334 0.9407407407407408 0.11527777777777778 0.11851851851851852
3 0.5013888888888889 0.9469135802469136 0.06388888888888888 0.10617283950617284
3 0.4423611111111111 0.7790123456790123 0.0625 0.10123456790123457
3 0.2923611111111111 0.6308641975308642 0.08472222222222223 0.11604938271604938
