3 0.6430555555555556 0.20246913580246914 0.044444444444444446 0.09382716049382717
3 0.5222222222222223 0.41728395061728396 0.05 0.05925925925925926
1 0.5006944444444444 0.3567901234567901 0.05138888888888889 0.06172839506172839
1 0.3590277777777778 0.3851851851851852 0.05416666666666667 0.08888888888888889
1 0.5826388888888889 0.30493827160493825 0.05138888888888889 0.1111111111111111
1 0.3784722222222222 0.825925925925926 0.07083333333333333 0.12098765432098765
1 0.43680555555555556 0.808641975308642 0.06805555555555555 0.0962962962962963
1 0.4875 0.6864197530864198 0.06111111111111111 0.10864197530864197
1 0.3402777777777778 0.5802469135802469 0.04722222222222222 0.07407407407407407
1 0.3486111111111111 0.6444444444444445 0.041666666666666664 0.0691358024691358
1 0.059722222222222225 0.4728395061728395 0.05555555555555555 0.056790123456790124
1 0.13541666666666666 0.5901234567901235 0.059722222222222225 0.0691358024691358
1 0.24375 0.9148148148148149 0.07916666666666666 0.1308641975308642
3 0.3055555555555556 0.6246913580246913 0.05277777777777778 0.05925925925925926
3 0.25277777777777777 0.8049382716049382 0.06388888888888888 0.07407407407407407
3 0.16944444444444445 0.7654320987654321 0.058333333333333334 0.07901234567901234
3 0.9256944444444445 0.2222222222222222 0.08194444444444444 0.11851851851851852
3 0.7881944444444444 0.6975308641975309 0.07916666666666666 0.11604938271604938
