1 0.12013888888888889 0.44814814814814813 0.05138888888888889 0.07160493827160494
1 0.22708333333333333 0.6320987654320988 0.08194444444444444 0.12345679012345678
0 0.6638888888888889 0.43209876543209874 0.09166666666666666 0.08888888888888889
0 0.6638888888888889 0.36049382716049383 0.09166666666666666 0.0691358024691358
0 0.7597222222222222 0.09753086419753086 0.09722222222222222 0.19012345679012346
0 0.6923611111111111 0.7012345679012346 0.059722222222222225 0.18271604938271604
0 0.7298611111111111 0.7938271604938272 0.12638888888888888 0.16049382716049382
3 0.47152777777777777 0.3395061728395062 0.04861111111111111 0.06666666666666667
3 0.8194444444444444 0.42962962962962964 0.07222222222222222 0.09876543209876543
3 0.8326388888888889 0.3333333333333333 0.09027777777777778 0.09876543209876543
3 0.8951388888888889 0.9012345679012346 0.1125 0.19753086419753085
