1 0.7986111111111112 0.17037037037037037 0.15833333333333333 0.2419753086419753
1 0.8472222222222222 0.5567901234567901 0.13333333333333333 0.21481481481481482
1 0.5902777777777778 0.3654320987654321 0.09722222222222222 0.17777777777777778
1 0.5527777777777778 0.20864197530864198 0.06666666666666667 0.14074074074074075
1 0.03819444444444445 0.1 0.07361111111111111 0.13580246913580246
3 0.5493055555555556 0.3012345679012346 0.059722222222222225 0.09382716049382717
3 0.9375 0.10987654320987654 0.08333333333333333 0.12098765432098765
3 0.23472222222222222 0.1111111111111111 0.08055555555555556 0.11358024691358025
3 0.2777777777777778 0.9222222222222223 0.06111111111111111 0.10123456790123457
3 0.39861111111111114 0.2691358024691358 0.06388888888888888 0.07407407407407407
3 0.5145833333333333 0.5987654320987654 0.06805555555555555 0.145679012345679
3 0.23125 0.662962962962963 0.0763888888888889 0.15555555555555556
