1 0.8555555555555555 0.49135802469135803 0.058333333333333334 0.0691358024691358
1 0.9083333333333333 0.4222222222222222 0.05277777777777778 0.0691358024691358
1 0.6152777777777778 0.4679012345679012 0.041666666666666664 0.06172839506172839
1 0.22430555555555556 0.7938271604938272 0.05694444444444444 0.07654320987654321
1 0.2847222222222222 0.7296296296296296 0.04722222222222222 0.06666666666666667
1 0.3347222222222222 0.6814814814814815 0.044444444444444446 0.05432098765432099
3 0.53125 0.5740740740740741 0.05416666666666667 0.06172839506172839
3 0.5708333333333333 0.6222222222222222 0.03611111111111111 0.05432098765432099
3 0.8569444444444444 0.6172839506172839 0.041666666666666664 0.044444444444444446
3 0.9145833333333333 0.7407407407407407 0.043055555555555555 0.06419753086419754
3 0.7208333333333333 0.8296296296296296 0.05277777777777778 0.09382716049382717
3 0.5958333333333333 0.6901234567901234 0.058333333333333334 0.08641975308641975
1 0.46597222222222223 0.9740740740740741 0.09861111111111111 0.05185185185185185
1 0.4097222222222222 0.8950617283950617 0.075 0.14074074074074075
1 0.3284722222222222 0.9320987654320988 0.08194444444444444 0.13580246913580246
