1 0.7215277777777778 0.2691358024691358 0.07916666666666666 0.1580246913580247
1 0.9451388888888889 0.16049382716049382 0.059722222222222225 0.09382716049382717
1 0.8430555555555556 0.24320987654320989 0.07222222222222222 0.12098765432098765
1 0.8513888888888889 0.15185185185185185 0.05555555555555555 0.09135802469135802
1 0.42916666666666664 0.4111111111111111 0.05277777777777778 0.0962962962962963
1 0.25416666666666665 0.5493827160493827 0.05555555555555555 0.07160493827160494
1 0.21736111111111112 0.09012345679012346 0.05416666666666667 0.07654320987654321
3 0.22291666666666668 0.7061728395061728 0.07361111111111111 0.08888888888888889
0 0.2625 0.8518518518518519 0.06666666666666667 0.16296296296296298
0 0.9444444444444444 0.43950617283950616 0.1111111111111111 0.1037037037037037
