3 0.7118055555555556 0.7 0.12638888888888888 0.21975308641975308
3 0.5090277777777777 0.8246913580246914 0.13472222222222222 0.20246913580246914
3 0.5763888888888888 0.40987654320987654 0.06944444444444445 0.12839506172839507
3 0.4270833333333333 0.48148148148148145 0.07916666666666666 0.14814814814814814
1 0.5722222222222222 0.9419753086419753 0.09166666666666666 0.11604938271604938
1 0.9013888888888889 0.04197530864197531 0.11666666666666667 0.07901234567901234
1 0.9138888888888889 0.19506172839506172 0.1111111111111111 0.2222222222222222
1 0.8263888888888888 0.13703703703703704 0.10277777777777777 0.2345679012345679
1 0.7104166666666667 0.05308641975308642 0.1125 0.10123456790123457
1 0.8513888888888889 0.391358024691358 0.13055555555555556 0.19506172839506172
1 0.95 0.5469135802469136 0.1 0.21975308641975308
1 0.8638888888888889 0.7209876543209877 0.11666666666666667 0.2123456790123457
1 0.8263888888888888 0.5962962962962963 0.10277777777777777 0.19506172839506172
1 0.37430555555555556 0.7679012345679013 0.06805555555555555 0.1037037037037037
1 0.3680555555555556 0.9135802469135802 0.075 0.12839506172839507
1 0.4270833333333333 0.14444444444444443 0.13472222222222222 0.2641975308641975
1 0.30069444444444443 0.19012345679012346 0.10694444444444444 0.16790123456790124
1 0.29444444444444445 0.6444444444444445 0.08333333333333333 0.11358024691358025
0 0.7694444444444445 0.4567901234567901 0.058333333333333334 0.23703703703703705
0 0.5708333333333333 0.2111111111111111 0.13333333333333333 0.2938271604938272
0 0.5805555555555556 0.7049382716049383 0.14722222222222223 0.19506172839506172
