1 0.5229166666666667 0.42962962962962964 0.043055555555555555 0.1037037037037037
3 0.9076388888888889 0.040740740740740744 0.06527777777777778 0.07654320987654321
1 0.79375 0.056790123456790124 0.10416666666666667 0.10864197530864197
1 0.6361111111111111 0.03333333333333333 0.05555555555555555 0.06172839506172839
1 0.64375 0.1382716049382716 0.05416666666666667 0.11851851851851852
1 0.7798611111111111 0.2938271604938272 0.07083333333333333 0.13333333333333333
1 0.19652777777777777 0.5604938271604938 0.0763888888888889 0.14320987654320988
3 0.04097222222222222 0.2382716049382716 0.059722222222222225 0.07654320987654321
3 0.09027777777777778 0.42962962962962964 0.09166666666666666 0.14320987654320988
3 0.3819444444444444 0.22469135802469137 0.05277777777777778 0.1037037037037037
3 0.5659722222222222 0.2802469135802469 0.05416666666666667 0.10617283950617284
3 0.4354166666666667 0.562962962962963 0.05694444444444444 0.09382716049382717
3 0.9708333333333333 0.7790123456790123 0.058333333333333334 0.10617283950617284
3 0.9472222222222222 0.9271604938271605 0.10555555555555556 0.145679012345679
3 0.5840277777777778 0.8950617283950617 0.06527777777777778 0.14074074074074075
3 0.4895833333333333 0.8098765432098766 0.06527777777777778 0.11851851851851852
3 0.15555555555555556 0.7666666666666667 0.1 0.15555555555555556
3 0.12083333333333333 0.9024691358024691 0.08055555555555556 0.1259259259259259
