1 0.15694444444444444 0.9123456790123456 0.06388888888888888 0.11604938271604938
1 0.49583333333333335 0.15308641975308643 0.05 0.08888888888888889
3 0.4736111111111111 0.9160493827160494 0.06944444444444445 0.1037037037037037
3 0.4951388888888889 0.44074074074074077 0.07916666666666666 0.13580246913580246
3 0.30694444444444446 0.37407407407407406 0.05555555555555555 0.07160493827160494
3 0.21597222222222223 0.5481481481481482 0.0875 0.12839506172839507
3 0.6868055555555556 0.33827160493827163 0.0625 0.09876543209876543
3 0.7381944444444445 0.4617283950617284 0.034722222222222224 0.06419753086419754
3 0.6361111111111111 0.519753086419753 0.03888888888888889 0.05185185185185185
1 0.37777777777777777 0.11975308641975309 0.04722222222222222 0.07160493827160494
1 0.8416666666666667 0.9185185185185185 0.08333333333333333 0.12345679012345678
3 0.9583333333333334 0.8864197530864197 0.058333333333333334 0.06419753086419754
3 0.8416666666666667 0.3358024691358025 0.06111111111111111 0.07901234567901234
