1 0.5659722222222222 0.3160493827160494 0.04861111111111111 0.08888888888888889
1 0.3375 0.13209876543209875 0.05277777777777778 0.08148148148148149
3 0.6486111111111111 0.42098765432098767 0.06388888888888888 0.07160493827160494
1 0.7166666666666667 0.23950617283950618 0.03611111111111111 0.06419753086419754
1 0.8173611111111111 0.19753086419753085 0.043055555555555555 0.07901234567901234
1 0.83125 0.3234567901234568 0.043055555555555555 0.08395061728395062
1 0.6791666666666667 0.1765432098765432 0.03611111111111111 0.06172839506172839
1 0.48819444444444443 0.3308641975308642 0.043055555555555555 0.08395061728395062
1 0.3902777777777778 0.4419753086419753 0.058333333333333334 0.1037037037037037
1 0.2048611111111111 0.6395061728395062 0.04861111111111111 0.08888888888888889
