3 0.5472222222222223 0.38395061728395063 0.044444444444444446 0.056790123456790124
1 0.4951388888888889 0.29506172839506173 0.043055555555555555 0.07654320987654321
1 0.5326388888888889 0.3 0.034722222222222224 0.06172839506172839
1 0.675 0.28271604938271605 0.03888888888888889 0.07654320987654321
1 0.8881944444444444 0.5901234567901235 0.04861111111111111 0.08395061728395062
1 0.7840277777777778 0.9395061728395062 0.07916666666666666 0.12098765432098765
1 0.6736111111111112 0.5444444444444444 0.05277777777777778 0.06666666666666667
1 0.49027777777777776 0.49506172839506174 0.058333333333333334 0.08641975308641975
3 0.1840277777777778 0.7716049382716049 0.04027777777777778 0.06172839506172839
3 0.6395833333333333 0.48148148148148145 0.043055555555555555 0.0691358024691358
3 0.8083333333333333 0.5925925925925926 0.044444444444444446 0.05925925925925926
3 0.8291666666666667 0.7246913580246913 0.05277777777777778 0.07654320987654321
0 0.9236111111111112 0.9395061728395062 0.09444444444444444 0.12098765432098765
