2 0.7840277777777778 0.8654320987654321 0.04583333333333333 0.07654320987654321
1 0.19930555555555557 0.917283950617284 0.19027777777777777 0.1654320987654321
0 0.5173611111111112 0.26296296296296295 0.10416666666666667 0.12098765432098765
3 0.11041666666666666 0.6345679012345679 0.10416666666666667 0.16790123456790124
3 0.1763888888888889 0.6654320987654321 0.07777777777777778 0.15555555555555556
3 0.175 0.5 0.06666666666666667 0.09135802469135802
3 0.6680555555555555 0.6049382716049383 0.10277777777777777 0.2617283950617284
3 0.6652777777777777 0.3728395061728395 0.075 0.12839506172839507
3 0.7347222222222223 0.4012345679012346 0.075 0.18518518518518517
1 0.11458333333333333 0.1111111111111111 0.05694444444444444 0.11851851851851852
