3 0.6131944444444445 0.36790123456790125 0.04861111111111111 0.05432098765432099
3 0.2798611111111111 0.7197530864197531 0.04583333333333333 0.05185185185185185
1 0.10833333333333334 0.9160493827160494 0.11944444444444445 0.14814814814814814
3 0.2 0.9246913580246914 0.08888888888888889 0.10617283950617284
1 0.4548611111111111 0.7296296296296296 0.0763888888888889 0.1308641975308642
1 0.46944444444444444 0.9049382716049382 0.08888888888888889 0.17530864197530865
1 0.18333333333333332 0.5172839506172839 0.06944444444444445 0.06172839506172839
1 0.03819444444444445 0.5407407407407407 0.07361111111111111 0.08395061728395062
1 0.4756944444444444 0.4049382716049383 0.07361111111111111 0.1037037037037037
1 0.7159722222222222 0.37407407407407406 0.08472222222222223 0.1111111111111111
1 0.9701388888888889 0.15185185185185185 0.059722222222222225 0.145679012345679
3 0.7784722222222222 0.5135802469135803 0.09027777777777778 0.07901234567901234
1 0.3972222222222222 0.828395061728395 0.06944444444444445 0.1308641975308642
1 0.25416666666666665 0.4901234567901235 0.04722222222222222 0.06666666666666667
3 0.6 0.46296296296296297 0.07777777777777778 0.07160493827160494
3 0.6138888888888889 0.6555555555555556 0.058333333333333334 0.10617283950617284
