0 0.06597222222222222 0.2814814814814815 0.07083333333333333 0.09876543209876543
1 0.09097222222222222 0.5234567901234568 0.08194444444444444 0.14814814814814814
1 0.2625 0.6 0.044444444444444446 0.08888888888888889
0 0.35208333333333336 0.8629629629629629 0.12361111111111112 0.145679012345679
1 0.5340277777777778 0.9061728395061729 0.07916666666666666 0.14320987654320988
1 0.5548611111111111 0.7493827160493827 0.059722222222222225 0.13580246913580246
1 0.7534722222222222 0.5802469135802469 0.08194444444444444 0.12839506172839507
1 0.8597222222222223 0.6432098765432098 0.075 0.1308641975308642
1 0.8006944444444445 0.4 0.05138888888888889 0.07407407407407407
1 0.6118055555555556 0.9358024691358025 0.05138888888888889 0.12839506172839507
