1 0.4777777777777778 0.5333333333333333 0.03333333333333333 0.0691358024691358
3 0.9173611111111111 0.8135802469135802 0.07361111111111111 0.1259259259259259
3 0.8444444444444444 0.8061728395061728 0.07222222222222222 0.12098765432098765
3 0.5930555555555556 0.9197530864197531 0.06388888888888888 0.10123456790123457
1 0.01875 0.691358024691358 0.034722222222222224 0.08395061728395062
1 0.1284722222222222 0.7358024691358025 0.05694444444444444 0.05432098765432099
1 0.19652777777777777 0.7469135802469136 0.04583333333333333 0.07160493827160494
1 0.8243055555555555 0.4728395061728395 0.05138888888888889 0.08641975308641975
1 0.9104166666666667 0.32098765432098764 0.07916666666666666 0.11358024691358025
1 0.9527777777777777 0.4740740740740741 0.09444444444444444 0.19753086419753085
1 0.7305555555555555 0.891358024691358 0.08055555555555556 0.1580246913580247
1 0.5701388888888889 0.8049382716049382 0.05694444444444444 0.09382716049382717
1 0.38819444444444445 0.7555555555555555 0.05416666666666667 0.09382716049382717
1 0.3298611111111111 0.9765432098765432 0.043055555555555555 0.04691358024691358
1 0.03819444444444445 0.971604938271605 0.07361111111111111 0.056790123456790124
