3 0.7277777777777777 0.21481481481481482 0.07222222222222222 0.08888888888888889
3 0.7840277777777778 0.8802469135802469 0.10138888888888889 0.12098765432098765
3 0.6333333333333333 0.6444444444444445 0.06111111111111111 0.09876543209876543
3 0.125 0.8037037037037037 0.06388888888888888 0.08148148148148149
3 0.18541666666666667 0.6271604938271605 0.05694444444444444 0.05925925925925926
3 0.035416666666666666 0.7765432098765432 0.0625 0.09135802469135802
1 0.4479166666666667 0.29876543209876544 0.05694444444444444 0.09382716049382717
1 0.23541666666666666 0.5814814814814815 0.043055555555555555 0.07160493827160494
1 0.24166666666666667 0.6432098765432098 0.03888888888888889 0.07160493827160494
1 0.01875 0.6135802469135803 0.034722222222222224 0.07654320987654321
1 0.3680555555555556 0.6753086419753086 0.05277777777777778 0.08641975308641975
1 0.24861111111111112 0.3962962962962963 0.05277777777777778 0.08148148148148149
1 0.38680555555555557 0.3530864197530864 0.05138888888888889 0.07407407407407407
