0 0.14166666666666666 0.6148148148148148 0.05 0.2518518518518518
0 0.20555555555555555 0.3765432098765432 0.06666666666666667 0.1654320987654321
1 0.4875 0.26666666666666666 0.12777777777777777 0.1382716049382716
0 0.7215277777777778 0.9 0.13472222222222222 0.2
0 0.8645833333333334 0.9419753086419753 0.09027777777777778 0.11604938271604938
3 0.47152777777777777 0.4123456790123457 0.11805555555555555 0.17777777777777778
3 0.7465277777777778 0.5259259259259259 0.06805555555555555 0.13333333333333333
3 0.6159722222222223 0.18765432098765433 0.07083333333333333 0.08395061728395062
3 0.7368055555555556 0.07654320987654321 0.08194444444444444 0.06419753086419754
1 0.6194444444444445 0.32592592592592595 0.09166666666666666 0.14320987654320988
1 0.35833333333333334 0.5345679012345679 0.06388888888888888 0.12098765432098765
1 0.24097222222222223 0.8395061728395061 0.0875 0.19753086419753085
