1 0.44375 0.8666666666666667 0.09305555555555556 0.1728395061728395
1 0.16805555555555557 0.9320987654320988 0.125 0.13580246913580246
3 0.26319444444444445 0.9641975308641976 0.07361111111111111 0.07160493827160494
3 0.65 0.8629629629629629 0.06111111111111111 0.0962962962962963
3 0.6875 0.7 0.06388888888888888 0.12098765432098765
3 0.8715277777777778 0.5345679012345679 0.07916666666666666 0.1259259259259259
3 0.6819444444444445 0.37037037037037035 0.05555555555555555 0.04938271604938271
3 0.7194444444444444 0.4185185185185185 0.05 0.06172839506172839
3 0.6638888888888889 0.4888888888888889 0.06944444444444445 0.06419753086419754
3 0.16041666666666668 0.7333333333333333 0.059722222222222225 0.11358024691358025
3 0.3333333333333333 0.7469135802469136 0.044444444444444446 0.05185185185185185
3 0.035416666666666666 0.6839506172839506 0.05138888888888889 0.09382716049382717
1 0.10833333333333334 0.5567901234567901 0.08055555555555556 0.08148148148148149
1 0.24305555555555555 0.5271604938271605 0.058333333333333334 0.06172839506172839
1 0.31875 0.49382716049382713 0.059722222222222225 0.07407407407407407
1 0.14930555555555555 0.48641975308641977 0.05138888888888889 0.05925925925925926
1 0.5215277777777778 0.7666666666666667 0.0763888888888889 0.1259259259259259
1 0.5208333333333334 0.9234567901234568 0.10277777777777777 0.15308641975308643
1 0.5402777777777777 0.4160493827160494 0.07777777777777778 0.10617283950617284
1 0.7993055555555556 0.37530864197530867 0.09583333333333334 0.12345679012345678
1 0.7819444444444444 0.0962962962962963 0.041666666666666664 0.07407407407407407
1 0.6 0.044444444444444446 0.03611111111111111 0.08395061728395062
