1 0.3993055555555556 0.11481481481481481 0.043055555555555555 0.06666666666666667
1 0.44930555555555557 0.9259259259259259 0.05138888888888889 0.12345679012345678
1 0.5895833333333333 0.928395061728395 0.059722222222222225 0.11358024691358025
1 0.8069444444444445 0.05185185185185185 0.05555555555555555 0.09876543209876543
1 0.8125 0.26666666666666666 0.06388888888888888 0.12345679012345678
1 0.6361111111111111 0.4160493827160494 0.05 0.09135802469135802
1 0.5208333333333334 0.30617283950617286 0.03611111111111111 0.07407407407407407
1 0.4375 0.337037037037037 0.030555555555555555 0.07160493827160494
1 0.1486111111111111 0.23580246913580247 0.044444444444444446 0.07654320987654321
3 0.44027777777777777 0.6876543209876543 0.04722222222222222 0.09135802469135802
3 0.6423611111111112 0.9246913580246914 0.043055555555555555 0.07160493827160494
3 0.9263888888888889 0.7888888888888889 0.07222222222222222 0.09135802469135802
3 0.7472222222222222 0.662962962962963 0.06666666666666667 0.12098765432098765
3 0.5416666666666666 0.7246913580246913 0.05277777777777778 0.09135802469135802
3 0.03333333333333333 0.7839506172839507 0.06388888888888888 0.16049382716049382
3 0.3548611111111111 0.9703703703703703 0.05138888888888889 0.05925925925925926
3 0.48819444444444443 0.9395061728395062 0.04027777777777778 0.0962962962962963
