1 0.4965277777777778 0.1654320987654321 0.0625 0.11851851851851852
3 0.5354166666666667 0.08888888888888889 0.04027777777777778 0.07901234567901234
3 0.5708333333333333 0.0654320987654321 0.03888888888888889 0.07160493827160494
3 0.6833333333333333 0.8481481481481481 0.08333333333333333 0.16049382716049382
3 0.9361111111111111 0.254320987654321 0.10833333333333334 0.12839506172839507
3 0.6152777777777778 0.46296296296296297 0.06111111111111111 0.1259259259259259
3 0.4076388888888889 0.6123456790123457 0.05138888888888889 0.08888888888888889
1 0.27708333333333335 0.6185185185185185 0.08472222222222223 0.1654320987654321
1 0.17708333333333334 0.3419753086419753 0.06527777777777778 0.1111111111111111
1 0.24583333333333332 0.2518518518518518 0.06388888888888888 0.08395061728395062
1 0.38055555555555554 0.40987654320987654 0.06666666666666667 0.1382716049382716
1 0.6805555555555556 0.2962962962962963 0.075 0.14814814814814814
1 0.83125 0.6444444444444445 0.09583333333333334 0.17777777777777778
1 0.7881944444444444 0.04197530864197531 0.07083333333333333 0.07901234567901234
1 0.5993055555555555 0.5901234567901235 0.05694444444444444 0.11851851851851852
