1 0.4152777777777778 0.8975308641975308 0.11666666666666667 0.20493827160493827
2 0.24305555555555555 0.8160493827160494 0.125 0.1654320987654321
0 0.15138888888888888 0.8666666666666667 0.125 0.2419753086419753
0 0.2375 0.6938271604938272 0.15555555555555556 0.16790123456790124
0 0.32569444444444445 0.6790123456790124 0.20694444444444443 0.1580246913580247
2 0.1111111111111111 0.4691358024691358 0.07777777777777778 0.12839506172839507
2 0.21319444444444444 0.38271604938271603 0.07916666666666666 0.11851851851851852
2 0.3388888888888889 0.3148148148148148 0.08333333333333333 0.0962962962962963
0 0.35347222222222224 0.39382716049382716 0.12361111111111112 0.10123456790123457
0 0.39791666666666664 0.42098765432098767 0.10694444444444444 0.08641975308641975
0 0.47708333333333336 0.29012345679012347 0.10972222222222222 0.10617283950617284
2 0.47708333333333336 0.36049382716049383 0.0763888888888889 0.08888888888888889
2 0.3840277777777778 0.18888888888888888 0.06805555555555555 0.10123456790123457
2 0.4513888888888889 0.17407407407407408 0.06388888888888888 0.08641975308641975
2 0.49444444444444446 0.10864197530864197 0.06388888888888888 0.08395061728395062
0 0.5298611111111111 0.14444444444444443 0.07083333333333333 0.08148148148148149
2 0.5465277777777777 0.18888888888888888 0.07083333333333333 0.07654320987654321
0 0.4027777777777778 0.5506172839506173 0.11666666666666667 0.12345679012345678
0 0.4722222222222222 0.6753086419753086 0.09166666666666666 0.24938271604938272
1 0.43125 0.5049382716049383 0.06805555555555555 0.06666666666666667
1 0.4965277777777778 0.44320987654320987 0.07916666666666666 0.1506172839506173
2 0.5243055555555556 0.6987654320987654 0.07916666666666666 0.1925925925925926
2 0.58125 0.591358024691358 0.10138888888888889 0.1506172839506173
2 0.6972222222222222 0.02962962962962963 0.07777777777777778 0.04938271604938271
2 0.81875 0.044444444444444446 0.0875 0.08395061728395062
0 0.5847222222222223 0.9419753086419753 0.1361111111111111 0.11604938271604938
0 0.7131944444444445 0.8790123456790123 0.2569444444444444 0.2419753086419753
1 0.575 0.26049382716049385 0.07222222222222222 0.12098765432098765
2 0.5833333333333334 0.4567901234567901 0.08333333333333333 0.10864197530864197
0 0.5868055555555556 0.37777777777777777 0.08194444444444444 0.09382716049382717
2 0.6534722222222222 0.43209876543209874 0.10416666666666667 0.10864197530864197
2 0.6548611111111111 0.254320987654321 0.07916666666666666 0.09876543209876543
2 0.7208333333333333 0.3469135802469136 0.1111111111111111 0.19506172839506172
2 0.7736111111111111 0.41728395061728396 0.07222222222222222 0.1382716049382716
1 0.6618055555555555 0.528395061728395 0.09305555555555556 0.1382716049382716
1 0.6944444444444444 0.6222222222222222 0.10555555555555556 0.17777777777777778
1 0.7916666666666666 0.6901234567901234 0.1111111111111111 0.21481481481481482
3 0.8645833333333334 0.3925925925925926 0.15694444444444444 0.19753086419753085
0 0.8006944444444445 0.5172839506172839 0.10972222222222222 0.1111111111111111
3 0.9034722222222222 0.8864197530864197 0.19305555555555556 0.2271604938271605
2 0.8583333333333333 0.6728395061728395 0.06111111111111111 0.19012345679012346
2 0.9006944444444445 0.6283950617283951 0.09861111111111111 0.15555555555555556
2 0.9493055555555555 0.7333333333333333 0.10138888888888889 0.1728395061728395
2 0.9520833333333333 0.5395061728395062 0.07361111111111111 0.145679012345679
2 0.9798611111111111 0.5308641975308642 0.04027777777777778 0.15308641975308643
1 0.9604166666666667 0.40617283950617283 0.07916666666666666 0.11604938271604938
