1 0.8666666666666667 0.05185185185185185 0.07777777777777778 0.09876543209876543
3 0.09097222222222222 0.7604938271604939 0.08472222222222223 0.13333333333333333
3 0.5604166666666667 0.13703703703703704 0.05138888888888889 0.09135802469135802
3 0.7229166666666667 0.08271604938271605 0.09027777777777778 0.10617283950617284
1 0.5402777777777777 0.9592592592592593 0.075 0.08148148148148149
1 0.9604166666666667 0.26049382716049385 0.07916666666666666 0.10617283950617284
1 0.6291666666666667 0.10493827160493827 0.07777777777777778 0.12098765432098765
1 0.5472222222222223 0.044444444444444446 0.05277777777777778 0.08395061728395062
1 0.3701388888888889 0.5518518518518518 0.05138888888888889 0.07160493827160494
3 0.9493055555555555 0.6679012345679012 0.0875 0.145679012345679
3 0.5743055555555555 0.47160493827160493 0.05416666666666667 0.09876543209876543
