1 0.7909722222222222 0.11481481481481481 0.0375 0.06666666666666667
1 0.6840277777777778 0.07530864197530865 0.04027777777777778 0.07160493827160494
1 0.6805555555555556 0.45555555555555555 0.044444444444444446 0.07654320987654321
1 0.8868055555555555 0.3987654320987654 0.04861111111111111 0.07160493827160494
1 0.7819444444444444 0.5456790123456791 0.05 0.07901234567901234
1 0.8152777777777778 0.7148148148148148 0.06111111111111111 0.09135802469135802
1 0.7131944444444445 0.7222222222222222 0.0375 0.07160493827160494
1 0.5854166666666667 0.5703703703703704 0.034722222222222224 0.07407407407407407
1 0.5159722222222223 0.4703703703703704 0.043055555555555555 0.056790123456790124
1 0.47847222222222224 0.5098765432098765 0.043055555555555555 0.06172839506172839
1 0.5208333333333334 0.6493827160493827 0.044444444444444446 0.07901234567901234
1 0.14652777777777778 0.4901234567901235 0.08194444444444444 0.0962962962962963
3 0.9763888888888889 0.6074074074074074 0.04722222222222222 0.08888888888888889
3 0.7458333333333333 0.854320987654321 0.044444444444444446 0.08395061728395062
3 0.6104166666666667 0.9580246913580247 0.06527777777777778 0.08395061728395062
