3 0.6527777777777778 0.7765432098765432 0.06388888888888888 0.10617283950617284
3 0.7840277777777778 0.3358024691358025 0.0763888888888889 0.08888888888888889
3 0.8451388888888889 0.42098765432098767 0.09583333333333334 0.1308641975308642
3 0.6569444444444444 0.42592592592592593 0.04722222222222222 0.09135802469135802
1 0.42291666666666666 0.7987654320987654 0.04027777777777778 0.0962962962962963
1 0.6430555555555556 0.32098765432098764 0.05555555555555555 0.07901234567901234
1 0.7326388888888888 0.41728395061728396 0.0763888888888889 0.13333333333333333
1 0.96875 0.16419753086419753 0.0625 0.20987654320987653
1 0.9347222222222222 0.28888888888888886 0.09166666666666666 0.1728395061728395
1 0.9763888888888889 0.38765432098765434 0.044444444444444446 0.15308641975308643
