1 0.9194444444444444 0.9629629629629629 0.1111111111111111 0.07407407407407407
1 0.9152777777777777 0.4222222222222222 0.06944444444444445 0.11851851851851852
1 0.6701388888888888 0.4567901234567901 0.05694444444444444 0.08395061728395062
1 0.5833333333333334 0.7790123456790123 0.05555555555555555 0.09135802469135802
3 0.9006944444444445 0.8432098765432099 0.07916666666666666 0.1111111111111111
3 0.6486111111111111 0.6679012345679012 0.04722222222222222 0.06666666666666667
3 0.8097222222222222 0.4382716049382716 0.06388888888888888 0.0962962962962963
3 0.7791666666666667 0.5148148148148148 0.06111111111111111 0.10123456790123457
3 0.7291666666666666 0.2802469135802469 0.058333333333333334 0.0962962962962963
3 0.15208333333333332 0.7234567901234568 0.0625 0.07901234567901234
1 0.2916666666666667 0.8308641975308642 0.058333333333333334 0.08148148148148149
1 0.2388888888888889 0.7024691358024692 0.05277777777777778 0.09135802469135802
1 0.0763888888888889 0.754320987654321 0.06388888888888888 0.1111111111111111
