1 0.5840277777777778 0.14814814814814814 0.08472222222222223 0.12839506172839507
2 0.03333333333333333 0.2419753086419753 0.06388888888888888 0.16296296296296298
2 0.1 0.18395061728395062 0.09444444444444444 0.1308641975308642
0 0.05625 0.9197530864197531 0.10694444444444444 0.16049382716049382
2 0.17222222222222222 0.9061728395061729 0.1527777777777778 0.18765432098765433
0 0.2298611111111111 0.9444444444444444 0.20416666666666666 0.1111111111111111
0 0.14027777777777778 0.7592592592592593 0.18055555555555555 0.21975308641975308
0 0.19930555555555557 0.6777777777777778 0.15416666666666667 0.2345679012345679
2 0.2861111111111111 0.7308641975308642 0.13333333333333333 0.2518518518518518
1 0.4097222222222222 0.8604938271604938 0.22777777777777777 0.27901234567901234
1 0.46875 0.6691358024691358 0.13472222222222222 0.23209876543209876
1 0.39791666666666664 0.6049382716049383 0.13472222222222222 0.23703703703703705
1 0.7069444444444445 0.8469135802469135 0.18055555555555555 0.30617283950617286
0 0.8486111111111111 0.8469135802469135 0.175 0.30617283950617286
0 0.8513888888888889 0.5530864197530864 0.23055555555555557 0.3802469135802469
0 0.6361111111111111 0.7 0.25555555555555554 0.24938271604938272
1 0.7111111111111111 0.4925925925925926 0.16666666666666666 0.2691358024691358
1 0.36736111111111114 0.4271604938271605 0.11527777777777778 0.18271604938271604
0 0.5840277777777778 0.5691358024691358 0.15416666666666667 0.2
1 0.5166666666666667 0.44938271604938274 0.11666666666666667 0.2123456790123457
0 0.5284722222222222 0.43209876543209874 0.19305555555555556 0.16296296296296298
2 0.7104166666666667 0.30617283950617286 0.1375 0.1728395061728395
2 0.8486111111111111 0.2518518518518518 0.1388888888888889 0.16296296296296298
0 0.4409722222222222 0.3851851851851852 0.07361111111111111 0.2518518518518518
0 0.35 0.25925925925925924 0.044444444444444446 0.1580246913580247
1 0.3951388888888889 0.21728395061728395 0.08472222222222223 0.16296296296296298
1 0.44375 0.18024691358024691 0.10138888888888889 0.1382716049382716
1 0.5104166666666666 0.254320987654321 0.09861111111111111 0.16296296296296298
1 0.6048611111111111 0.26296296296296295 0.10694444444444444 0.21481481481481482
1 0.6715277777777777 0.18271604938271604 0.09583333333333334 0.16296296296296298
1 0.78125 0.14074074074074075 0.07916666666666666 0.11358024691358025
2 0.5784722222222223 0.11728395061728394 0.10138888888888889 0.13580246913580246
0 0.4222222222222222 0.10246913580246914 0.06666666666666667 0.09135802469135802
1 0.4444444444444444 0.05555555555555555 0.09722222222222222 0.10617283950617284
1 0.5361111111111111 0.05802469135802469 0.08333333333333333 0.1111111111111111
0 0.8618055555555556 0.15432098765432098 0.10138888888888889 0.16049382716049382
1 0.8944444444444445 0.04938271604938271 0.09444444444444444 0.09382716049382717
0 0.9645833333333333 0.05802469135802469 0.06805555555555555 0.1111111111111111
