1 0.030555555555555555 0.6851851851851852 0.058333333333333334 0.20987654320987653
1 0.14305555555555555 0.6061728395061728 0.14166666666666666 0.22469135802469137
2 0.9673611111111111 0.31234567901234567 0.06527777777777778 0.14074074074074075
2 0.9611111111111111 0.4419753086419753 0.07777777777777778 0.11851851851851852
2 0.9472222222222222 0.14444444444444443 0.07777777777777778 0.10123456790123457
0 0.9215277777777777 0.25308641975308643 0.14305555555555555 0.10617283950617284
0 0.8631944444444445 0.12098765432098765 0.10416666666666667 0.14814814814814814
2 0.85 0.2111111111111111 0.044444444444444446 0.1259259259259259
2 0.8194444444444444 0.2691358024691358 0.05277777777777778 0.10864197530864197
0 0.9013888888888889 0.40370370370370373 0.06944444444444445 0.15555555555555556
0 0.9256944444444445 0.608641975308642 0.14583333333333334 0.22962962962962963
2 0.6541666666666667 0.10246913580246914 0.08055555555555556 0.12098765432098765
0 0.7243055555555555 0.2740740740740741 0.13194444444444445 0.1382716049382716
2 0.7576388888888889 0.3592592592592593 0.09583333333333334 0.07654320987654321
2 0.6444444444444445 0.29012345679012347 0.06944444444444445 0.1308641975308642
2 0.5791666666666667 0.3790123456790123 0.1 0.1259259259259259
1 0.6368055555555555 0.20617283950617285 0.06527777777777778 0.06666666666666667
1 0.56875 0.14074074074074075 0.08472222222222223 0.1382716049382716
2 0.2763888888888889 0.20246913580246914 0.1 0.13333333333333333
1 0.8229166666666666 0.45308641975308644 0.09305555555555556 0.19506172839506172
1 0.7291666666666666 0.48148148148148145 0.1 0.18271604938271604
1 0.6791666666666667 0.4111111111111111 0.08055555555555556 0.1308641975308642
0 0.7458333333333333 0.6135802469135803 0.06111111111111111 0.12098765432098765
1 0.7881944444444444 0.7345679012345679 0.1375 0.2345679012345679
2 0.6805555555555556 0.7888888888888889 0.12777777777777777 0.2345679012345679
0 0.6159722222222223 0.5888888888888889 0.04861111111111111 0.15555555555555556
2 0.6388888888888888 0.5456790123456791 0.11666666666666667 0.16296296296296298
2 0.5416666666666666 0.5654320987654321 0.09444444444444444 0.15308641975308643
2 0.6006944444444444 0.7308641975308642 0.05694444444444444 0.23209876543209876
2 0.49930555555555556 0.46296296296296297 0.09861111111111111 0.145679012345679
2 0.4166666666666667 0.5296296296296297 0.10555555555555556 0.17530864197530865
2 0.3590277777777778 0.6395061728395062 0.11527777777777778 0.1580246913580247
1 0.5388888888888889 0.7160493827160493 0.11944444444444445 0.2419753086419753
1 0.44513888888888886 0.8271604938271605 0.13194444444444445 0.2419753086419753
1 0.40069444444444446 0.9666666666666667 0.12083333333333333 0.06666666666666667
2 0.3527777777777778 0.8765432098765432 0.10277777777777777 0.24691358024691357
2 0.2902777777777778 0.7962962962962963 0.1361111111111111 0.25925925925925924
2 0.18958333333333333 0.6209876543209877 0.06527777777777778 0.20987654320987653
0 0.1284722222222222 0.48271604938271606 0.14305555555555555 0.08641975308641975
0 0.17708333333333334 0.8580246913580247 0.09861111111111111 0.2839506172839506
0 0.10138888888888889 0.8864197530864197 0.09166666666666666 0.2271604938271605
