3 0.18125 0.7654320987654321 0.06527777777777778 0.1037037037037037
1 0.3229166666666667 0.13209876543209875 0.04027777777777778 0.06666666666666667
1 0.33819444444444446 0.2654320987654321 0.05138888888888889 0.08148148148148149
1 0.44583333333333336 0.09135802469135802 0.05 0.07407407407407407
1 0.5944444444444444 0.08765432098765433 0.044444444444444446 0.07160493827160494
1 0.4284722222222222 0.3358024691358025 0.04583333333333333 0.08888888888888889
1 0.5618055555555556 0.38641975308641974 0.05138888888888889 0.08148148148148149
1 0.7472222222222222 0.5222222222222223 0.041666666666666664 0.07160493827160494
1 0.6638888888888889 0.6444444444444445 0.041666666666666664 0.0691358024691358
1 0.44305555555555554 0.891358024691358 0.05555555555555555 0.12345679012345678
3 0.6854166666666667 0.47901234567901235 0.04861111111111111 0.09876543209876543
3 0.5118055555555555 0.3308641975308642 0.06527777777777778 0.08888888888888889
3 0.6847222222222222 0.9271604938271605 0.058333333333333334 0.08641975308641975
1 0.7402777777777778 0.8790123456790123 0.075 0.10864197530864197
0 0.8618055555555556 0.8962962962962963 0.13194444444444445 0.11851851851851852
