1 0.6284722222222222 0.10864197530864197 0.05416666666666667 0.09382716049382717
3 0.5826388888888889 0.5456790123456791 0.0375 0.06419753086419754
1 0.5368055555555555 0.5419753086419753 0.0625 0.1111111111111111
3 0.44513888888888886 0.5320987654320988 0.04861111111111111 0.07654320987654321
1 0.41041666666666665 0.5111111111111111 0.04861111111111111 0.11851851851851852
1 0.3368055555555556 0.9703703703703703 0.059722222222222225 0.05925925925925926
3 0.03194444444444444 0.2271604938271605 0.06111111111111111 0.12345679012345678
3 0.016666666666666666 0.4962962962962963 0.030555555555555555 0.1382716049382716
3 0.5708333333333333 0.24938271604938272 0.03611111111111111 0.08888888888888889
3 0.5548611111111111 0.19876543209876543 0.034722222222222224 0.056790123456790124
3 0.5826388888888889 0.17160493827160495 0.03194444444444444 0.07654320987654321
3 0.5097222222222222 0.36790123456790125 0.05 0.08395061728395062
3 0.41597222222222224 0.3172839506172839 0.04583333333333333 0.07160493827160494
3 0.4222222222222222 0.7197530864197531 0.044444444444444446 0.08148148148148149
3 0.32430555555555557 0.5234567901234568 0.059722222222222225 0.11358024691358025
3 0.2916666666666667 0.6753086419753086 0.08611111111111111 0.1506172839506173
3 0.8493055555555555 0.4740740740740741 0.0625 0.07407407407407407
3 0.7041666666666667 0.33827160493827163 0.06388888888888888 0.11358024691358025
3 0.58125 0.8876543209876543 0.043055555555555555 0.09135802469135802
3 0.6284722222222222 0.8938271604938272 0.04027777777777778 0.08395061728395062
3 0.6597222222222222 0.845679012345679 0.06111111111111111 0.12098765432098765
