1 0.84375 0.5666666666666667 0.14305555555555555 0.2691358024691358
1 0.5326388888888889 0.8703703703703703 0.13472222222222222 0.24938271604938272
3 0.49027777777777776 0.6160493827160494 0.07777777777777778 0.10123456790123457
3 0.9770833333333333 0.9567901234567902 0.04583333333333333 0.08641975308641975
3 0.425 0.5185185185185185 0.06111111111111111 0.06419753086419754
3 0.3090277777777778 0.6024691358024692 0.043055555555555555 0.06419753086419754
1 0.2548611111111111 0.7777777777777778 0.05416666666666667 0.10864197530864197
1 0.13333333333333333 0.7888888888888889 0.07777777777777778 0.12098765432098765
1 0.14791666666666667 0.6382716049382716 0.05138888888888889 0.08148148148148149
1 0.55625 0.32469135802469135 0.05694444444444444 0.0962962962962963
1 0.6333333333333333 0.20864197530864198 0.044444444444444446 0.07654320987654321
