1 0.4423611111111111 0.02345679012345679 0.0625 0.04197530864197531
1 0.5354166666666667 0.21975308641975308 0.0625 0.09876543209876543
1 0.4423611111111111 0.7283950617283951 0.0763888888888889 0.12839506172839507
1 0.25625 0.8185185185185185 0.0875 0.1506172839506173
1 0.33055555555555555 0.3617283950617284 0.058333333333333334 0.0962962962962963
1 0.19444444444444445 0.31234567901234567 0.075 0.1111111111111111
3 0.6236111111111111 0.391358024691358 0.04722222222222222 0.07160493827160494
0 0.5763888888888888 0.3493827160493827 0.06666666666666667 0.145679012345679
0 0.14305555555555555 0.8814814814814815 0.07777777777777778 0.23703703703703705
3 0.3138888888888889 0.4888888888888889 0.058333333333333334 0.09382716049382717
3 0.2743055555555556 0.6209876543209877 0.0625 0.11604938271604938
3 0.34791666666666665 0.8197530864197531 0.06805555555555555 0.11358024691358025
3 0.6888888888888889 0.22962962962962963 0.06111111111111111 0.08395061728395062
3 0.5979166666666667 0.7703703703703704 0.0625 0.07407407407407407
3 0.5020833333333333 0.9518518518518518 0.08472222222222223 0.0962962962962963
