3 0.9736111111111111 0.762962962962963 0.05277777777777778 0.1037037037037037
1 0.052083333333333336 0.2123456790123457 0.07083333333333333 0.09876543209876543
1 0.5152777777777777 0.3135802469135803 0.09166666666666666 0.14320987654320988
1 0.6229166666666667 0.5950617283950618 0.05694444444444444 0.12839506172839507
1 0.3548611111111111 0.7617283950617284 0.06805555555555555 0.1259259259259259
1 0.18819444444444444 0.7209876543209877 0.09305555555555556 0.1382716049382716
3 0.5618055555555556 0.2654320987654321 0.06527777777777778 0.0962962962962963
3 0.3923611111111111 0.19753086419753085 0.06527777777777778 0.08395061728395062
3 0.4097222222222222 0.2851851851851852 0.06666666666666667 0.10617283950617284
3 0.11805555555555555 0.3160493827160494 0.06388888888888888 0.08888888888888889
3 0.3263888888888889 0.9592592592592593 0.06388888888888888 0.08148148148148149
3 0.8333333333333334 0.6370370370370371 0.08333333333333333 0.11358024691358025
3 0.7618055555555555 0.8592592592592593 0.07083333333333333 0.11358024691358025
0 0.6888888888888889 0.7987654320987654 0.09166666666666666 0.20987654320987653
