0 0.16597222222222222 0.5666666666666667 0.05416666666666667 0.18518518518518517
0 0.9027777777777778 0.808641975308642 0.19444444444444445 0.21481481481481482
0 0.8381944444444445 0.6753086419753086 0.3236111111111111 0.2
0 0.7458333333333333 0.9259259259259259 0.13333333333333333 0.14814814814814814
0 0.7527777777777778 0.8518518518518519 0.2222222222222222 0.2962962962962963
2 0.7159722222222222 0.5679012345679012 0.15694444444444444 0.2716049382716049
1 0.61875 0.8901234567901235 0.14583333333333334 0.21975308641975308
1 0.4798611111111111 0.8777777777777778 0.12361111111111112 0.21481481481481482
0 0.5291666666666667 0.7209876543209877 0.28055555555555556 0.23209876543209876
2 0.5472222222222223 0.6123456790123457 0.12222222222222222 0.14320987654320988
2 0.60625 0.4666666666666667 0.10694444444444444 0.21728395061728395
2 0.5354166666666667 0.454320987654321 0.0875 0.2074074074074074
2 0.6118055555555556 0.22962962962962963 0.0625 0.17777777777777778
2 0.6048611111111111 0.03580246913580247 0.05694444444444444 0.06666666666666667
2 0.6645833333333333 0.030864197530864196 0.10416666666666667 0.056790123456790124
1 0.38680555555555557 0.6135802469135803 0.08472222222222223 0.17037037037037037
1 0.49166666666666664 0.3814814814814815 0.09444444444444444 0.21975308641975308
1 0.5645833333333333 0.20123456790123456 0.10416666666666667 0.20987654320987653
1 0.49027777777777776 0.1111111111111111 0.1 0.18765432098765433
0 0.39305555555555555 0.03950617283950617 0.06388888888888888 0.07407407407407407
0 0.38263888888888886 0.11728395061728394 0.14305555555555555 0.22962962962962963
0 0.33611111111111114 0.2580246913580247 0.1111111111111111 0.1259259259259259
0 0.28194444444444444 0.21728395061728395 0.08333333333333333 0.24691358024691357
1 0.41805555555555557 0.24320987654320989 0.08888888888888889 0.18024691358024691
0 0.40625 0.3395061728395062 0.1763888888888889 0.19506172839506172
0 0.25 0.4728395061728395 0.08611111111111111 0.22962962962962963
0 0.3326388888888889 0.8308641975308642 0.11805555555555555 0.1654320987654321
0 0.24861111111111112 0.9234567901234568 0.1527777777777778 0.15308641975308643
0 0.25833333333333336 0.7358024691358025 0.09722222222222222 0.3160493827160494
0 0.12430555555555556 0.9444444444444444 0.06805555555555555 0.1111111111111111
0 0.11805555555555555 0.7888888888888889 0.06944444444444445 0.22962962962962963
1 0.3861111111111111 0.945679012345679 0.06944444444444445 0.1037037037037037
