0 0.16041666666666668 0.3037037037037037 0.0763888888888889 0.14320987654320988
0 0.04652777777777778 0.7901234567901234 0.09027777777777778 0.40987654320987654
0 0.1798611111111111 0.6790123456790124 0.10138888888888889 0.2765432098765432
0 0.12152777777777778 0.6901234567901234 0.0875 0.22469135802469137
0 0.2 0.891358024691358 0.1638888888888889 0.21728395061728395
1 0.2965277777777778 0.9222222222222223 0.09305555555555556 0.15555555555555556
2 0.6652777777777777 0.9469135802469136 0.16666666666666666 0.10617283950617284
2 0.5541666666666667 0.8740740740740741 0.10555555555555556 0.2518518518518518
2 0.47291666666666665 0.9703703703703703 0.14027777777777778 0.05925925925925926
2 0.4701388888888889 0.8296296296296296 0.09861111111111111 0.2518518518518518
1 0.42569444444444443 0.7148148148148148 0.12083333333333333 0.23950617283950618
0 0.3527777777777778 0.6308641975308642 0.18055555555555555 0.19506172839506172
1 0.35555555555555557 0.5135802469135803 0.10555555555555556 0.1925925925925926
0 0.2361111111111111 0.4049382716049383 0.14444444444444443 0.2123456790123457
0 0.26944444444444443 0.47160493827160493 0.11944444444444445 0.12345679012345678
0 0.36875 0.2938271604938272 0.12638888888888888 0.16296296296296298
2 0.56875 0.5518518518518518 0.07083333333333333 0.2345679012345679
1 0.5097222222222222 0.5604938271604938 0.10833333333333334 0.23703703703703705
1 0.48541666666666666 0.43950617283950616 0.10138888888888889 0.15308641975308643
1 0.4305555555555556 0.3592592592592593 0.07777777777777778 0.19506172839506172
2 0.6451388888888889 0.2617283950617284 0.11527777777777778 0.2074074074074074
2 0.5625 0.2876543209876543 0.07222222222222222 0.10123456790123457
1 0.4875 0.3074074074074074 0.09722222222222222 0.14074074074074075
1 0.5680555555555555 0.18024691358024691 0.09444444444444444 0.1382716049382716
1 0.46458333333333335 0.19135802469135801 0.09583333333333334 0.15555555555555556
0 0.38472222222222224 0.18888888888888888 0.14166666666666666 0.18024691358024691
0 0.30694444444444446 0.13703703703703704 0.06111111111111111 0.10123456790123457
0 0.3458333333333333 0.06172839506172839 0.10277777777777777 0.11851851851851852
1 0.4215277777777778 0.05185185185185185 0.05694444444444444 0.09876543209876543
0 0.46458333333333335 0.04814814814814815 0.09583333333333334 0.09135802469135802
1 0.5354166666666667 0.0728395061728395 0.07361111111111111 0.14074074074074075
0 0.58125 0.06049382716049383 0.07361111111111111 0.11604938271604938
1 0.6756944444444445 0.08148148148148149 0.11527777777777778 0.1580246913580247
