1 0.33194444444444443 0.22592592592592592 0.03888888888888889 0.056790123456790124
1 0.11458333333333333 0.23703703703703705 0.07083333333333333 0.1037037037037037
1 0.3 0.3037037037037037 0.03611111111111111 0.05925925925925926
1 0.3423611111111111 0.4876543209876543 0.0375 0.07654320987654321
1 0.2673611111111111 0.562962962962963 0.06805555555555555 0.09382716049382717
1 0.35833333333333334 0.6580246913580247 0.06666666666666667 0.1111111111111111
1 0.4236111111111111 0.7148148148148148 0.06388888888888888 0.1308641975308642
1 0.6333333333333333 0.11975308641975309 0.044444444444444446 0.07654320987654321
1 0.6347222222222222 0.30493827160493825 0.03611111111111111 0.056790123456790124
1 0.6576388888888889 0.3962962962962963 0.04583333333333333 0.07160493827160494
1 0.7680555555555556 0.2222222222222222 0.03333333333333333 0.05432098765432099
1 0.8868055555555555 0.33827160493827163 0.043055555555555555 0.08395061728395062
1 0.6798611111111111 0.8037037037037037 0.06805555555555555 0.1308641975308642
