0 0.8534722222222222 0.15185185185185185 0.29305555555555557 0.2839506172839506
1 0.6902777777777778 0.5506172839506173 0.2 0.35555555555555557
2 0.49027777777777776 0.825925925925926 0.2 0.3234567901234568
2 0.5715277777777777 0.3469135802469136 0.12361111111111112 0.2641975308641975
0 0.3326388888888889 0.8814814814814815 0.14305555555555555 0.23703703703703705
0 0.4395833333333333 0.608641975308642 0.27361111111111114 0.25925925925925924
2 0.3958333333333333 0.46296296296296297 0.10277777777777777 0.17037037037037037
0 0.40902777777777777 0.3395061728395062 0.23194444444444445 0.18024691358024691
0 0.25972222222222224 0.36419753086419754 0.09166666666666666 0.2
0 0.09236111111111112 0.6037037037037037 0.16527777777777777 0.254320987654321
2 0.17152777777777778 0.21851851851851853 0.12361111111111112 0.2
2 0.13125 0.8728395061728395 0.1125 0.254320987654321
2 0.2722222222222222 0.6234567901234568 0.10555555555555556 0.21975308641975308
