1 0.5173611111111112 0.43580246913580245 0.05138888888888889 0.06666666666666667
1 0.9236111111111112 0.5765432098765432 0.06944444444444445 0.11604938271604938
1 0.98125 0.8790123456790123 0.0375 0.10864197530864197
1 0.5784722222222223 0.6074074074074074 0.04583333333333333 0.07407407407407407
1 0.41805555555555557 0.5370370370370371 0.05277777777777778 0.08641975308641975
1 0.4840277777777778 0.8530864197530864 0.04861111111111111 0.08641975308641975
1 0.35833333333333334 0.7382716049382716 0.05277777777777778 0.08888888888888889
1 0.3597222222222222 0.6345679012345679 0.05277777777777778 0.08888888888888889
1 0.29791666666666666 0.5148148148148148 0.04583333333333333 0.07160493827160494
1 0.33541666666666664 0.345679012345679 0.043055555555555555 0.0691358024691358
