1 0.044444444444444446 0.828395061728395 0.08611111111111111 0.2691358024691358
2 0.05277777777777778 0.5098765432098765 0.10277777777777777 0.1654320987654321
2 0.2708333333333333 0.9543209876543209 0.07222222222222222 0.09135802469135802
1 0.15 0.6308641975308642 0.15555555555555556 0.22962962962962963
1 0.175 0.8234567901234567 0.16666666666666666 0.19506172839506172
1 0.2625 0.6925925925925925 0.1361111111111111 0.19012345679012346
1 0.5027777777777778 0.8074074074074075 0.19166666666666668 0.3308641975308642
0 0.3638888888888889 0.9123456790123456 0.1361111111111111 0.17530864197530865
0 0.34930555555555554 0.817283950617284 0.13472222222222222 0.21728395061728395
1 0.25833333333333336 0.47530864197530864 0.13333333333333333 0.20493827160493827
1 0.19930555555555557 0.2962962962962963 0.13194444444444445 0.19753086419753085
0 0.2388888888888889 0.2 0.15 0.16296296296296298
0 0.05347222222222222 0.23703703703703705 0.10416666666666667 0.09876543209876543
0 0.39166666666666666 0.5296296296296297 0.18055555555555555 0.19012345679012346
1 0.3638888888888889 0.362962962962963 0.1111111111111111 0.2123456790123457
1 0.3423611111111111 0.14814814814814814 0.10694444444444444 0.23209876543209876
2 0.45208333333333334 0.28888888888888886 0.09305555555555556 0.18765432098765433
0 0.4486111111111111 0.13580246913580246 0.19444444444444445 0.25679012345679014
0 0.6597222222222222 0.8123456790123457 0.14722222222222223 0.37530864197530867
0 0.7770833333333333 0.7345679012345679 0.20694444444444443 0.41728395061728396
0 0.5979166666666667 0.5098765432098765 0.07916666666666666 0.4024691358024691
1 0.5173611111111112 0.3987654320987654 0.11527777777777778 0.22469135802469137
1 0.6583333333333333 0.508641975308642 0.075 0.21728395061728395
0 0.675 0.07407407407407407 0.1527777777777778 0.1382716049382716
2 0.6701388888888888 0.18641975308641975 0.12916666666666668 0.22962962962962963
0 0.5680555555555555 0.21975308641975308 0.08055555555555556 0.23703703703703705
1 0.7486111111111111 0.1962962962962963 0.07777777777777778 0.2691358024691358
1 0.7104166666666667 0.3790123456790123 0.17916666666666667 0.15555555555555556
1 0.8340277777777778 0.4654320987654321 0.12361111111111112 0.22469135802469137
0 0.8902777777777777 0.4148148148148148 0.14722222222222223 0.528395061728395
0 0.8944444444444445 0.745679012345679 0.2111111111111111 0.19753086419753085
0 0.9486111111111111 0.8851851851851852 0.10277777777777777 0.18518518518518517
0 0.9131944444444444 0.09135802469135802 0.1736111111111111 0.17777777777777778
1 0.9375 0.2271604938271605 0.09444444444444444 0.21728395061728395
0 0.9756944444444444 0.48641975308641977 0.04861111111111111 0.3308641975308642
