3 0.24027777777777778 0.562962962962963 0.14444444444444443 0.1925925925925926
3 0.2798611111111111 0.8061728395061728 0.09027777777777778 0.1308641975308642
1 0.9034722222222222 0.8135802469135802 0.05138888888888889 0.07654320987654321
1 0.6090277777777777 0.9703703703703703 0.04861111111111111 0.05925925925925926
1 0.3902777777777778 0.8703703703703703 0.06388888888888888 0.1259259259259259
1 0.5270833333333333 0.717283950617284 0.04583333333333333 0.08148148148148149
1 0.5951388888888889 0.3987654320987654 0.043055555555555555 0.07654320987654321
1 0.5340277777777778 0.445679012345679 0.043055555555555555 0.0962962962962963
1 0.5131944444444444 0.3728395061728395 0.0375 0.07407407407407407
1 0.16805555555555557 0.4246913580246914 0.05277777777777778 0.08888888888888889
1 0.2611111111111111 0.39012345679012345 0.05555555555555555 0.09876543209876543
