1 0.8763888888888889 0.937037037037037 0.15555555555555556 0.1259259259259259
0 0.9305555555555556 0.7111111111111111 0.1388888888888889 0.2962962962962963
0 0.8048611111111111 0.8679012345679012 0.1375 0.2641975308641975
0 0.725 0.7851851851851852 0.1111111111111111 0.42962962962962964
0 0.9006944444444445 0.30246913580246915 0.1986111111111111 0.24444444444444444
1 0.8326388888888889 0.03827160493827161 0.0875 0.07160493827160494
1 0.9097222222222222 0.46296296296296297 0.14444444444444443 0.13580246913580246
1 0.8270833333333333 0.6308641975308642 0.14027777777777778 0.24938271604938272
1 0.7763888888888889 0.3506172839506173 0.08611111111111111 0.16790123456790124
1 0.6923611111111111 0.3037037037037037 0.10138888888888889 0.1580246913580247
0 0.7951388888888888 0.1037037037037037 0.14027777777777778 0.13333333333333333
1 0.6416666666666667 0.06790123456790123 0.08611111111111111 0.1308641975308642
1 0.5805555555555556 0.15308641975308643 0.09722222222222222 0.15308641975308643
1 0.5722222222222222 0.28641975308641976 0.10555555555555556 0.18271604938271604
1 0.5486111111111112 0.45555555555555555 0.11388888888888889 0.18518518518518517
2 0.7083333333333334 0.42962962962962964 0.075 0.11358024691358025
2 0.6347222222222222 0.41728395061728396 0.08055555555555556 0.18271604938271604
2 0.5868055555555556 0.562962962962963 0.10138888888888889 0.11851851851851852
1 0.6479166666666667 0.6938271604938272 0.13472222222222222 0.21728395061728395
1 0.5993055555555555 0.8530864197530864 0.14583333333333334 0.2740740740740741
1 0.48333333333333334 0.7703703703703704 0.11666666666666667 0.26666666666666666
1 0.3972222222222222 0.6506172839506172 0.14166666666666666 0.20987654320987653
0 0.4597222222222222 0.4012345679012346 0.06666666666666667 0.24938271604938272
1 0.4097222222222222 0.2839506172839506 0.10277777777777777 0.17777777777777778
0 0.43125 0.05802469135802469 0.14027777777777778 0.1111111111111111
0 0.3527777777777778 0.4160493827160494 0.19722222222222222 0.2
0 0.34375 0.5345679012345679 0.18194444444444444 0.2
0 0.3145833333333333 0.44814814814814813 0.2125 0.12098765432098765
0 0.17777777777777778 0.43950617283950616 0.1111111111111111 0.21728395061728395
0 0.1486111111111111 0.27901234567901234 0.1527777777777778 0.10864197530864197
1 0.29097222222222224 0.825925925925926 0.13194444444444445 0.27901234567901234
1 0.3638888888888889 0.928395061728395 0.15 0.14320987654320988
1 0.06388888888888888 0.3790123456790123 0.11666666666666667 0.17037037037037037
1 0.059027777777777776 0.5135802469135803 0.11527777777777778 0.1925925925925926
1 0.0763888888888889 0.891358024691358 0.13333333333333333 0.21728395061728395
0 0.18680555555555556 0.8938271604938272 0.1625 0.2123456790123457
0 0.04097222222222222 0.7333333333333333 0.0763888888888889 0.1382716049382716
0 0.17291666666666666 0.745679012345679 0.1375 0.14814814814814814
