2 0.6763888888888889 0.9234567901234568 0.04722222222222222 0.07901234567901234
1 0.5409722222222222 0.9074074074074074 0.04861111111111111 0.10123456790123457
1 0.9 0.9567901234567902 0.09166666666666666 0.08641975308641975
1 0.6736111111111112 0.4617283950617284 0.058333333333333334 0.07901234567901234
1 0.6180555555555556 0.35432098765432096 0.03888888888888889 0.07160493827160494
1 0.575 0.33827160493827163 0.03888888888888889 0.07407407407407407
1 0.4638888888888889 0.7358024691358025 0.041666666666666664 0.06419753086419754
1 0.38263888888888886 0.7283950617283951 0.043055555555555555 0.07407407407407407
1 0.38680555555555557 0.6172839506172839 0.04861111111111111 0.08395061728395062
1 0.29930555555555555 0.5901234567901235 0.04583333333333333 0.07407407407407407
1 0.16111111111111112 0.8777777777777778 0.044444444444444446 0.07160493827160494
3 0.37222222222222223 0.9246913580246914 0.05277777777777778 0.1111111111111111
3 0.53125 0.671604938271605 0.10138888888888889 0.16790123456790124
