1 0.28541666666666665 0.4049382716049383 0.034722222222222224 0.05925925925925926
3 0.12361111111111112 0.5456790123456791 0.06666666666666667 0.0691358024691358
3 0.16041666666666668 0.391358024691358 0.043055555555555555 0.06172839506172839
0 0.48819444444444443 0.7271604938271605 0.05138888888888889 0.13580246913580246
0 0.11041666666666666 0.6555555555555556 0.059722222222222225 0.06172839506172839
2 0.5534722222222223 0.9629629629629629 0.029166666666666667 0.07407407407407407
2 0.44722222222222224 0.9469135802469136 0.04722222222222222 0.06666666666666667
2 0.69375 0.8691358024691358 0.03194444444444444 0.05432098765432099
2 0.5326388888888889 0.8629629629629629 0.015277777777777777 0.04197530864197531
2 0.4951388888888889 0.8432098765432099 0.029166666666666667 0.03209876543209877
2 0.6340277777777777 0.9024691358024691 0.029166666666666667 0.05185185185185185
2 0.34305555555555556 0.8839506172839506 0.022222222222222223 0.03950617283950617
3 0.6256944444444444 0.6358024691358025 0.11527777777777778 0.1506172839506173
1 0.7611111111111111 0.32469135802469135 0.04722222222222222 0.0962962962962963
1 0.5972222222222222 0.7765432098765432 0.06388888888888888 0.1111111111111111
1 0.38125 0.5345679012345679 0.04027777777777778 0.06666666666666667
1 0.28194444444444444 0.7592592592592593 0.05277777777777778 0.07160493827160494
0 0.10486111111111111 0.3111111111111111 0.029166666666666667 0.08395061728395062
0 0.8423611111111111 0.8765432098765432 0.0763888888888889 0.0691358024691358
0 0.5472222222222223 0.44938271604938274 0.058333333333333334 0.05925925925925926
0 0.03819444444444445 0.8061728395061728 0.05694444444444444 0.1308641975308642
0 0.23125 0.5753086419753086 0.07083333333333333 0.0691358024691358
0 0.31527777777777777 0.5864197530864198 0.06666666666666667 0.06172839506172839
3 0.8638888888888889 0.9543209876543209 0.06111111111111111 0.08148148148148149
1 0.5576388888888889 0.04691358024691358 0.05138888888888889 0.08888888888888889
