3 0.86484375 0.40879629629629627 0.022916666666666665 0.037037037037037035
3 0.7294270833333333 0.9229166666666667 0.028125 0.0375
1 0.5630208333333333 0.3824074074074074 0.025520833333333333 0.05
1 0.17018229166666668 0.5287037037037037 0.018489583333333334 0.03981481481481482
3 0.33059895833333336 0.6127314814814815 0.022135416666666668 0.03657407407407407
3 0.23671875 0.7543981481481481 0.03854166666666667 0.050462962962962966
1 0.12395833333333334 0.7539351851851852 0.03229166666666667 0.04583333333333333
1 0.1484375 0.8067129629629629 0.03854166666666667 0.04398148148148148
1 0.9671875 0.6703703703703704 0.05625 0.06481481481481481
1 0.44440104166666666 0.8861111111111111 0.046614583333333334 0.08055555555555556
