1 0.63984375 0.8118055555555556 0.041666666666666664 0.0699074074074074
3 0.445703125 0.9703703703703703 0.03515625 0.058333333333333334
3 0.9337239583333333 0.8456018518518519 0.06171875 0.09398148148148149
1 0.32057291666666665 0.5604166666666667 0.03854166666666667 0.059722222222222225
1 0.128125 0.6472222222222223 0.0578125 0.07962962962962963
3 0.02578125 0.7997685185185185 0.051041666666666666 0.06527777777777778
3 0.12864583333333332 0.8912037037037037 0.04895833333333333 0.0712962962962963
1 0.2794270833333333 0.03657407407407407 0.04895833333333333 0.07222222222222222
1 0.9233072916666667 0.6101851851851852 0.06640625 0.10833333333333334
1 0.8610677083333333 0.6131944444444445 0.04973958333333333 0.08842592592592592
1 0.27682291666666664 0.8284722222222223 0.050520833333333334 0.09398148148148149
