0 0.7625 0.5679012345679012 0.09722222222222222 0.18765432098765433
3 0.8291666666666667 0.5456790123456791 0.058333333333333334 0.05925925925925926
3 0.7881944444444444 0.7901234567901234 0.09027777777777778 0.11851851851851852
3 0.9034722222222222 0.5901234567901235 0.10694444444444444 0.14320987654320988
1 0.3020833333333333 0.9407407407407408 0.08472222222222223 0.10864197530864197
1 0.45625 0.9481481481481482 0.07083333333333333 0.1037037037037037
1 0.5583333333333333 0.8333333333333334 0.08611111111111111 0.13580246913580246
1 0.6854166666666667 0.4222222222222222 0.06527777777777778 0.1382716049382716
1 0.5868055555555556 0.38271604938271603 0.05138888888888889 0.07901234567901234
1 0.625 0.3296296296296296 0.05555555555555555 0.07654320987654321
1 0.5645833333333333 0.2765432098765432 0.04861111111111111 0.05925925925925926
1 0.45069444444444445 0.25308641975308643 0.029166666666666667 0.04691358024691358
1 0.3416666666666667 0.254320987654321 0.03888888888888889 0.07901234567901234
1 0.2152777777777778 0.5987654320987654 0.1111111111111111 0.1654320987654321
3 0.6909722222222222 0.3111111111111111 0.05416666666666667 0.0691358024691358
