0 0.9444444444444444 0.7049382716049383 0.1111111111111111 0.23950617283950618
3 0.84375 0.37777777777777777 0.06805555555555555 0.09876543209876543
1 0.33611111111111114 0.7246913580246913 0.11666666666666667 0.19012345679012346
1 0.8451388888888889 0.5123456790123457 0.06805555555555555 0.18518518518518517
1 0.7270833333333333 0.4679012345679012 0.0625 0.10123456790123457
1 0.7694444444444445 0.4123456790123457 0.06388888888888888 0.09382716049382717
1 0.6875 0.33827160493827163 0.05555555555555555 0.07407407407407407
1 0.5611111111111111 0.3148148148148148 0.03888888888888889 0.05185185185185185
1 0.4479166666666667 0.31851851851851853 0.05138888888888889 0.07407407407407407
1 0.20972222222222223 0.2123456790123457 0.05277777777777778 0.03950617283950617
1 0.06666666666666667 0.5604938271604938 0.1 0.14814814814814814
