0 0.35694444444444445 0.44320987654320987 0.06111111111111111 0.12098765432098765
3 0.94375 0.3197530864197531 0.10138888888888889 0.08148148148148149
0 0.9541666666666667 0.07654320987654321 0.05555555555555555 0.1382716049382716
3 0.7048611111111112 0.5617283950617284 0.04861111111111111 0.07160493827160494
1 0.38680555555555557 0.1259259259259259 0.06805555555555555 0.05432098765432099
3 0.6208333333333333 0.2679012345679012 0.05555555555555555 0.07654320987654321
3 0.7083333333333334 0.2777777777777778 0.05555555555555555 0.08148148148148149
3 0.46041666666666664 0.9543209876543209 0.09027777777777778 0.09135802469135802
3 0.7458333333333333 0.8148148148148148 0.04722222222222222 0.13333333333333333
3 0.6381944444444444 0.6654320987654321 0.09027777777777778 0.13580246913580246
1 0.7402777777777778 0.06419753086419754 0.04722222222222222 0.0691358024691358
1 0.29375 0.6185185185185185 0.0875 0.23950617283950618
1 0.2590277777777778 0.4 0.0375 0.1382716049382716
0 0.5506944444444445 0.07901234567901234 0.034722222222222224 0.07407407407407407
