3 0.36171875 0.8914351851851852 0.03854166666666667 0.0875
1 0.8983072916666667 0.8777777777777778 0.05286458333333333 0.06759259259259259
1 0.23411458333333332 0.27847222222222223 0.0375 0.07361111111111111
1 0.2635416666666667 0.19814814814814816 0.025520833333333333 0.053703703703703705
1 0.34765625 0.34120370370370373 0.044270833333333336 0.05925925925925926
1 0.6725260416666666 0.43333333333333335 0.05078125 0.07222222222222222
1 0.8063802083333333 0.549074074074074 0.04453125 0.05925925925925926
3 0.06341145833333334 0.6969907407407407 0.11119791666666666 0.09027777777777778
1 0.11119791666666666 0.524074074074074 0.0625 0.062037037037037036
3 0.2875 0.5601851851851852 0.03333333333333333 0.04259259259259259
