0 0.8944444444444445 0.8148148148148148 0.05 0.15308641975308643
0 0.8451388888888889 0.7518518518518519 0.04861111111111111 0.10617283950617284
2 0.5895833333333333 0.7209876543209877 0.034722222222222224 0.03950617283950617
0 0.47708333333333336 0.7518518518518519 0.04583333333333333 0.17037037037037037
0 0.42916666666666664 0.8617283950617284 0.09444444444444444 0.11851851851851852
1 0.3625 0.03580246913580247 0.03611111111111111 0.06172839506172839
3 0.43333333333333335 0.6444444444444445 0.06944444444444445 0.10864197530864197
1 0.6208333333333333 0.12222222222222222 0.030555555555555555 0.05185185185185185
1 0.8423611111111111 0.11975308641975309 0.04583333333333333 0.0962962962962963
1 0.9631944444444445 0.9074074074074074 0.06805555555555555 0.1308641975308642
1 0.6381944444444444 0.5679012345679012 0.06527777777777778 0.1382716049382716
3 0.5444444444444444 0.4765432098765432 0.05555555555555555 0.1037037037037037
