1 0.5368055555555555 0.4679012345679012 0.0375 0.07654320987654321
1 0.575 0.45925925925925926 0.03333333333333333 0.05432098765432099
1 0.30833333333333335 0.09012345679012346 0.03611111111111111 0.06666666666666667
3 0.16319444444444445 0.7185185185185186 0.09305555555555556 0.18765432098765433
1 0.8659722222222223 0.737037037037037 0.06805555555555555 0.06666666666666667
1 0.7756944444444445 0.8740740740740741 0.05694444444444444 0.09876543209876543
1 0.30625 0.7987654320987654 0.043055555555555555 0.11604938271604938
1 0.2590277777777778 0.6481481481481481 0.07083333333333333 0.0962962962962963
1 0.4013888888888889 0.39753086419753086 0.03888888888888889 0.07407407407407407
1 0.35833333333333334 0.4777777777777778 0.03888888888888889 0.08148148148148149
1 0.20208333333333334 0.3419753086419753 0.05416666666666667 0.06666666666666667
