0 0.8333333333333334 0.6197530864197531 0.06111111111111111 0.0691358024691358
0 0.08819444444444445 0.4802469135802469 0.06805555555555555 0.16049382716049382
0 0.43125 0.6567901234567901 0.09305555555555556 0.1037037037037037
1 0.25625 0.45555555555555555 0.05416666666666667 0.09135802469135802
1 0.46319444444444446 0.2308641975308642 0.03194444444444444 0.07160493827160494
1 0.6555555555555556 0.12962962962962962 0.041666666666666664 0.08148148148148149
1 0.7590277777777777 0.6061728395061728 0.0875 0.1506172839506173
1 0.24097222222222223 0.8407407407407408 0.0625 0.11604938271604938
1 0.2111111111111111 0.9333333333333333 0.06666666666666667 0.11851851851851852
1 0.10138888888888889 0.8333333333333334 0.075 0.12098765432098765
1 0.95625 0.13333333333333333 0.0875 0.13333333333333333
