0 0.4534722222222222 0.9395061728395062 0.06527777777777778 0.12098765432098765
0 0.07291666666666667 0.9407407407407408 0.09861111111111111 0.10864197530864197
0 0.18472222222222223 0.9320987654320988 0.1 0.13580246913580246
0 0.3 0.9358024691358025 0.03611111111111111 0.12839506172839507
1 0.41458333333333336 0.591358024691358 0.05416666666666667 0.10123456790123457
1 0.35833333333333334 0.4419753086419753 0.06388888888888888 0.1037037037037037
1 0.14930555555555555 0.6567901234567901 0.0625 0.09382716049382717
1 0.6361111111111111 0.32222222222222224 0.03333333333333333 0.06666666666666667
1 0.775 0.38395061728395063 0.03333333333333333 0.07160493827160494
1 0.9194444444444444 0.4666666666666667 0.05 0.06419753086419754
1 0.16527777777777777 0.2765432098765432 0.06111111111111111 0.1037037037037037
1 0.13541666666666666 0.18765432098765433 0.0625 0.08888888888888889
1 0.16041666666666668 0.12839506172839507 0.05694444444444444 0.08395061728395062
1 0.03611111111111111 0.13703703703703704 0.06944444444444445 0.1111111111111111
