1 0.7340277777777777 0.2876543209876543 0.02361111111111111 0.05185185185185185
1 0.7472222222222222 0.15185185185185185 0.027777777777777776 0.05185185185185185
1 0.4527777777777778 0.35432098765432096 0.027777777777777776 0.037037037037037035
1 0.4097222222222222 0.37160493827160496 0.03333333333333333 0.06666666666666667
1 0.5638888888888889 0.9530864197530864 0.05 0.09382716049382717
1 0.7368055555555556 0.6209876543209877 0.04861111111111111 0.07654320987654321
1 0.6444444444444445 0.7962962962962963 0.05 0.09135802469135802
1 0.15555555555555556 0.4469135802469136 0.05277777777777778 0.07901234567901234
1 0.21041666666666667 0.3296296296296296 0.04861111111111111 0.07654320987654321
3 0.12569444444444444 0.2641975308641975 0.043055555555555555 0.0691358024691358
