1 0.6298611111111111 0.9641975308641976 0.05416666666666667 0.07160493827160494
1 0.5666666666666667 0.9654320987654321 0.06666666666666667 0.0691358024691358
1 0.5916666666666667 0.8037037037037037 0.05 0.09135802469135802
1 0.4131944444444444 0.7382716049382716 0.04583333333333333 0.07901234567901234
1 0.4409722222222222 0.6703703703703704 0.04583333333333333 0.08148148148148149
1 0.4847222222222222 0.8617283950617284 0.05 0.06419753086419754
1 0.65625 0.5271604938271605 0.04027777777777778 0.06666666666666667
1 0.3326388888888889 0.6259259259259259 0.0375 0.06172839506172839
1 0.2513888888888889 0.9506172839506173 0.075 0.09876543209876543
1 0.07013888888888889 0.8024691358024691 0.0875 0.09382716049382717
