0 0.9034722222222222 0.5493827160493827 0.09583333333333334 0.08641975308641975
1 0.49930555555555556 0.9061728395061729 0.12916666666666668 0.18765432098765433
1 0.6597222222222222 0.8740740740740741 0.12222222222222222 0.2518518518518518
1 0.8069444444444445 0.9308641975308642 0.1111111111111111 0.1382716049382716
1 0.95 0.9629629629629629 0.1 0.07407407407407407
1 0.9680555555555556 0.45925925925925926 0.06388888888888888 0.11851851851851852
1 0.7347222222222223 0.4691358024691358 0.08333333333333333 0.13333333333333333
1 0.8444444444444444 0.2654320987654321 0.07222222222222222 0.1308641975308642
1 0.7083333333333334 0.27901234567901234 0.06111111111111111 0.09382716049382717
1 0.5381944444444444 0.26666666666666666 0.0875 0.18765432098765433
1 0.48541666666666666 0.025925925925925925 0.07083333333333333 0.04691358024691358
1 0.33541666666666664 0.49135802469135803 0.1125 0.2074074074074074
