1 0.7979166666666667 0.33827160493827163 0.03194444444444444 0.05925925925925926
1 0.7368055555555556 0.2271604938271605 0.03194444444444444 0.05925925925925926
0 0.8493055555555555 0.917283950617284 0.059722222222222225 0.12098765432098765
3 0.5958333333333333 0.9567901234567902 0.08888888888888889 0.08641975308641975
3 0.8083333333333333 0.6592592592592592 0.06944444444444445 0.10864197530864197
1 0.24791666666666667 0.29876543209876544 0.05416666666666667 0.07901234567901234
1 0.10138888888888889 0.362962962962963 0.06666666666666667 0.07901234567901234
1 0.7048611111111112 0.26666666666666666 0.03194444444444444 0.0691358024691358
1 0.7909722222222222 0.49382716049382713 0.034722222222222224 0.0691358024691358
1 0.6284722222222222 0.8679012345679012 0.07361111111111111 0.10617283950617284
1 0.2833333333333333 0.5345679012345679 0.075 0.09135802469135802
1 0.4041666666666667 0.345679012345679 0.058333333333333334 0.09876543209876543
1 0.4777777777777778 0.20617283950617285 0.06944444444444445 0.0962962962962963
