1 0.5215277777777778 0.06666666666666667 0.04583333333333333 0.0691358024691358
1 0.65 0.25308641975308643 0.041666666666666664 0.056790123456790124
1 0.6618055555555555 0.3530864197530864 0.05694444444444444 0.08395061728395062
1 0.5604166666666667 0.22962962962962963 0.05138888888888889 0.09876543209876543
1 0.4652777777777778 0.3234567901234568 0.06111111111111111 0.1037037037037037
1 0.7388888888888889 0.13580246913580246 0.04722222222222222 0.07901234567901234
1 0.7305555555555555 0.24074074074074073 0.041666666666666664 0.07654320987654321
1 0.8027777777777778 0.3654320987654321 0.05277777777777778 0.07901234567901234
1 0.8256944444444444 0.4246913580246914 0.04861111111111111 0.07901234567901234
1 0.7618055555555555 0.608641975308642 0.05416666666666667 0.0962962962962963
1 0.6944444444444444 0.5679012345679012 0.06111111111111111 0.09876543209876543
1 0.6222222222222222 0.5296296296296297 0.06388888888888888 0.11604938271604938
1 0.5493055555555556 0.5222222222222223 0.06527777777777778 0.1259259259259259
1 0.5402777777777777 0.6567901234567901 0.07222222222222222 0.12345679012345678
1 0.42430555555555555 0.7888888888888889 0.08194444444444444 0.1654320987654321
0 0.6208333333333333 0.7728395061728395 0.06111111111111111 0.08395061728395062
