3 0.8222222222222222 0.2345679012345679 0.058333333333333334 0.07407407407407407
3 0.07708333333333334 0.725925925925926 0.1375 0.11358024691358025
3 0.3284722222222222 0.14814814814814814 0.04027777777777778 0.05925925925925926
3 0.45 0.2345679012345679 0.03888888888888889 0.07407407407407407
1 0.20416666666666666 0.5580246913580247 0.04722222222222222 0.07407407407407407
1 0.11736111111111111 0.1654320987654321 0.043055555555555555 0.07901234567901234
1 0.20833333333333334 0.10123456790123457 0.03611111111111111 0.05432098765432099
1 0.9458333333333333 0.07901234567901234 0.05 0.07901234567901234
1 0.8673611111111111 0.1506172839506173 0.05416666666666667 0.10864197530864197
1 0.5548611111111111 0.254320987654321 0.0625 0.09876543209876543
1 0.5104166666666666 0.42345679012345677 0.06805555555555555 0.10617283950617284
1 0.3020833333333333 0.8765432098765432 0.11805555555555555 0.16790123456790124
1 0.2986111111111111 0.3987654320987654 0.05277777777777778 0.09135802469135802
