1 0.24513888888888888 0.45925925925925926 0.09027777777777778 0.14320987654320988
1 0.36944444444444446 0.13950617283950617 0.06111111111111111 0.07654320987654321
1 0.40347222222222223 0.3469135802469136 0.06805555555555555 0.10617283950617284
1 0.5180555555555556 0.4024691358024691 0.044444444444444446 0.07901234567901234
1 0.6097222222222223 0.4123456790123457 0.04722222222222222 0.09876543209876543
1 0.5277777777777778 0.528395061728395 0.06111111111111111 0.1037037037037037
1 0.6833333333333333 0.5617283950617284 0.05277777777777778 0.07654320987654321
1 0.7083333333333334 0.6296296296296297 0.05 0.07407407407407407
1 0.9201388888888888 0.682716049382716 0.0625 0.0962962962962963
1 0.8229166666666666 0.8444444444444444 0.07083333333333333 0.13333333333333333
1 0.6472222222222223 0.8975308641975308 0.075 0.1506172839506173
1 0.5604166666666667 0.8432098765432099 0.07916666666666666 0.15555555555555556
1 0.46458333333333335 0.7802469135802469 0.0875 0.18765432098765433
1 0.35625 0.7901234567901234 0.0875 0.18765432098765433
1 0.3298611111111111 0.9419753086419753 0.12916666666666668 0.11604938271604938
0 0.7097222222222223 0.6987654320987654 0.03888888888888889 0.09876543209876543
0 0.5895833333333333 0.9493827160493827 0.0763888888888889 0.10123456790123457
