3 0.35625 0.06172839506172839 0.07916666666666666 0.09876543209876543
1 0.10277777777777777 0.03827160493827161 0.05277777777777778 0.07160493827160494
1 0.10347222222222222 0.13209876543209875 0.05694444444444444 0.10617283950617284
1 0.12222222222222222 0.26296296296296295 0.06388888888888888 0.09135802469135802
1 0.1326388888888889 0.5234567901234568 0.07083333333333333 0.1037037037037037
1 0.22708333333333333 0.554320987654321 0.05694444444444444 0.12098765432098765
1 0.35347222222222224 0.6222222222222222 0.09861111111111111 0.14814814814814814
0 0.33055555555555555 0.19135802469135801 0.09722222222222222 0.10617283950617284
1 0.4173611111111111 0.40617283950617283 0.10416666666666667 0.2
1 0.5131944444444444 0.15679012345679014 0.0875 0.18024691358024691
1 0.6972222222222222 0.09259259259259259 0.13055555555555556 0.18024691358024691
1 0.9381944444444444 0.06049382716049383 0.09305555555555556 0.11604938271604938
