1 0.5777777777777777 0.030864197530864196 0.06111111111111111 0.056790123456790124
1 0.7173611111111111 0.037037037037037035 0.04861111111111111 0.0691358024691358
0 0.7763888888888889 0.4641975308641975 0.08055555555555556 0.12345679012345678
0 0.8027777777777778 0.41728395061728396 0.11666666666666667 0.10864197530864197
1 0.05555555555555555 0.9333333333333333 0.10833333333333334 0.13333333333333333
3 0.3638888888888889 0.2222222222222222 0.08888888888888889 0.0691358024691358
1 0.4131944444444444 0.056790123456790124 0.07361111111111111 0.10864197530864197
1 0.48333333333333334 0.07654320987654321 0.06944444444444445 0.11358024691358025
1 0.27361111111111114 0.3 0.08333333333333333 0.13580246913580246
1 0.5631944444444444 0.47530864197530864 0.04861111111111111 0.11604938271604938
1 0.6 0.571604938271605 0.075 0.11604938271604938
1 0.7 0.7098765432098766 0.1111111111111111 0.15555555555555556
