0 0.40902777777777777 0.5074074074074074 0.09583333333333334 0.06666666666666667
1 0.013888888888888888 0.17037037037037037 0.025 0.11851851851851852
1 0.18541666666666667 0.19135802469135801 0.04861111111111111 0.10123456790123457
1 0.39791666666666664 0.09135802469135802 0.04583333333333333 0.08395061728395062
1 0.5708333333333333 0.17530864197530865 0.041666666666666664 0.0691358024691358
1 0.4951388888888889 0.32469135802469135 0.04027777777777778 0.09135802469135802
1 0.44027777777777777 0.3358024691358025 0.06666666666666667 0.1037037037037037
1 0.4548611111111111 0.42345679012345677 0.04861111111111111 0.08148148148148149
1 0.32708333333333334 0.4679012345679012 0.059722222222222225 0.10617283950617284
1 0.2965277777777778 0.4 0.059722222222222225 0.1037037037037037
1 0.5534722222222223 0.8049382716049382 0.06805555555555555 0.09876543209876543
