1 0.7104166666666667 0.11481481481481481 0.04583333333333333 0.07654320987654321
1 0.9340277777777778 0.27037037037037037 0.07083333333333333 0.12098765432098765
1 0.8020833333333334 0.26666666666666666 0.05694444444444444 0.09876543209876543
1 0.7645833333333333 0.34444444444444444 0.07916666666666666 0.0962962962962963
1 0.7076388888888889 0.2691358024691358 0.0625 0.08888888888888889
1 0.4888888888888889 0.18271604938271604 0.04722222222222222 0.06419753086419754
1 0.08333333333333333 0.32098765432098764 0.06944444444444445 0.12839506172839507
1 0.09027777777777778 0.4222222222222222 0.04722222222222222 0.08395061728395062
1 0.2375 0.6012345679012345 0.13333333333333333 0.2345679012345679
1 0.3923611111111111 0.9679012345679012 0.09305555555555556 0.06419753086419754
3 0.14305555555555555 0.9530864197530864 0.08055555555555556 0.09382716049382717
0 0.58125 0.254320987654321 0.1125 0.1037037037037037
0 0.7125 0.4888888888888889 0.11944444444444445 0.09382716049382717
