1 0.6555555555555556 0.11851851851851852 0.03888888888888889 0.05925925925925926
0 0.5173611111111112 0.2506172839506173 0.10416666666666667 0.08148148148148149
0 0.6152777777777778 0.4567901234567901 0.10277777777777777 0.09382716049382717
1 0.78125 0.9543209876543209 0.1125 0.09135802469135802
1 0.35625 0.9345679012345679 0.0875 0.1308641975308642
1 0.8388888888888889 0.27283950617283953 0.06111111111111111 0.10617283950617284
1 0.6409722222222223 0.2765432098765432 0.05694444444444444 0.07901234567901234
1 0.6770833333333334 0.34074074074074073 0.059722222222222225 0.07901234567901234
1 0.44305555555555554 0.18765432098765433 0.044444444444444446 0.05925925925925926
1 0.050694444444444445 0.30987654320987656 0.06527777777777778 0.11604938271604938
1 0.058333333333333334 0.4123456790123457 0.05277777777777778 0.0691358024691358
1 0.21041666666666667 0.5679012345679012 0.11805555555555555 0.1925925925925926
1 0.16111111111111112 0.9432098765432099 0.12777777777777777 0.11358024691358025
3 0.1284722222222222 0.9098765432098765 0.08194444444444444 0.1308641975308642
