0 0.6909722222222222 0.38641975308641974 0.07083333333333333 0.07654320987654321
0 0.6979166666666666 0.3469135802469136 0.0875 0.056790123456790124
1 0.4395833333333333 0.12469135802469136 0.05694444444444444 0.10617283950617284
1 0.4701388888888889 0.08765432098765433 0.04027777777777778 0.07654320987654321
1 0.4777777777777778 0.02345679012345679 0.041666666666666664 0.04197530864197531
1 0.49722222222222223 0.08024691358024691 0.030555555555555555 0.07654320987654321
1 0.38819444444444445 0.12098765432098765 0.05416666666666667 0.08888888888888889
1 0.3138888888888889 0.26666666666666666 0.05277777777777778 0.09382716049382717
1 0.5208333333333334 0.4382716049382716 0.03333333333333333 0.08641975308641975
1 0.5548611111111111 0.4839506172839506 0.05416666666666667 0.09382716049382717
1 0.6291666666666667 0.5444444444444444 0.07777777777777778 0.10123456790123457
1 0.35208333333333336 0.7987654320987654 0.07916666666666666 0.145679012345679
1 0.19444444444444445 0.7098765432098766 0.1361111111111111 0.25925925925925924
3 0.15 0.6037037037037037 0.10555555555555556 0.1111111111111111
