1 0.5201388888888889 0.2765432098765432 0.05138888888888889 0.09382716049382717
1 0.55625 0.26296296296296295 0.04027777777777778 0.06172839506172839
3 0.9618055555555556 0.26296296296296295 0.0625 0.14074074074074075
1 0.6277777777777778 0.19135802469135801 0.05 0.08148148148148149
1 0.6680555555555555 0.16049382716049382 0.044444444444444446 0.05432098765432099
1 0.7326388888888888 0.17901234567901234 0.05694444444444444 0.07654320987654321
1 0.775 0.2518518518518518 0.05 0.09876543209876543
1 0.6256944444444444 0.6753086419753086 0.05416666666666667 0.19506172839506172
1 0.7236111111111111 0.5530864197530864 0.11944444444444445 0.2074074074074074
1 0.8152777777777778 0.7037037037037037 0.12222222222222222 0.19753086419753085
1 0.3861111111111111 0.7061728395061728 0.13333333333333333 0.23703703703703705
1 0.18125 0.9604938271604938 0.13472222222222222 0.07901234567901234
