0 0.6340277777777777 0.8481481481481481 0.0375 0.1506172839506173
3 0.3951388888888889 0.9629629629629629 0.05416666666666667 0.07407407407407407
1 0.3125 0.8358024691358025 0.05 0.06666666666666667
1 0.19583333333333333 0.6135802469135803 0.06944444444444445 0.07160493827160494
1 0.29930555555555555 0.928395061728395 0.05138888888888889 0.08888888888888889
1 0.3402777777777778 0.8901234567901235 0.05 0.09135802469135802
1 0.4979166666666667 0.7790123456790123 0.0625 0.09135802469135802
1 0.41458333333333336 0.8592592592592593 0.05694444444444444 0.09876543209876543
1 0.5909722222222222 0.5407407407407407 0.06527777777777778 0.1037037037037037
1 0.6076388888888888 0.6851851851851852 0.06805555555555555 0.14074074074074075
1 0.9027777777777778 0.43703703703703706 0.17222222222222222 0.17777777777777778
