3 0.027083333333333334 0.1469135802469136 0.05138888888888889 0.07654320987654321
3 0.06388888888888888 0.36049382716049383 0.125 0.1925925925925926
3 0.4736111111111111 0.15555555555555556 0.07777777777777778 0.10864197530864197
3 0.6819444444444445 0.4123456790123457 0.08333333333333333 0.12839506172839507
3 0.7256944444444444 0.2308641975308642 0.06527777777777778 0.0962962962962963
3 0.6118055555555556 0.050617283950617285 0.043055555555555555 0.07160493827160494
0 0.5090277777777777 0.27901234567901234 0.05138888888888889 0.16790123456790124
0 0.5479166666666667 0.18641975308641975 0.0763888888888889 0.1111111111111111
1 0.8020833333333334 0.06419753086419754 0.06805555555555555 0.12345679012345678
1 0.9041666666666667 0.07777777777777778 0.05555555555555555 0.0962962962962963
1 0.36944444444444446 0.037037037037037035 0.044444444444444446 0.0691358024691358
