1 0.5888888888888889 0.05185185185185185 0.03333333333333333 0.05432098765432099
1 0.14652777777777778 0.6802469135802469 0.04861111111111111 0.07654320987654321
1 0.19722222222222222 0.6518518518518519 0.05 0.0691358024691358
1 0.2423611111111111 0.828395061728395 0.0625 0.12098765432098765
1 0.28194444444444444 0.6407407407407407 0.05 0.09135802469135802
1 0.3645833333333333 0.5679012345679012 0.05138888888888889 0.07407407407407407
1 0.45555555555555555 0.337037037037037 0.06111111111111111 0.11604938271604938
1 0.4576388888888889 0.4777777777777778 0.06527777777777778 0.11604938271604938
1 0.7069444444444445 0.22962962962962963 0.125 0.18271604938271604
1 0.49444444444444446 0.7493827160493827 0.08055555555555556 0.14074074074074075
1 0.4798611111111111 0.9629629629629629 0.09027777777777778 0.07407407407407407
3 0.3597222222222222 0.8604938271604938 0.08611111111111111 0.10617283950617284
0 0.46875 0.6037037037037037 0.02638888888888889 0.1111111111111111
3 0.8680555555555556 0.2234567901234568 0.14722222222222223 0.20493827160493827
3 0.975 0.254320987654321 0.05 0.1382716049382716
3 0.9375 0.5901234567901235 0.125 0.23209876543209876
0 0.8847222222222222 0.8790123456790123 0.23055555555555557 0.2419753086419753
