2 0.75625 0.9061728395061729 0.05138888888888889 0.08888888888888889
0 0.33611111111111114 0.7604938271604939 0.09166666666666666 0.1728395061728395
0 0.42569444444444443 0.47530864197530864 0.0763888888888889 0.10123456790123457
0 0.4305555555555556 0.5259259259259259 0.075 0.09876543209876543
0 0.43125 0.6419753086419753 0.059722222222222225 0.08888888888888889
0 0.2743055555555556 0.9530864197530864 0.08472222222222223 0.09382716049382717
1 0.19375 0.9259259259259259 0.09027777777777778 0.12839506172839507
1 0.2965277777777778 0.7320987654320987 0.0625 0.1259259259259259
1 0.3159722222222222 0.5567901234567901 0.08472222222222223 0.145679012345679
1 0.325 0.32222222222222224 0.05555555555555555 0.07160493827160494
1 0.24930555555555556 0.47530864197530864 0.04027777777777778 0.06666666666666667
1 0.17222222222222222 0.3691358024691358 0.06388888888888888 0.10123456790123457
1 0.2298611111111111 0.2382716049382716 0.05416666666666667 0.10123456790123457
1 0.1638888888888889 0.21728395061728395 0.04722222222222222 0.07901234567901234
0 0.43125 0.3493827160493827 0.04027777777777778 0.0962962962962963
0 0.5638888888888889 0.11851851851851852 0.05555555555555555 0.15308641975308643
0 0.6416666666666667 0.05555555555555555 0.09722222222222222 0.10617283950617284
0 0.6472222222222223 0.21851851851851853 0.05555555555555555 0.1654320987654321
