3 0.17430555555555555 0.24814814814814815 0.12916666666666668 0.21481481481481482
3 0.9388888888888889 0.9395061728395062 0.12222222222222222 0.12098765432098765
1 0.6819444444444445 0.018518518518518517 0.041666666666666664 0.03209876543209877
1 0.6097222222222223 0.1037037037037037 0.05555555555555555 0.1037037037037037
1 0.7513888888888889 0.1765432098765432 0.058333333333333334 0.1308641975308642
1 0.7111111111111111 0.4024691358024691 0.06944444444444445 0.12345679012345678
1 0.7819444444444444 0.38641975308641974 0.075 0.12098765432098765
1 0.975 0.7234567901234568 0.05 0.09876543209876543
1 0.9486111111111111 0.5802469135802469 0.058333333333333334 0.11358024691358025
1 0.42777777777777776 0.7098765432098766 0.09166666666666666 0.18518518518518517
1 0.23819444444444443 0.7790123456790123 0.11527777777777778 0.21481481481481482
