0 0.17708333333333334 0.845679012345679 0.13194444444444445 0.254320987654321
0 0.14097222222222222 0.6172839506172839 0.10972222222222222 0.10864197530864197
1 0.6236111111111111 0.9271604938271605 0.10277777777777777 0.145679012345679
1 0.9770833333333333 0.5580246913580247 0.04583333333333333 0.1382716049382716
1 0.9131944444444444 0.5876543209876544 0.0875 0.12345679012345678
1 0.9298611111111111 0.30864197530864196 0.08194444444444444 0.14320987654320988
1 0.8361111111111111 0.13703703703703704 0.05555555555555555 0.10123456790123457
1 0.7743055555555556 0.04814814814814815 0.08194444444444444 0.09135802469135802
1 0.7569444444444444 0.2740740740740741 0.058333333333333334 0.1037037037037037
1 0.4840277777777778 0.18888888888888888 0.05694444444444444 0.10617283950617284
1 0.45416666666666666 0.12469135802469136 0.04722222222222222 0.09135802469135802
3 0.37430555555555556 0.5222222222222223 0.09305555555555556 0.19012345679012346
3 0.06388888888888888 0.3654320987654321 0.10833333333333334 0.1580246913580247
