1 0.5583333333333333 0.582716049382716 0.05 0.11358024691358025
1 0.4847222222222222 0.6160493827160494 0.08055555555555556 0.1308641975308642
1 0.4305555555555556 0.7135802469135802 0.06944444444444445 0.11358024691358025
1 0.33958333333333335 0.8135802469135802 0.07083333333333333 0.13580246913580246
1 0.29791666666666666 0.7234567901234568 0.0763888888888889 0.14320987654320988
1 0.6506944444444445 0.3419753086419753 0.043055555555555555 0.08148148148148149
1 0.5423611111111111 0.11728395061728394 0.034722222222222224 0.04691358024691358
1 0.42430555555555555 0.3172839506172839 0.0625 0.1111111111111111
1 0.3701388888888889 0.18518518518518517 0.06805555555555555 0.11851851851851852
1 0.15625 0.47160493827160493 0.0625 0.10864197530864197
0 0.44375 0.8753086419753087 0.09027777777777778 0.07654320987654321
