0 0.53125 0.1925925925925926 0.04861111111111111 0.11358024691358025
1 0.30625 0.040740740740740744 0.05138888888888889 0.07654320987654321
1 0.23125 0.16049382716049382 0.0763888888888889 0.13333333333333333
1 0.31319444444444444 0.30987654320987656 0.043055555555555555 0.07654320987654321
1 0.40902777777777777 0.13950617283950617 0.059722222222222225 0.09135802469135802
1 0.38819444444444445 0.41728395061728396 0.09583333333333334 0.1925925925925926
1 0.35625 0.6333333333333333 0.0875 0.17037037037037037
1 0.22916666666666666 0.8407407407407408 0.10833333333333334 0.17037037037037037
0 0.40208333333333335 0.6592592592592592 0.11805555555555555 0.19753086419753085
0 0.32013888888888886 0.928395061728395 0.09861111111111111 0.14320987654320988
0 0.8215277777777777 0.11358024691358025 0.09861111111111111 0.13333333333333333
0 0.5243055555555556 0.5580246913580247 0.0625 0.11358024691358025
0 0.5131944444444444 0.4111111111111111 0.0763888888888889 0.13580246913580246
0 0.5145833333333333 0.35555555555555557 0.08472222222222223 0.15308641975308643
