3 0.6368055555555555 0.6222222222222222 0.05694444444444444 0.08395061728395062
1 0.7104166666666667 0.582716049382716 0.06527777777777778 0.1037037037037037
1 0.9756944444444444 0.6469135802469136 0.04861111111111111 0.0691358024691358
1 0.8048611111111111 0.5975308641975309 0.059722222222222225 0.09876543209876543
1 0.7659722222222223 0.528395061728395 0.04583333333333333 0.08395061728395062
1 0.4875 0.22098765432098766 0.05555555555555555 0.10617283950617284
1 0.5118055555555555 0.16419753086419753 0.04027777777777778 0.07160493827160494
1 0.5020833333333333 0.3592592592592593 0.04861111111111111 0.10123456790123457
1 0.3972222222222222 0.2580246913580247 0.03888888888888889 0.07654320987654321
1 0.2590277777777778 0.6506172839506172 0.05694444444444444 0.12098765432098765
1 0.2534722222222222 0.5493827160493827 0.04861111111111111 0.10617283950617284
1 0.28125 0.43333333333333335 0.0625 0.10617283950617284
1 0.2111111111111111 0.21358024691358024 0.04722222222222222 0.10123456790123457
1 0.1375 0.16666666666666666 0.05277777777777778 0.09135802469135802
1 0.029166666666666667 0.14320987654320988 0.05555555555555555 0.07901234567901234
3 0.5201388888888889 0.5925925925925926 0.04861111111111111 0.08888888888888889
3 0.6534722222222222 0.8098765432098766 0.06527777777777778 0.12345679012345678
3 0.37569444444444444 0.7777777777777778 0.09861111111111111 0.14320987654320988
0 0.46111111111111114 0.8 0.08055555555555556 0.14320987654320988
