1 0.0875 0.05925925925925926 0.05277777777777778 0.07407407407407407
1 0.06388888888888888 0.32469135802469135 0.06666666666666667 0.10123456790123457
1 0.12430555555555556 0.5802469135802469 0.0763888888888889 0.10864197530864197
1 0.03958333333333333 0.5975308641975309 0.05416666666666667 0.08395061728395062
1 0.12569444444444444 0.8037037037037037 0.09027777777777778 0.13580246913580246
1 0.07847222222222222 0.8962962962962963 0.0875 0.11851851851851852
1 0.22013888888888888 0.9049382716049382 0.05138888888888889 0.0962962962962963
1 0.19375 0.7320987654320987 0.04861111111111111 0.08641975308641975
1 0.28055555555555556 0.6432098765432098 0.05277777777777778 0.08641975308641975
1 0.34305555555555556 0.46296296296296297 0.03333333333333333 0.056790123456790124
1 0.4027777777777778 0.43950617283950616 0.025 0.044444444444444446
1 0.4263888888888889 0.42962962962962964 0.022222222222222223 0.0345679012345679
1 0.46458333333333335 0.4567901234567901 0.020833333333333332 0.0345679012345679
1 0.48333333333333334 0.49876543209876545 0.027777777777777776 0.044444444444444446
1 0.4486111111111111 0.6185185185185185 0.04722222222222222 0.0962962962962963
1 0.4777777777777778 0.6888888888888889 0.044444444444444446 0.09382716049382717
1 0.65625 0.6654320987654321 0.034722222222222224 0.07654320987654321
1 0.6756944444444445 0.6283950617283951 0.034722222222222224 0.07160493827160494
1 0.7576388888888889 0.945679012345679 0.043055555555555555 0.08395061728395062
