3 0.20277777777777778 0.5802469135802469 0.08333333333333333 0.11851851851851852
1 0.6145833333333334 0.10493827160493827 0.04027777777777778 0.06172839506172839
1 0.18194444444444444 0.1 0.05555555555555555 0.06666666666666667
1 0.09583333333333334 0.1419753086419753 0.06388888888888888 0.09135802469135802
1 0.1111111111111111 0.3432098765432099 0.09722222222222222 0.12839506172839507
1 0.20625 0.3592592592592593 0.09305555555555556 0.1259259259259259
0 0.14444444444444443 0.29876543209876544 0.07777777777777778 0.08395061728395062
1 0.3715277777777778 0.15679012345679014 0.04861111111111111 0.10617283950617284
1 0.41458333333333336 0.1962962962962963 0.04583333333333333 0.10617283950617284
1 0.45902777777777776 0.4802469135802469 0.07083333333333333 0.12098765432098765
1 0.6895833333333333 0.6851851851851852 0.07916666666666666 0.1506172839506173
0 0.3527777777777778 0.6246913580246913 0.09444444444444444 0.1728395061728395
