1 0.5513888888888889 0.9358024691358025 0.05555555555555555 0.11358024691358025
1 0.15555555555555556 0.9296296296296296 0.13333333333333333 0.14074074074074075
1 0.5680555555555555 0.5790123456790124 0.06944444444444445 0.10123456790123457
1 0.2861111111111111 0.6419753086419753 0.08611111111111111 0.14320987654320988
1 0.2673611111111111 0.5382716049382716 0.07361111111111111 0.1037037037037037
1 0.13472222222222222 0.20123456790123456 0.06666666666666667 0.10617283950617284
1 0.059027777777777776 0.05432098765432099 0.06805555555555555 0.1037037037037037
1 0.3951388888888889 0.4728395061728395 0.034722222222222224 0.056790123456790124
1 0.35347222222222224 0.5506172839506173 0.05694444444444444 0.0691358024691358
1 0.41805555555555557 0.5876543209876544 0.05277777777777778 0.10864197530864197
1 0.5666666666666667 0.7876543209876543 0.06388888888888888 0.09382716049382717
1 0.5215277777777778 0.38271604938271603 0.03194444444444444 0.05432098765432099
