1 0.9777777777777777 0.15555555555555556 0.044444444444444446 0.06419753086419754
1 0.7715277777777778 0.9061728395061729 0.11527777777777778 0.18765432098765433
1 0.45555555555555555 0.8024691358024691 0.08333333333333333 0.16790123456790124
1 0.9791666666666666 0.37777777777777777 0.041666666666666664 0.13333333333333333
1 0.8486111111111111 0.15679012345679014 0.06944444444444445 0.09135802469135802
1 0.6729166666666667 0.0691358024691358 0.0625 0.07901234567901234
3 0.058333333333333334 0.9135802469135802 0.09444444444444444 0.11358024691358025
3 0.12013888888888889 0.6481481481481481 0.08472222222222223 0.07654320987654321
3 0.5451388888888888 0.5555555555555556 0.1125 0.16296296296296298
3 0.5520833333333334 0.7407407407407407 0.06527777777777778 0.09382716049382717
3 0.14791666666666667 0.5432098765432098 0.09027777777777778 0.09876543209876543
3 0.46458333333333335 0.6753086419753086 0.059722222222222225 0.10123456790123457
0 0.14166666666666666 0.817283950617284 0.09166666666666666 0.13333333333333333
