3 0.6583333333333333 0.8777777777777778 0.08333333333333333 0.13580246913580246
3 0.73125 0.8814814814814815 0.07916666666666666 0.1580246913580247
3 0.6743055555555556 0.7617283950617284 0.05416666666666667 0.0962962962962963
3 0.71875 0.7148148148148148 0.0625 0.11604938271604938
1 0.6034722222222222 0.6049382716049383 0.07083333333333333 0.12345679012345678
1 0.2763888888888889 0.2975308641975309 0.06388888888888888 0.0962962962962963
1 0.3138888888888889 0.1469135802469136 0.058333333333333334 0.09135802469135802
1 0.34791666666666665 0.2580246913580247 0.05138888888888889 0.0962962962962963
1 0.7652777777777777 0.48148148148148145 0.03888888888888889 0.09382716049382717
1 0.6729166666666667 0.6679012345679012 0.04583333333333333 0.09135802469135802
0 0.4708333333333333 0.5814814814814815 0.09166666666666666 0.08148148148148149
0 0.48194444444444445 0.7975308641975308 0.09166666666666666 0.09876543209876543
