3 0.4236111111111111 0.6703703703703704 0.08333333333333333 0.16049382716049382
1 0.16805555555555557 0.2234567901234568 0.07222222222222222 0.1111111111111111
1 0.775 0.945679012345679 0.058333333333333334 0.10864197530864197
1 0.5756944444444444 0.7716049382716049 0.05694444444444444 0.09135802469135802
1 0.4444444444444444 0.15432098765432098 0.03333333333333333 0.056790123456790124
1 0.5236111111111111 0.1654320987654321 0.030555555555555555 0.06419753086419754
1 0.4534722222222222 0.08148148148148149 0.029166666666666667 0.05925925925925926
1 0.5409722222222222 0.42098765432098767 0.0375 0.07160493827160494
1 0.36736111111111114 0.25925925925925924 0.05416666666666667 0.09876543209876543
1 0.40069444444444446 0.3493827160493827 0.0625 0.1111111111111111
