1 0.075 0.05185185185185185 0.09166666666666666 0.09876543209876543
1 0.18819444444444444 0.037037037037037035 0.0763888888888889 0.0691358024691358
0 0.42777777777777776 0.7592592592592593 0.11666666666666667 0.12098765432098765
0 0.3729166666666667 0.49506172839506174 0.11805555555555555 0.12098765432098765
0 0.12777777777777777 0.11481481481481481 0.11388888888888889 0.12098765432098765
0 0.35833333333333334 0.2691358024691358 0.058333333333333334 0.0691358024691358
3 0.6618055555555555 0.6271604938271605 0.05694444444444444 0.13333333333333333
3 0.6111111111111112 0.6925925925925925 0.05 0.1111111111111111
3 0.6777777777777778 0.8234567901234567 0.07222222222222222 0.16049382716049382
3 0.6020833333333333 0.8271604938271605 0.07916666666666666 0.1580246913580247
1 0.7125 0.34074074074074073 0.044444444444444446 0.09382716049382717
1 0.6243055555555556 0.5753086419753086 0.059722222222222225 0.1037037037037037
1 0.5423611111111111 0.508641975308642 0.09027777777777778 0.18271604938271604
3 0.3888888888888889 0.04567901234567901 0.05555555555555555 0.08641975308641975
3 0.6527777777777778 0.1271604938271605 0.04722222222222222 0.11604938271604938
