0 0.44583333333333336 0.2777777777777778 0.05 0.056790123456790124
1 0.6006944444444444 0.22962962962962963 0.029166666666666667 0.05925925925925926
1 0.5659722222222222 0.3012345679012346 0.029166666666666667 0.05925925925925926
1 0.5152777777777777 0.26666666666666666 0.03888888888888889 0.07901234567901234
1 0.3145833333333333 0.18271604938271604 0.0375 0.06419753086419754
1 0.3111111111111111 0.26049382716049385 0.03888888888888889 0.06666666666666667
1 0.3416666666666667 0.22962962962962963 0.03888888888888889 0.0691358024691358
3 0.20347222222222222 0.6259259259259259 0.07083333333333333 0.08148148148148149
1 0.8861111111111111 0.3802469135802469 0.06111111111111111 0.05925925925925926
1 0.4444444444444444 0.39382716049382716 0.09722222222222222 0.13580246913580246
1 0.42083333333333334 0.519753086419753 0.10277777777777777 0.1654320987654321
1 0.4798611111111111 0.7864197530864198 0.07361111111111111 0.1654320987654321
0 0.7263888888888889 0.37530864197530867 0.09166666666666666 0.09876543209876543
0 0.9597222222222223 0.6024691358024692 0.08055555555555556 0.15308641975308643
3 0.3701388888888889 0.5876543209876544 0.05416666666666667 0.09382716049382717
1 0.18263888888888888 0.519753086419753 0.0625 0.09135802469135802
1 0.2791666666666667 0.6234567901234568 0.08333333333333333 0.1259259259259259
