1 0.9201388888888888 0.571604938271605 0.0763888888888889 0.14074074074074075
1 0.85 0.35802469135802467 0.08055555555555556 0.14320987654320988
1 0.5666666666666667 0.10493827160493827 0.07222222222222222 0.11604938271604938
0 0.5520833333333334 0.8802469135802469 0.12361111111111112 0.1308641975308642
1 0.1986111111111111 0.8740740740740741 0.11666666666666667 0.24691358024691357
1 0.3645833333333333 0.7419753086419754 0.10416666666666667 0.18518518518518517
1 0.14652777777777778 0.5432098765432098 0.1486111111111111 0.2716049382716049
0 0.45416666666666666 0.37530864197530867 0.06944444444444445 0.16296296296296298
0 0.3125 0.4185185185185185 0.12222222222222222 0.19012345679012346
3 0.06180555555555556 0.18641975308641975 0.12083333333333333 0.19012345679012346
3 0.05277777777777778 0.4506172839506173 0.10277777777777777 0.19012345679012346
3 0.5944444444444444 0.20493827160493827 0.05555555555555555 0.08395061728395062
3 0.6972222222222222 0.4148148148148148 0.058333333333333334 0.11851851851851852
3 0.6868055555555556 0.5135802469135803 0.05694444444444444 0.08888888888888889
3 0.56875 0.4604938271604938 0.059722222222222225 0.10123456790123457
3 0.2923611111111111 0.7506172839506173 0.07916666666666666 0.16790123456790124
