3 0.39305555555555555 0.7148148148148148 0.07222222222222222 0.10617283950617284
3 0.3486111111111111 0.6580246913580247 0.07222222222222222 0.11604938271604938
1 0.18611111111111112 0.49876543209876545 0.06111111111111111 0.09876543209876543
1 0.65625 0.7012345679012346 0.08194444444444444 0.11358024691358025
1 0.89375 0.2851851851851852 0.0875 0.13580246913580246
1 0.5923611111111111 0.1 0.07361111111111111 0.13580246913580246
1 0.4354166666666667 0.12469135802469136 0.07083333333333333 0.14074074074074075
3 0.19583333333333333 0.9 0.08333333333333333 0.08148148148148149
3 0.6986111111111111 0.7975308641975308 0.06111111111111111 0.09876543209876543
3 0.8555555555555555 0.9617283950617284 0.09722222222222222 0.07654320987654321
3 0.7763888888888889 0.19382716049382717 0.09444444444444444 0.15555555555555556
1 0.020833333333333332 0.12839506172839507 0.03888888888888889 0.14320987654320988
