1 0.8736111111111111 0.11234567901234568 0.058333333333333334 0.09135802469135802
0 0.8166666666666667 0.19506172839506172 0.07222222222222222 0.07407407407407407
0 0.7805555555555556 0.08888888888888889 0.06111111111111111 0.06419753086419754
0 0.30694444444444446 0.23333333333333334 0.09444444444444444 0.09135802469135802
1 0.1111111111111111 0.28271604938271605 0.1 0.16049382716049382
1 0.15486111111111112 0.5037037037037037 0.10694444444444444 0.2222222222222222
1 0.8083333333333333 0.35185185185185186 0.1 0.12098765432098765
1 0.8722222222222222 0.2679012345679012 0.08888888888888889 0.145679012345679
1 0.9715277777777778 0.2876543209876543 0.05694444444444444 0.17530864197530865
1 0.9222222222222223 0.528395061728395 0.15555555555555556 0.3160493827160494
1 0.4875 0.2975308641975309 0.06666666666666667 0.1111111111111111
1 0.6256944444444444 0.5308641975308642 0.10972222222222222 0.23703703703703705
3 0.5444444444444444 0.5185185185185185 0.09166666666666666 0.14814814814814814
2 0.7243055555555555 0.6074074074074074 0.0625 0.07901234567901234
3 0.6958333333333333 0.4925925925925926 0.08055555555555556 0.11604938271604938
