0 0.2743055555555556 0.17530864197530865 0.09305555555555556 0.10864197530864197
1 0.3125 0.17160493827160495 0.03888888888888889 0.05185185185185185
1 0.34930555555555554 0.19753086419753085 0.034722222222222224 0.05432098765432099
1 0.23819444444444443 0.27901234567901234 0.03194444444444444 0.05925925925925926
1 0.34097222222222223 0.3308641975308642 0.034722222222222224 0.05925925925925926
1 0.42291666666666666 0.5160493827160494 0.12638888888888888 0.18271604938271604
1 0.5263888888888889 0.6567901234567901 0.11666666666666667 0.2271604938271605
1 0.3840277777777778 0.9555555555555556 0.12361111111111112 0.08888888888888889
3 0.4409722222222222 0.2123456790123457 0.05416666666666667 0.05432098765432099
3 0.9680555555555556 0.362962962962963 0.06388888888888888 0.08888888888888889
2 0.5458333333333333 0.8407407407407408 0.022222222222222223 0.03209876543209877
