0 0.06180555555555556 0.6604938271604939 0.11527777777777778 0.0962962962962963
1 0.4597222222222222 0.2 0.06111111111111111 0.11358024691358025
1 0.06458333333333334 0.34074074074074073 0.05694444444444444 0.07407407407407407
3 0.8680555555555556 0.6728395061728395 0.1 0.1308641975308642
3 0.28125 0.5271604938271605 0.06805555555555555 0.0962962962962963
3 0.14791666666666667 0.4271604938271605 0.05138888888888889 0.05925925925925926
1 0.6541666666666667 0.4185185185185185 0.06666666666666667 0.10617283950617284
1 0.1111111111111111 0.9691358024691358 0.06666666666666667 0.06172839506172839
1 0.6875 0.1271604938271605 0.09722222222222222 0.13580246913580246
1 0.15902777777777777 0.5567901234567901 0.04027777777777778 0.04691358024691358
1 0.10555555555555556 0.5308641975308642 0.058333333333333334 0.07407407407407407
