3 0.2649739583333333 0.49745370370370373 0.05078125 0.09398148148148149
1 0.7139322916666667 0.9539351851851852 0.08411458333333334 0.09212962962962963
1 0.5200520833333333 0.7282407407407407 0.06666666666666667 0.11666666666666667
1 0.741015625 0.6583333333333333 0.06380208333333333 0.1111111111111111
1 0.6423177083333333 0.23125 0.04244791666666667 0.08657407407407407
1 0.5951822916666667 0.15949074074074074 0.04453125 0.0763888888888889
1 0.566015625 0.2849537037037037 0.04869791666666667 0.07916666666666666
1 0.5259114583333333 0.27175925925925926 0.025260416666666667 0.058333333333333334
1 0.17643229166666666 0.5893518518518519 0.05755208333333333 0.09907407407407408
1 0.089453125 0.4613425925925926 0.04973958333333333 0.0837962962962963
1 0.08190104166666666 0.2828703703703704 0.05182291666666667 0.06666666666666667
