1 0.7486111111111111 0.2123456790123457 0.03611111111111111 0.0691358024691358
1 0.30069444444444443 0.7950617283950617 0.03194444444444444 0.05432098765432099
1 0.3458333333333333 0.7802469135802469 0.03333333333333333 0.07407407407407407
1 0.4576388888888889 0.8814814814814815 0.0625 0.07407407407407407
1 0.61875 0.20617283950617285 0.04027777777777778 0.056790123456790124
1 0.7201388888888889 0.37407407407407406 0.04583333333333333 0.0962962962962963
1 0.6291666666666667 0.7493827160493827 0.058333333333333334 0.09135802469135802
3 0.5520833333333334 0.9641975308641976 0.06527777777777778 0.07160493827160494
3 0.325 0.9098765432098765 0.03888888888888889 0.05185185185185185
3 0.7993055555555556 0.391358024691358 0.04027777777777778 0.06172839506172839
0 0.84375 0.40987654320987654 0.03194444444444444 0.1580246913580247
