1 0.375 0.5691358024691358 0.05 0.09135802469135802
0 0.6020833333333333 0.6358024691358025 0.0625 0.05185185185185185
0 0.6597222222222222 0.5074074074074074 0.06944444444444445 0.05185185185185185
0 0.5333333333333333 0.9358024691358025 0.06111111111111111 0.07901234567901234
0 0.5736111111111111 0.8382716049382716 0.03333333333333333 0.05185185185185185
1 0.09861111111111111 0.6037037037037037 0.05277777777777778 0.06172839506172839
1 0.06875 0.8246913580246914 0.04027777777777778 0.04938271604938271
1 0.3055555555555556 0.19876543209876543 0.027777777777777776 0.04691358024691358
0 0.14375 0.8703703703703703 0.08194444444444444 0.05185185185185185
0 0.3763888888888889 0.8851851851851852 0.07777777777777778 0.07654320987654321
3 0.7368055555555556 0.6283950617283951 0.0375 0.07160493827160494
3 0.7798611111111111 0.6518518518518519 0.06527777777777778 0.09876543209876543
