3 0.684765625 0.14837962962962964 0.04869791666666667 0.06342592592592593
3 0.7848958333333333 0.7956018518518518 0.036458333333333336 0.055092592592592596
1 0.27057291666666666 0.23287037037037037 0.024479166666666666 0.04537037037037037
1 0.24231770833333333 0.25300925925925927 0.03046875 0.04027777777777778
1 0.6194010416666667 0.06828703703703703 0.03723958333333333 0.047685185185185185
1 0.7157552083333333 0.13055555555555556 0.04192708333333333 0.05740740740740741
1 0.9532552083333333 0.04884259259259259 0.03828125 0.0625
1 0.9526041666666667 0.6685185185185185 0.0640625 0.0824074074074074
1 0.927734375 0.9215277777777777 0.07161458333333333 0.12453703703703704
1 0.37252604166666664 0.8425925925925926 0.03723958333333333 0.05648148148148148
1 0.7510416666666667 0.8787037037037037 0.03958333333333333 0.06944444444444445
