0 0.7625 0.7987654320987654 0.044444444444444446 0.1308641975308642
3 0.5604166666666667 0.5234567901234568 0.034722222222222224 0.044444444444444446
3 0.9243055555555556 0.508641975308642 0.05694444444444444 0.08888888888888889
3 0.8631944444444445 0.6765432098765433 0.06527777777777778 0.07407407407407407
3 0.6986111111111111 0.6123456790123457 0.05277777777777778 0.0691358024691358
1 0.8361111111111111 0.09012345679012346 0.03333333333333333 0.04197530864197531
1 0.7097222222222223 0.12345679012345678 0.025 0.04938271604938271
1 0.4791666666666667 0.2111111111111111 0.025 0.03209876543209877
1 0.23402777777777778 0.9481481481481482 0.06527777777777778 0.07901234567901234
1 0.11527777777777778 0.8629629629629629 0.044444444444444446 0.06666666666666667
1 0.4125 0.7975308641975308 0.04722222222222222 0.08395061728395062
1 0.49930555555555556 0.48641975308641977 0.0375 0.07901234567901234
1 0.4222222222222222 0.345679012345679 0.03333333333333333 0.04938271604938271
