1 0.18658854166666666 0.8865740740740741 0.09244791666666667 0.1037037037037037
3 0.6162760416666667 0.8032407407407407 0.04973958333333333 0.11018518518518519
3 0.3307291666666667 0.8127314814814814 0.06822916666666666 0.1486111111111111
1 0.40625 0.6620370370370371 0.0640625 0.08981481481481482
1 0.23268229166666668 0.5060185185185185 0.055989583333333336 0.07037037037037037
1 0.295703125 0.4115740740740741 0.05651041666666667 0.05555555555555555
1 0.23190104166666667 0.09236111111111112 0.03828125 0.06157407407407407
1 0.191796875 0.0738425925925926 0.03671875 0.07268518518518519
1 0.16822916666666668 0.7226851851851852 0.08229166666666667 0.11388888888888889
1 0.498828125 0.40671296296296294 0.06953125 0.10416666666666667
3 0.050390625 0.8520833333333333 0.07838541666666667 0.09675925925925925
3 0.05768229166666667 0.7245370370370371 0.06953125 0.11481481481481481
