0 0.3013888888888889 0.8654320987654321 0.07777777777777778 0.10617283950617284
0 0.40208333333333335 0.8382716049382716 0.043055555555555555 0.19506172839506172
3 0.4479166666666667 0.5580246913580247 0.04583333333333333 0.05432098765432099
3 0.35625 0.7753086419753087 0.04027777777777778 0.06419753086419754
3 0.3715277777777778 0.6975308641975309 0.043055555555555555 0.06172839506172839
1 0.04722222222222222 0.7802469135802469 0.09166666666666666 0.17777777777777778
1 0.29305555555555557 0.7197530864197531 0.06111111111111111 0.12098765432098765
1 0.1875 0.6333333333333333 0.07777777777777778 0.1111111111111111
1 0.32013888888888886 0.5271604938271605 0.0375 0.06172839506172839
1 0.35833333333333334 0.42098765432098767 0.041666666666666664 0.056790123456790124
1 0.10625 0.5135802469135803 0.059722222222222225 0.06419753086419754
1 0.12638888888888888 0.445679012345679 0.06388888888888888 0.06172839506172839
