3 0.7361111111111112 0.8382716049382716 0.09166666666666666 0.1259259259259259
3 0.9076388888888889 0.6395061728395062 0.09861111111111111 0.08888888888888889
3 0.7583333333333333 0.608641975308642 0.07222222222222222 0.08148148148148149
1 0.15208333333333332 0.16296296296296298 0.03194444444444444 0.044444444444444446
1 0.38055555555555554 0.43703703703703706 0.041666666666666664 0.05925925925925926
1 0.3104166666666667 0.9506172839506173 0.12083333333333333 0.09876543209876543
1 0.5756944444444444 0.6222222222222222 0.04861111111111111 0.07407407407407407
1 0.6347222222222222 0.4703703703703704 0.058333333333333334 0.0962962962962963
1 0.059722222222222225 0.554320987654321 0.06944444444444445 0.06666666666666667
1 0.33611111111111114 0.5160493827160494 0.06388888888888888 0.09876543209876543
1 0.2722222222222222 0.674074074074074 0.07222222222222222 0.1037037037037037
0 0.8819444444444444 0.6962962962962963 0.06111111111111111 0.08888888888888889
0 0.7048611111111112 0.754320987654321 0.06527777777777778 0.0962962962962963
0 0.6534722222222222 0.6691358024691358 0.0375 0.1037037037037037
0 0.26666666666666666 0.41728395061728396 0.06111111111111111 0.03950617283950617
0 0.14791666666666667 0.6604938271604939 0.11527777777777778 0.07654320987654321
0 0.15486111111111112 0.5037037037037037 0.07083333333333333 0.05432098765432099
