1 0.6701388888888888 0.04567901234567901 0.02638888888888889 0.05185185185185185
3 0.26805555555555555 0.1259259259259259 0.041666666666666664 0.07407407407407407
1 0.3458333333333333 0.030864197530864196 0.030555555555555555 0.04197530864197531
1 0.45416666666666666 0.2839506172839506 0.027777777777777776 0.05432098765432099
1 0.5006944444444444 0.044444444444444446 0.029166666666666667 0.04938271604938271
1 0.5597222222222222 0.05185185185185185 0.03333333333333333 0.044444444444444446
1 0.7854166666666667 0.2679012345679012 0.04583333333333333 0.07160493827160494
1 0.8125 0.42098765432098767 0.041666666666666664 0.07160493827160494
1 0.7652777777777777 0.3530864197530864 0.03888888888888889 0.0691358024691358
1 0.5763888888888888 0.5888888888888889 0.041666666666666664 0.07160493827160494
1 0.6666666666666666 0.6320987654320988 0.03888888888888889 0.07407407407407407
1 0.8527777777777777 0.8037037037037037 0.075 0.0962962962962963
1 0.34097222222222223 0.7777777777777778 0.059722222222222225 0.12839506172839507
1 0.36041666666666666 0.5481481481481482 0.043055555555555555 0.05925925925925926
1 0.2763888888888889 0.5567901234567901 0.05277777777777778 0.07160493827160494
1 0.16111111111111112 0.29876543209876544 0.027777777777777776 0.04938271604938271
1 0.11319444444444444 0.18518518518518517 0.04027777777777778 0.0691358024691358
