0 0.6944444444444444 0.5790123456790124 0.06666666666666667 0.056790123456790124
3 0.6833333333333333 0.4074074074074074 0.044444444444444446 0.07407407407407407
3 0.6236111111111111 0.854320987654321 0.06111111111111111 0.07407407407407407
3 0.03611111111111111 0.9753086419753086 0.06388888888888888 0.04938271604938271
3 0.09166666666666666 0.7111111111111111 0.04722222222222222 0.044444444444444446
1 0.3458333333333333 0.9358024691358025 0.04722222222222222 0.0691358024691358
1 0.2701388888888889 0.8691358024691358 0.0375 0.05432098765432099
1 0.18958333333333333 0.817283950617284 0.0375 0.06419753086419754
1 0.42083333333333334 0.7469135802469136 0.03888888888888889 0.07160493827160494
1 0.7979166666666667 0.22469135802469137 0.0375 0.07407407407407407
1 0.7493055555555556 0.2111111111111111 0.034722222222222224 0.06172839506172839
1 0.7125 0.3469135802469136 0.03888888888888889 0.07160493827160494
1 0.6375 0.45555555555555555 0.044444444444444446 0.07160493827160494
1 0.5715277777777777 0.5320987654320988 0.043055555555555555 0.07654320987654321
1 0.5534722222222223 0.4148148148148148 0.059722222222222225 0.09382716049382717
1 0.38680555555555557 0.30864197530864196 0.0375 0.0691358024691358
3 0.63125 0.3851851851851852 0.0375 0.06419753086419754
