2 0.47638888888888886 0.9271604938271605 0.07777777777777778 0.1111111111111111
1 0.33819444444444446 0.35432098765432096 0.04583333333333333 0.08148148148148149
1 0.4173611111111111 0.2037037037037037 0.02638888888888889 0.04197530864197531
1 0.5652777777777778 0.24938271604938272 0.03333333333333333 0.04938271604938271
1 0.6826388888888889 0.337037037037037 0.02638888888888889 0.05185185185185185
1 0.7104166666666667 0.3814814814814815 0.02361111111111111 0.04691358024691358
1 0.5805555555555556 0.4654320987654321 0.030555555555555555 0.05185185185185185
1 0.6368055555555555 0.5246913580246914 0.0375 0.06172839506172839
1 0.6520833333333333 0.6234567901234568 0.034722222222222224 0.06172839506172839
1 0.5472222222222223 0.8061728395061728 0.05277777777777778 0.09135802469135802
1 0.26666666666666666 0.3296296296296296 0.027777777777777776 0.05185185185185185
1 0.28888888888888886 0.3888888888888889 0.027777777777777776 0.056790123456790124
3 0.28402777777777777 0.7345679012345679 0.05694444444444444 0.06172839506172839
0 0.6201388888888889 0.9160493827160494 0.07361111111111111 0.0691358024691358
