1 0.6020833333333333 0.7876543209876543 0.05694444444444444 0.09876543209876543
1 0.22361111111111112 0.7938271604938272 0.05555555555555555 0.08148148148148149
1 0.40625 0.45555555555555555 0.029166666666666667 0.04691358024691358
3 0.4534722222222222 0.7320987654320987 0.05138888888888889 0.07654320987654321
3 0.6923611111111111 0.5419753086419753 0.06527777777777778 0.10123456790123457
3 0.7659722222222223 0.9246913580246914 0.07916666666666666 0.1308641975308642
0 0.5402777777777777 0.35432098765432096 0.05 0.037037037037037035
0 0.93125 0.8888888888888888 0.10138888888888889 0.13333333333333333
0 0.4666666666666667 0.9530864197530864 0.06666666666666667 0.08888888888888889
0 0.8465277777777778 0.6333333333333333 0.06527777777777778 0.09135802469135802
