1 0.48125 0.1345679012345679 0.029166666666666667 0.04197530864197531
3 0.8041666666666667 0.9333333333333333 0.03888888888888889 0.07407407407407407
0 0.6756944444444445 0.44074074074074077 0.09305555555555556 0.17530864197530865
3 0.47152777777777777 0.971604938271605 0.05138888888888889 0.056790123456790124
3 0.2222222222222222 0.9444444444444444 0.04722222222222222 0.08148148148148149
3 0.17083333333333334 0.8975308641975308 0.058333333333333334 0.08148148148148149
3 0.36180555555555555 0.8222222222222222 0.043055555555555555 0.06419753086419754
3 0.5548611111111111 0.5740740740740741 0.05138888888888889 0.09135802469135802
3 0.4326388888888889 0.33209876543209876 0.0625 0.10617283950617284
3 0.06041666666666667 0.662962962962963 0.06805555555555555 0.10123456790123457
1 0.5951388888888889 0.9123456790123456 0.059722222222222225 0.1111111111111111
1 0.3388888888888889 0.737037037037037 0.05277777777777778 0.07160493827160494
1 0.8479166666666667 0.9234567901234568 0.05138888888888889 0.08888888888888889
1 0.6131944444444445 0.16913580246913582 0.029166666666666667 0.05185185185185185
1 0.6506944444444445 0.6222222222222222 0.04861111111111111 0.09876543209876543
1 0.5236111111111111 0.3728395061728395 0.05555555555555555 0.09382716049382717
1 0.23680555555555555 0.3234567901234568 0.05416666666666667 0.07901234567901234
