0 0.22152777777777777 0.6925925925925925 0.09305555555555556 0.07160493827160494
1 0.2076388888888889 0.3592592592592593 0.04027777777777778 0.056790123456790124
1 0.15416666666666667 0.5592592592592592 0.06666666666666667 0.10123456790123457
1 0.26458333333333334 0.8654320987654321 0.06805555555555555 0.10123456790123457
1 0.21041666666666667 0.8074074074074075 0.06527777777777778 0.04938271604938271
1 0.5958333333333333 0.5802469135802469 0.058333333333333334 0.11851851851851852
1 0.6659722222222222 0.45308641975308644 0.04861111111111111 0.08641975308641975
1 0.7680555555555556 0.8629629629629629 0.08055555555555556 0.12098765432098765
1 0.022916666666666665 0.2777777777777778 0.043055555555555555 0.06666666666666667
1 0.022222222222222223 0.7037037037037037 0.03888888888888889 0.06419753086419754
1 0.4909722222222222 0.09012345679012346 0.02638888888888889 0.04691358024691358
3 0.03263888888888889 0.7802469135802469 0.0625 0.08888888888888889
3 0.10416666666666667 0.6 0.044444444444444446 0.0691358024691358
3 0.1798611111111111 0.6222222222222222 0.0625 0.07407407407407407
3 0.08888888888888889 0.13950617283950617 0.04722222222222222 0.06172839506172839
3 0.36527777777777776 0.11234567901234568 0.075 0.10123456790123457
3 0.7902777777777777 0.36419753086419754 0.05555555555555555 0.06666666666666667
3 0.9194444444444444 0.4679012345679012 0.08888888888888889 0.08148148148148149
3 0.65 0.5641975308641975 0.05 0.08641975308641975
3 0.84375 0.22098765432098766 0.05138888888888889 0.056790123456790124
3 0.44166666666666665 0.3654320987654321 0.044444444444444446 0.0691358024691358
0 0.5375 0.7851851851851852 0.058333333333333334 0.15308641975308643
0 0.9486111111111111 0.4444444444444444 0.1 0.14814814814814814
0 0.8826388888888889 0.8851851851851852 0.08194444444444444 0.19506172839506172
