3 0.7611111111111111 0.3765432098765432 0.05277777777777778 0.03209876543209877
3 0.8256944444444444 0.6049382716049383 0.0375 0.05925925925925926
3 0.6333333333333333 0.3197530864197531 0.03611111111111111 0.05185185185185185
1 0.7152777777777778 0.9604938271604938 0.06111111111111111 0.07901234567901234
1 0.7069444444444445 0.8308641975308642 0.03888888888888889 0.0962962962962963
1 0.65 0.8024691358024691 0.041666666666666664 0.07407407407407407
1 0.08333333333333333 0.7913580246913581 0.05277777777777778 0.08148148148148149
1 0.15555555555555556 0.6876543209876543 0.044444444444444446 0.07160493827160494
1 0.375 0.8358024691358025 0.044444444444444446 0.07654320987654321
1 0.41805555555555557 0.3160493827160494 0.030555555555555555 0.07901234567901234
1 0.3597222222222222 0.07901234567901234 0.022222222222222223 0.044444444444444446
1 0.3173611111111111 0.04814814814814815 0.0375 0.06666666666666667
1 0.12083333333333333 0.23703703703703705 0.03888888888888889 0.05925925925925926
