1 0.8138888888888889 0.31234567901234567 0.025 0.03209876543209877
1 0.9194444444444444 0.24074074074074073 0.019444444444444445 0.04197530864197531
1 0.9013888888888889 0.37777777777777777 0.03333333333333333 0.04938271604938271
1 0.8798611111111111 0.32222222222222224 0.06527777777777778 0.07160493827160494
1 0.052083333333333336 0.9469135802469136 0.043055555555555555 0.07654320987654321
1 0.23194444444444445 0.5530864197530864 0.027777777777777776 0.03950617283950617
1 0.26875 0.5901234567901235 0.02638888888888889 0.044444444444444446
1 0.1423611111111111 0.7481481481481481 0.029166666666666667 0.044444444444444446
1 0.27361111111111114 0.7703703703703704 0.03333333333333333 0.04938271604938271
1 0.8236111111111111 0.6888888888888889 0.030555555555555555 0.05432098765432099
1 0.8152777777777778 0.5493827160493827 0.030555555555555555 0.056790123456790124
1 0.6972222222222222 0.9814814814814815 0.03611111111111111 0.037037037037037035
1 0.6465277777777778 0.9839506172839506 0.034722222222222224 0.03209876543209877
1 0.5479166666666667 0.971604938271605 0.043055555555555555 0.056790123456790124
