3 0.5430555555555555 0.4024691358024691 0.044444444444444446 0.06419753086419754
3 0.6041666666666666 0.4740740740740741 0.041666666666666664 0.05432098765432099
3 0.3840277777777778 0.6358024691358025 0.04861111111111111 0.06666666666666667
3 0.33958333333333335 0.6901234567901234 0.04861111111111111 0.06172839506172839
1 0.54375 0.2839506172839506 0.020833333333333332 0.02962962962962963
1 0.5736111111111111 0.22839506172839505 0.016666666666666666 0.03209876543209877
1 0.9798611111111111 0.36419753086419754 0.04027777777777778 0.08641975308641975
1 0.95 0.22592592592592592 0.041666666666666664 0.06666666666666667
1 0.86875 0.8382716049382716 0.059722222222222225 0.10617283950617284
1 0.7625 0.7209876543209877 0.05 0.1037037037037037
1 0.775 0.5925925925925926 0.06388888888888888 0.09382716049382717
1 0.6888888888888889 0.6135802469135803 0.044444444444444446 0.08148148148148149
1 0.6270833333333333 0.36666666666666664 0.04027777777777778 0.06666666666666667
1 0.44583333333333336 0.9098765432098765 0.041666666666666664 0.08641975308641975
1 0.3909722222222222 0.7938271604938272 0.02638888888888889 0.06666666666666667
1 0.42430555555555555 0.5481481481481482 0.03194444444444444 0.05432098765432099
1 0.34097222222222223 0.5444444444444444 0.02638888888888889 0.06172839506172839
1 0.1597222222222222 0.7802469135802469 0.041666666666666664 0.05432098765432099
