1 0.07777777777777778 0.5740740740740741 0.044444444444444446 0.06172839506172839
3 0.46458333333333335 0.6395061728395062 0.034722222222222224 0.044444444444444446
1 0.975 0.8111111111111111 0.05 0.10617283950617284
1 0.8013888888888889 0.6987654320987654 0.04722222222222222 0.06419753086419754
1 0.9034722222222222 0.30246913580246915 0.043055555555555555 0.06172839506172839
1 0.7076388888888889 0.2123456790123457 0.020833333333333332 0.04938271604938271
1 0.5486111111111112 0.19506172839506172 0.019444444444444445 0.03950617283950617
1 0.43125 0.2 0.020833333333333332 0.02962962962962963
1 0.10486111111111111 0.5172839506172839 0.034722222222222224 0.04691358024691358
1 0.3576388888888889 0.3271604938271605 0.029166666666666667 0.06172839506172839
1 0.36527777777777776 0.44938271604938274 0.03333333333333333 0.0691358024691358
1 0.5138888888888888 0.6024691358024692 0.03333333333333333 0.05925925925925926
