3 0.6097222222222223 0.5395061728395062 0.027777777777777776 0.04691358024691358
3 0.06944444444444445 0.8308641975308642 0.044444444444444446 0.056790123456790124
3 0.17708333333333334 0.8395061728395061 0.04583333333333333 0.044444444444444446
3 0.29444444444444445 0.6123456790123457 0.041666666666666664 0.0691358024691358
3 0.28888888888888886 0.7728395061728395 0.044444444444444446 0.06419753086419754
3 0.6298611111111111 0.917283950617284 0.029166666666666667 0.06666666666666667
3 0.6951388888888889 0.6679012345679012 0.05138888888888889 0.08148148148148149
3 0.8548611111111111 0.41358024691358025 0.03194444444444444 0.037037037037037035
3 0.8548611111111111 0.5320987654320988 0.04861111111111111 0.06666666666666667
3 0.7423611111111111 0.445679012345679 0.0375 0.04691358024691358
1 0.7006944444444444 0.5617283950617284 0.034722222222222224 0.04691358024691358
1 0.8138888888888889 0.3432098765432099 0.03611111111111111 0.04938271604938271
1 0.5923611111111111 0.9358024691358025 0.02638888888888889 0.06419753086419754
1 0.5604166666666667 0.8592592592592593 0.029166666666666667 0.04938271604938271
1 0.42430555555555555 0.7876543209876543 0.020833333333333332 0.044444444444444446
1 0.49166666666666664 0.717283950617284 0.03611111111111111 0.056790123456790124
1 0.25 0.8 0.030555555555555555 0.03950617283950617
1 0.23958333333333334 0.6358024691358025 0.034722222222222224 0.06666666666666667
1 0.25416666666666665 0.48641975308641977 0.027777777777777776 0.04938271604938271
1 0.22013888888888888 0.4049382716049383 0.03194444444444444 0.044444444444444446
