3 0.7416666666666667 0.07901234567901234 0.05555555555555555 0.14320987654320988
2 0.7076388888888889 0.6259259259259259 0.07083333333333333 0.10123456790123457
3 0.58125 0.2691358024691358 0.08194444444444444 0.12345679012345678
3 0.3020833333333333 0.18641975308641975 0.10972222222222222 0.17037037037037037
1 0.9208333333333333 0.1382716049382716 0.10277777777777777 0.17777777777777778
1 0.7888888888888889 0.6839506172839506 0.05555555555555555 0.1382716049382716
1 0.6076388888888888 0.6987654320987654 0.05694444444444444 0.08888888888888889
1 0.4826388888888889 0.6419753086419753 0.05694444444444444 0.11358024691358025
1 0.40069444444444446 0.3987654320987654 0.07361111111111111 0.1308641975308642
1 0.21319444444444444 0.5271604938271605 0.09583333333333334 0.145679012345679
