0 0.6902777777777778 0.3506172839506173 0.06388888888888888 0.09876543209876543
3 0.68125 0.8592592592592593 0.043055555555555555 0.05432098765432099
3 0.6055555555555555 0.44074074074074077 0.03888888888888889 0.056790123456790124
3 0.5243055555555556 0.32098765432098764 0.04027777777777778 0.06419753086419754
1 0.7506944444444444 0.7333333333333333 0.0375 0.0691358024691358
1 0.6798611111111111 0.45925925925925926 0.0375 0.06419753086419754
1 0.6416666666666667 0.1814814814814815 0.027777777777777776 0.05185185185185185
1 0.5833333333333334 0.3308641975308642 0.041666666666666664 0.06419753086419754
1 0.4756944444444444 0.5888888888888889 0.0375 0.056790123456790124
1 0.39652777777777776 0.34814814814814815 0.0375 0.05432098765432099
3 0.18333333333333332 0.8012345679012346 0.05 0.07160493827160494
3 0.18611111111111112 0.7074074074074074 0.06111111111111111 0.07160493827160494
