1 0.5340277777777778 0.1925925925925926 0.04583333333333333 0.10864197530864197
1 0.7451388888888889 0.06049382716049383 0.0375 0.05185185185185185
1 0.9458333333333333 0.2962962962962963 0.08333333333333333 0.12345679012345678
1 0.7611111111111111 0.582716049382716 0.06666666666666667 0.10864197530864197
1 0.7777777777777778 0.8950617283950617 0.09444444444444444 0.18518518518518517
3 0.6097222222222223 0.20246913580246914 0.03888888888888889 0.06419753086419754
1 0.6583333333333333 0.1728395061728395 0.03888888888888889 0.0691358024691358
3 0.7819444444444444 0.4728395061728395 0.05555555555555555 0.08641975308641975
0 0.5888888888888889 0.4876543209876543 0.08333333333333333 0.07160493827160494
0 0.41597222222222224 0.9148148148148149 0.10694444444444444 0.17037037037037037
