1 0.10625 0.11481481481481481 0.10138888888888889 0.145679012345679
1 0.2611111111111111 0.4925925925925926 0.11388888888888889 0.18024691358024691
1 0.5097222222222222 0.03333333333333333 0.05277777777777778 0.056790123456790124
3 0.7104166666666667 0.41358024691358025 0.09861111111111111 0.1259259259259259
3 0.3993055555555556 0.6012345679012345 0.08194444444444444 0.1654320987654321
3 0.46111111111111114 0.6185185185185185 0.1 0.16049382716049382
0 0.3 0.6518518518518519 0.041666666666666664 0.15308641975308643
0 0.36527777777777776 0.5320987654320988 0.07777777777777778 0.2740740740740741
0 0.55 0.4901234567901235 0.06388888888888888 0.145679012345679
0 0.6777777777777778 0.5580246913580247 0.06666666666666667 0.11851851851851852
