1 0.34652777777777777 0.4 0.07083333333333333 0.12345679012345678
1 0.40625 0.6864197530864198 0.0625 0.11851851851851852
1 0.6201388888888889 0.6728395061728395 0.06527777777777778 0.11604938271604938
1 0.9770833333333333 0.3987654320987654 0.04583333333333333 0.0962962962962963
3 0.5909722222222222 0.25925925925925924 0.04861111111111111 0.0691358024691358
3 0.7840277777777778 0.9604938271604938 0.0625 0.07901234567901234
3 0.8611111111111112 0.9518518518518518 0.04722222222222222 0.0962962962962963
0 0.09236111111111112 0.3135802469135803 0.12638888888888888 0.07407407407407407
0 0.7145833333333333 0.6432098765432098 0.04861111111111111 0.14074074074074075
0 0.5756944444444444 0.4839506172839506 0.0375 0.14814814814814814
3 0.7881944444444444 0.19753086419753085 0.04583333333333333 0.06419753086419754
