1 0.37916666666666665 0.06172839506172839 0.03333333333333333 0.07407407407407407
1 0.18055555555555555 0.43209876543209874 0.06388888888888888 0.07901234567901234
1 0.43472222222222223 0.5333333333333333 0.044444444444444446 0.09876543209876543
1 0.47847222222222224 0.5111111111111111 0.05416666666666667 0.07407407407407407
1 0.4701388888888889 0.7567901234567901 0.04583333333333333 0.0962962962962963
1 0.5263888888888889 0.9271604938271605 0.075 0.1308641975308642
1 0.44930555555555557 0.9679012345679012 0.06805555555555555 0.06419753086419754
3 0.3798611111111111 0.45185185185185184 0.04027777777777778 0.04938271604938271
3 0.49722222222222223 0.6 0.06388888888888888 0.06419753086419754
3 0.5402777777777777 0.7333333333333333 0.07777777777777778 0.12345679012345678
0 0.6875 0.7555555555555555 0.1111111111111111 0.08395061728395062
1 0.33819444444444446 0.2777777777777778 0.04583333333333333 0.07160493827160494
