1 0.10902777777777778 0.662962962962963 0.04861111111111111 0.07654320987654321
1 0.41944444444444445 0.11358024691358025 0.016666666666666666 0.03950617283950617
1 0.5048611111111111 0.12469135802469136 0.02361111111111111 0.05185185185185185
1 0.46458333333333335 0.23209876543209876 0.029166666666666667 0.04938271604938271
1 0.44027777777777777 0.3 0.03333333333333333 0.04197530864197531
1 0.12430555555555556 0.22839506172839505 0.02638888888888889 0.03209876543209877
1 0.16319444444444445 0.29506172839506173 0.02638888888888889 0.04691358024691358
1 0.2534722222222222 0.2506172839506173 0.02638888888888889 0.04197530864197531
1 0.7430555555555556 0.18765432098765433 0.03611111111111111 0.044444444444444446
3 0.27361111111111114 0.7962962962962963 0.05 0.07654320987654321
