3 0.6076388888888888 0.7753086419753087 0.04583333333333333 0.05925925925925926
3 0.4444444444444444 0.762962962962963 0.041666666666666664 0.04938271604938271
3 0.16180555555555556 0.35185185185185186 0.043055555555555555 0.06172839506172839
3 0.12708333333333333 0.27037037037037037 0.04027777777777778 0.05185185185185185
1 0.59375 0.5222222222222223 0.02361111111111111 0.056790123456790124
1 0.5944444444444444 0.3987654320987654 0.03611111111111111 0.05185185185185185
1 0.5006944444444444 0.41975308641975306 0.029166666666666667 0.03950617283950617
1 0.4708333333333333 0.4604938271604938 0.03333333333333333 0.04691358024691358
1 0.4111111111111111 0.4345679012345679 0.030555555555555555 0.06419753086419754
1 0.8090277777777778 0.8679012345679012 0.08194444444444444 0.13580246913580246
1 0.6284722222222222 0.8975308641975308 0.04861111111111111 0.07160493827160494
1 0.3875 0.9444444444444444 0.05277777777777778 0.08641975308641975
1 0.4131944444444444 0.8419753086419753 0.04027777777777778 0.05432098765432099
1 0.34097222222222223 0.674074074074074 0.04583333333333333 0.07901234567901234
1 0.2465277777777778 0.4703703703703704 0.04583333333333333 0.056790123456790124
