3 0.7055555555555556 0.8530864197530864 0.06944444444444445 0.18518518518518517
3 0.33402777777777776 0.7530864197530864 0.11527777777777778 0.32592592592592595
3 0.2611111111111111 0.8938271604938272 0.05555555555555555 0.17777777777777778
3 0.5354166666666667 0.7617283950617284 0.10416666666666667 0.19506172839506172
3 0.3680555555555556 0.8493827160493828 0.10833333333333334 0.21728395061728395
3 0.43472222222222223 0.8962962962962963 0.125 0.2074074074074074
3 0.7388888888888889 0.691358024691358 0.1111111111111111 0.16790123456790124
1 0.5347222222222222 0.18024691358024691 0.04722222222222222 0.08888888888888889
1 0.22291666666666668 0.7123456790123457 0.12638888888888888 0.21481481481481482
1 0.07777777777777778 0.2962962962962963 0.10277777777777777 0.16790123456790124
1 0.21875 0.06419753086419754 0.10972222222222222 0.10864197530864197
