3 0.2902777777777778 0.3987654320987654 0.075 0.09135802469135802
3 0.9 0.32592592592592595 0.06666666666666667 0.07407407407407407
3 0.6055555555555555 0.3567901234567901 0.05277777777777778 0.07654320987654321
3 0.6875 0.3728395061728395 0.06111111111111111 0.08395061728395062
3 0.6152777777777778 0.8049382716049382 0.06666666666666667 0.12839506172839507
3 0.6763888888888889 0.6395061728395062 0.06666666666666667 0.10864197530864197
1 0.5555555555555556 0.6493827160493827 0.06111111111111111 0.1037037037037037
1 0.6944444444444444 0.1345679012345679 0.03888888888888889 0.056790123456790124
1 0.6284722222222222 0.2691358024691358 0.0375 0.05925925925925926
1 0.5826388888888889 0.2679012345679012 0.034722222222222224 0.056790123456790124
1 0.5083333333333333 0.030864197530864196 0.030555555555555555 0.056790123456790124
1 0.46805555555555556 0.10617283950617284 0.03611111111111111 0.06419753086419754
1 0.40208333333333335 0.15185185185185185 0.034722222222222224 0.056790123456790124
1 0.40069444444444446 0.38271604938271603 0.04027777777777778 0.0691358024691358
1 0.19166666666666668 0.3925925925925926 0.06666666666666667 0.08395061728395062
1 0.11458333333333333 0.1308641975308642 0.043055555555555555 0.06419753086419754
