1 0.020833333333333332 0.5135802469135803 0.03611111111111111 0.08395061728395062
1 0.3701388888888889 0.3419753086419753 0.05416666666666667 0.1111111111111111
1 0.6833333333333333 0.15555555555555556 0.03333333333333333 0.05925925925925926
1 0.6319444444444444 0.05432098765432099 0.03333333333333333 0.05925925925925926
1 0.11388888888888889 0.26049382716049385 0.08055555555555556 0.12098765432098765
1 0.27708333333333335 0.5222222222222223 0.05416666666666667 0.08148148148148149
1 0.825 0.9308641975308642 0.075 0.10864197530864197
1 0.7201388888888889 0.3296296296296296 0.04027777777777778 0.06666666666666667
3 0.1673611111111111 0.562962962962963 0.06805555555555555 0.07901234567901234
3 0.5173611111111112 0.7802469135802469 0.07361111111111111 0.09876543209876543
3 0.6347222222222222 0.4469135802469136 0.03333333333333333 0.05432098765432099
1 0.8236111111111111 0.21604938271604937 0.041666666666666664 0.05185185185185185
1 0.8743055555555556 0.19753086419753085 0.029166666666666667 0.05432098765432099
0 0.7652777777777777 0.7641975308641975 0.07777777777777778 0.04691358024691358
0 0.7777777777777778 0.8345679012345679 0.058333333333333334 0.06419753086419754
3 0.9243055555555556 0.8098765432098766 0.05694444444444444 0.07407407407407407
