1 0.34375 0.2345679012345679 0.03194444444444444 0.05925925925925926
1 0.28125 0.3617283950617284 0.043055555555555555 0.07160493827160494
1 0.33125 0.4580246913580247 0.04027777777777778 0.06666666666666667
1 0.46458333333333335 0.7074074074074074 0.043055555555555555 0.0962962962962963
1 0.5229166666666667 0.6753086419753086 0.04027777777777778 0.07654320987654321
1 0.8986111111111111 0.5962962962962963 0.06388888888888888 0.10123456790123457
1 0.9534722222222223 0.8308641975308642 0.06527777777777778 0.1111111111111111
1 0.5888888888888889 0.1765432098765432 0.027777777777777776 0.04691358024691358
1 0.18888888888888888 0.8308641975308642 0.06111111111111111 0.10617283950617284
0 0.6006944444444444 0.6987654320987654 0.06527777777777778 0.05432098765432099
0 0.6826388888888889 0.7716049382716049 0.07361111111111111 0.07160493827160494
0 0.7201388888888889 0.5061728395061729 0.05416666666666667 0.0691358024691358
