1 0.49166666666666664 0.6679012345679012 0.04722222222222222 0.09135802469135802
1 0.5527777777777778 0.674074074074074 0.04722222222222222 0.07407407407407407
1 0.6347222222222222 0.7666666666666667 0.07777777777777778 0.1308641975308642
1 0.7770833333333333 0.671604938271605 0.0875 0.14814814814814814
1 0.5277777777777778 0.4839506172839506 0.06111111111111111 0.11358024691358025
1 0.3958333333333333 0.4 0.03888888888888889 0.08888888888888889
1 0.45625 0.3950617283950617 0.05138888888888889 0.08888888888888889
1 0.6354166666666666 0.08024691358024691 0.07916666666666666 0.13580246913580246
1 0.4548611111111111 0.24444444444444444 0.07361111111111111 0.12839506172839507
1 0.36736111111111114 0.23333333333333334 0.05416666666666667 0.10123456790123457
