1 0.10138888888888889 0.9580246913580247 0.06944444444444445 0.07901234567901234
1 0.26458333333333334 0.6987654320987654 0.05138888888888889 0.07901234567901234
1 0.4666666666666667 0.6876543209876543 0.06666666666666667 0.1259259259259259
1 0.7222222222222222 0.5469135802469136 0.07777777777777778 0.12098765432098765
1 0.6555555555555556 0.7481481481481481 0.08888888888888889 0.11358024691358025
1 0.7541666666666667 0.6567901234567901 0.07777777777777778 0.1037037037037037
1 0.83125 0.7567901234567901 0.08194444444444444 0.11604938271604938
1 0.8020833333333334 0.928395061728395 0.07916666666666666 0.14320987654320988
1 0.6541666666666667 0.9382716049382716 0.08055555555555556 0.12345679012345678
3 0.5930555555555556 0.7049382716049383 0.075 0.10123456790123457
