1 0.5368055555555555 0.13703703703703704 0.05694444444444444 0.10617283950617284
1 0.22152777777777777 0.25925925925925924 0.06527777777777778 0.09876543209876543
1 0.20833333333333334 0.9407407407407408 0.09444444444444444 0.11851851851851852
1 0.5715277777777777 0.817283950617284 0.06805555555555555 0.14320987654320988
1 0.6395833333333333 0.6839506172839506 0.09583333333333334 0.19753086419753085
1 0.54375 0.5358024691358024 0.059722222222222225 0.12345679012345678
1 0.6055555555555555 0.2716049382716049 0.08611111111111111 0.1728395061728395
1 0.43125 0.3567901234567901 0.08472222222222223 0.14074074074074075
1 0.4 0.08395061728395062 0.06666666666666667 0.13333333333333333
1 0.13541666666666666 0.7160493827160493 0.07916666666666666 0.1037037037037037
1 0.9638888888888889 0.10123456790123457 0.07222222222222222 0.1925925925925926
1 0.6666666666666666 0.05925925925925926 0.06944444444444445 0.11358024691358025
1 0.47152777777777777 0.20987654320987653 0.07083333333333333 0.13333333333333333
1 0.19027777777777777 0.6061728395061728 0.11388888888888889 0.1259259259259259
0 0.4861111111111111 0.6790123456790124 0.10277777777777777 0.1925925925925926
0 0.37083333333333335 0.5518518518518518 0.05277777777777778 0.11604938271604938
3 0.6513888888888889 0.4802469135802469 0.09444444444444444 0.145679012345679
3 0.8534722222222222 0.25925925925925924 0.09027777777777778 0.15308641975308643
3 0.45625 0.8024691358024691 0.07083333333333333 0.14320987654320988
2 0.43472222222222223 0.5654320987654321 0.03888888888888889 0.05925925925925926
2 0.5048611111111111 0.3950617283950617 0.020833333333333332 0.05432098765432099
