0 0.49722222222222223 0.6185185185185185 0.15555555555555556 0.19012345679012346
3 0.7652777777777777 0.5950617283950618 0.14166666666666666 0.18271604938271604
3 0.8083333333333333 0.4506172839506173 0.10833333333333334 0.13580246913580246
3 0.6159722222222223 0.774074074074074 0.09305555555555556 0.1654320987654321
3 0.4354166666666667 0.5234567901234568 0.09027777777777778 0.1382716049382716
1 0.9104166666666667 0.06049382716049383 0.1375 0.10617283950617284
1 0.7694444444444445 0.2518518518518518 0.11666666666666667 0.19753086419753085
1 0.5784722222222223 0.3567901234567901 0.09305555555555556 0.17037037037037037
1 0.4465277777777778 0.9320987654320988 0.08194444444444444 0.1308641975308642
1 0.3736111111111111 0.7407407407407407 0.05555555555555555 0.10864197530864197
1 0.29583333333333334 0.9259259259259259 0.08611111111111111 0.09876543209876543
1 0.20347222222222222 0.8407407407407408 0.0875 0.13580246913580246
1 0.24027777777777778 0.5975308641975309 0.07222222222222222 0.10864197530864197
1 0.3597222222222222 0.5753086419753086 0.06944444444444445 0.10864197530864197
1 0.41180555555555554 0.4160493827160494 0.07361111111111111 0.1111111111111111
1 0.29583333333333334 0.36049382716049383 0.058333333333333334 0.12839506172839507
1 0.3590277777777778 0.30246913580246915 0.05416666666666667 0.08148148148148149
1 0.40694444444444444 0.2308641975308642 0.07777777777777778 0.1259259259259259
1 0.49027777777777776 0.20246913580246914 0.08888888888888889 0.12839506172839507
1 0.4548611111111111 0.05432098765432099 0.0875 0.09382716049382717
