0 0.5805555555555556 0.6950617283950618 0.07777777777777778 0.18518518518518517
0 0.8298611111111112 0.2234567901234568 0.14583333333333334 0.10617283950617284
0 0.6847222222222222 0.2962962962962963 0.1111111111111111 0.09876543209876543
1 0.4270833333333333 0.9419753086419753 0.13194444444444445 0.11604938271604938
1 0.4798611111111111 0.7123456790123457 0.07083333333333333 0.17530864197530865
1 0.4777777777777778 0.4604938271604938 0.06388888888888888 0.11604938271604938
1 0.36319444444444443 0.43209876543209874 0.07916666666666666 0.13333333333333333
1 0.3888888888888889 0.5876543209876544 0.06944444444444445 0.16296296296296298
1 0.66875 0.09135802469135802 0.07916666666666666 0.14320987654320988
1 0.5756944444444444 0.07530864197530865 0.04583333333333333 0.08148148148148149
1 0.48819444444444443 0.11358024691358025 0.06805555555555555 0.12839506172839507
1 0.2298611111111111 0.6135802469135803 0.14305555555555555 0.2740740740740741
1 0.04513888888888889 0.7407407407407407 0.0875 0.24691358024691357
1 0.6381944444444444 0.42962962962962964 0.07361111111111111 0.10864197530864197
1 0.1076388888888889 0.25555555555555554 0.15416666666666667 0.2
