3 0.30486111111111114 0.6320987654320988 0.0625 0.08395061728395062
3 0.5131944444444444 0.5679012345679012 0.10138888888888889 0.14320987654320988
3 0.19652777777777777 0.8160493827160494 0.14305555555555555 0.24444444444444444
3 0.09027777777777778 0.4666666666666667 0.10277777777777777 0.12839506172839507
3 0.15 0.3308641975308642 0.09444444444444444 0.09382716049382717
1 0.7291666666666666 0.8716049382716049 0.09722222222222222 0.1580246913580247
1 0.24930555555555556 0.5358024691358024 0.10138888888888889 0.14814814814814814
1 0.7888888888888889 0.4148148148148148 0.06388888888888888 0.10864197530864197
1 0.5986111111111111 0.47901234567901235 0.06666666666666667 0.12345679012345678
1 0.5381944444444444 0.3308641975308642 0.0625 0.12345679012345678
1 0.3888888888888889 0.13703703703703704 0.06388888888888888 0.11604938271604938
1 0.20694444444444443 0.14938271604938272 0.07222222222222222 0.0962962962962963
