1 0.8361111111111111 0.05432098765432099 0.10277777777777777 0.09876543209876543
1 0.7986111111111112 0.1506172839506173 0.06944444444444445 0.1037037037037037
1 0.9104166666666667 0.15432098765432098 0.13194444444444445 0.16049382716049382
1 0.9534722222222223 0.3654320987654321 0.09305555555555556 0.1580246913580247
1 0.7472222222222222 0.37407407407407406 0.1361111111111111 0.20987654320987653
1 0.6708333333333333 0.4962962962962963 0.1111111111111111 0.17777777777777778
1 0.6583333333333333 0.9 0.11666666666666667 0.2
1 0.9166666666666666 0.9320987654320988 0.1388888888888889 0.13580246913580246
1 0.4152777777777778 0.29259259259259257 0.07777777777777778 0.1259259259259259
1 0.45625 0.7716049382716049 0.07083333333333333 0.1259259259259259
0 0.55625 0.7148148148148148 0.11805555555555555 0.20493827160493827
1 0.15416666666666667 0.7864197530864198 0.075 0.1308641975308642
1 0.23958333333333334 0.8493827160493828 0.05694444444444444 0.1037037037037037
