1 0.9048611111111111 0.4308641975308642 0.10694444444444444 0.1654320987654321
1 0.625 0.21481481481481482 0.058333333333333334 0.11851851851851852
1 0.4951388888888889 0.19753086419753085 0.04583333333333333 0.06419753086419754
1 0.4222222222222222 0.5308641975308642 0.06111111111111111 0.10864197530864197
1 0.4986111111111111 0.4382716049382716 0.075 0.10123456790123457
1 0.425 0.6901234567901234 0.09722222222222222 0.15555555555555556
1 0.8 0.6925925925925925 0.08888888888888889 0.13580246913580246
1 0.5548611111111111 0.24444444444444444 0.04583333333333333 0.08888888888888889
3 0.5972222222222222 0.5444444444444444 0.06111111111111111 0.0962962962962963
3 0.6611111111111111 0.43703703703703706 0.07777777777777778 0.09382716049382717
3 0.7604166666666666 0.5296296296296297 0.09861111111111111 0.13580246913580246
3 0.5770833333333333 0.6925925925925925 0.07361111111111111 0.10123456790123457
3 0.7458333333333333 0.9419753086419753 0.11388888888888889 0.11604938271604938
