1 0.4166666666666667 0.12469135802469136 0.041666666666666664 0.04691358024691358
1 0.7041666666666667 0.19012345679012346 0.030555555555555555 0.04938271604938271
1 0.6486111111111111 0.17777777777777778 0.027777777777777776 0.0691358024691358
1 0.5868055555555556 0.18518518518518517 0.020833333333333332 0.05432098765432099
1 0.5451388888888888 0.17407407407407408 0.02638888888888889 0.04691358024691358
3 0.9340277777777778 0.6382716049382716 0.07083333333333333 0.13580246913580246
3 0.7534722222222222 0.7641975308641975 0.11527777777777778 0.17037037037037037
3 0.5861111111111111 0.8666666666666667 0.06666666666666667 0.13333333333333333
3 0.2076388888888889 0.4604938271604938 0.043055555555555555 0.08641975308641975
3 0.1527777777777778 0.45555555555555555 0.05555555555555555 0.08641975308641975
1 0.3125 0.35432098765432096 0.06388888888888888 0.10123456790123457
