3 0.09305555555555556 0.16296296296296298 0.18333333333333332 0.32098765432098764
0 0.6451388888888889 0.8814814814814815 0.07916666666666666 0.13333333333333333
1 0.4361111111111111 0.8135802469135802 0.13333333333333333 0.23950617283950618
1 0.5118055555555555 0.4888888888888889 0.15694444444444444 0.32592592592592595
1 0.6215277777777778 0.3160493827160494 0.13194444444444445 0.23209876543209876
1 0.6826388888888889 0.07407407407407407 0.11527777777777778 0.1382716049382716
1 0.8666666666666667 0.2506172839506173 0.14722222222222223 0.21975308641975308
1 0.7770833333333333 0.519753086419753 0.12361111111111112 0.22962962962962963
1 0.24027777777777778 0.9098765432098765 0.11666666666666667 0.1506172839506173
1 0.06388888888888888 0.8814814814814815 0.11944444444444445 0.23703703703703705
