0 0.95 0.7802469135802469 0.1 0.12839506172839507
0 0.4673611111111111 0.4740740740740741 0.09305555555555556 0.12839506172839507
0 0.3770833333333333 0.4283950617283951 0.04027777777777778 0.12098765432098765
0 0.6680555555555555 0.5234567901234568 0.10277777777777777 0.24691358024691357
0 0.5236111111111111 0.8123456790123457 0.17222222222222222 0.1037037037037037
3 0.45416666666666666 0.9444444444444444 0.1 0.1111111111111111
1 0.2520833333333333 0.2691358024691358 0.05138888888888889 0.09382716049382717
1 0.2833333333333333 0.7222222222222222 0.075 0.14074074074074075
1 0.24305555555555555 0.5111111111111111 0.09166666666666666 0.11358024691358025
1 0.41041666666666665 0.27283950617283953 0.07083333333333333 0.0962962962962963
1 0.4326388888888889 0.1617283950617284 0.04583333333333333 0.08641975308641975
1 0.5486111111111112 0.5061728395061729 0.05277777777777778 0.13333333333333333
1 0.5069444444444444 0.3395061728395062 0.04722222222222222 0.0962962962962963
1 0.5708333333333333 0.31234567901234567 0.07222222222222222 0.14074074074074075
1 0.5305555555555556 0.12469135802469136 0.06944444444444445 0.11604938271604938
1 0.4388888888888889 0.04197530864197531 0.03611111111111111 0.05925925925925926
1 0.37569444444444444 0.09135802469135802 0.05138888888888889 0.08888888888888889
