1 0.3888888888888889 0.3037037037037037 0.06388888888888888 0.11358024691358025
0 0.7416666666666667 0.7617283950617284 0.14722222222222223 0.17037037037037037
0 0.6055555555555555 0.6259259259259259 0.06111111111111111 0.21975308641975308
3 0.81875 0.04691358024691358 0.1125 0.08888888888888889
3 0.5451388888888888 0.3271604938271605 0.12638888888888888 0.20493827160493827
1 0.8555555555555555 0.671604938271605 0.1 0.16296296296296298
1 0.6611111111111111 0.41728395061728396 0.09444444444444444 0.1580246913580247
1 0.9416666666666667 0.33827160493827163 0.11666666666666667 0.21728395061728395
1 0.7631944444444444 0.09753086419753086 0.05138888888888889 0.1111111111111111
1 0.7118055555555556 0.23950617283950618 0.07361111111111111 0.12839506172839507
1 0.6354166666666666 0.09506172839506173 0.09305555555555556 0.16049382716049382
1 0.4 0.9320987654320988 0.08611111111111111 0.13580246913580246
1 0.4152777777777778 0.7765432098765432 0.10833333333333334 0.17530864197530865
