3 0.8930555555555556 0.5308641975308642 0.07222222222222222 0.09382716049382717
3 0.5305555555555556 0.9345679012345679 0.125 0.1308641975308642
1 0.7222222222222222 0.20987654320987653 0.08055555555555556 0.12839506172839507
1 0.7006944444444444 0.06666666666666667 0.06805555555555555 0.09382716049382717
1 0.6340277777777777 0.29012345679012347 0.07083333333333333 0.1259259259259259
0 0.6722222222222223 0.5864197530864198 0.12222222222222222 0.20493827160493827
3 0.5409722222222222 0.22469135802469137 0.0625 0.09382716049382717
3 0.5006944444444444 0.32469135802469135 0.09305555555555556 0.1308641975308642
0 0.2701388888888889 0.28641975308641976 0.18194444444444444 0.1037037037037037
3 0.3715277777777778 0.4382716049382716 0.09027777777777778 0.13580246913580246
3 0.20555555555555555 0.19753086419753085 0.10555555555555556 0.11851851851851852
1 0.7361111111111112 0.9160493827160494 0.08333333333333333 0.16790123456790124
1 0.043055555555555555 0.5333333333333333 0.075 0.11851851851851852
1 0.15902777777777777 0.7765432098765432 0.1125 0.19506172839506172
1 0.17847222222222223 0.5530864197530864 0.09305555555555556 0.14814814814814814
1 0.10972222222222222 0.36666666666666664 0.08055555555555556 0.10617283950617284
1 0.55 0.05432098765432099 0.10555555555555556 0.09876543209876543
1 0.37430555555555556 0.08641975308641975 0.09305555555555556 0.14320987654320988
1 0.18541666666666667 0.05308641975308642 0.0875 0.08148148148148149
1 0.1 0.1962962962962963 0.08611111111111111 0.1111111111111111
