1 0.08194444444444444 0.29506172839506173 0.08333333333333333 0.0962962962962963
1 0.4673611111111111 0.5432098765432098 0.0875 0.14320987654320988
1 0.4270833333333333 0.29259259259259257 0.04583333333333333 0.056790123456790124
1 0.47638888888888886 0.35185185185185186 0.06388888888888888 0.10617283950617284
1 0.5923611111111111 0.6666666666666666 0.09305555555555556 0.16296296296296298
1 0.46041666666666664 0.9209876543209876 0.10972222222222222 0.1580246913580247
1 0.6666666666666666 0.5518518518518518 0.09166666666666666 0.14074074074074075
1 0.6909722222222222 0.774074074074074 0.0875 0.08148148148148149
1 0.5395833333333333 0.1419753086419753 0.05416666666666667 0.07654320987654321
1 0.5472222222222223 0.21975308641975308 0.06666666666666667 0.09382716049382717
1 0.6076388888888888 0.16419753086419753 0.05138888888888889 0.08148148148148149
1 0.6340277777777777 0.2765432098765432 0.07361111111111111 0.08888888888888889
1 0.6506944444444445 0.3925925925925926 0.0875 0.15308641975308643
0 0.3138888888888889 0.48271604938271606 0.08333333333333333 0.21481481481481482
