2 0.3902777777777778 0.9074074074074074 0.11944444444444445 0.18518518518518517
1 0.2465277777777778 0.05802469135802469 0.09305555555555556 0.1111111111111111
1 0.5465277777777777 0.050617283950617285 0.10138888888888889 0.0962962962962963
1 0.7145833333333333 0.056790123456790124 0.0875 0.1037037037037037
1 0.9159722222222222 0.10864197530864197 0.10138888888888889 0.14320987654320988
1 0.6847222222222222 0.24938271604938272 0.125 0.19753086419753085
1 0.8361111111111111 0.2740740740740741 0.12222222222222222 0.18271604938271604
1 0.9423611111111111 0.5 0.11527777777777778 0.18518518518518517
1 0.625 0.6246913580246913 0.07222222222222222 0.1382716049382716
1 0.3763888888888889 0.5567901234567901 0.10833333333333334 0.16049382716049382
1 0.7458333333333333 0.9592592592592593 0.06666666666666667 0.08148148148148149
1 0.24930555555555556 0.6111111111111112 0.08194444444444444 0.1111111111111111
1 0.14652777777777778 0.6333333333333333 0.09027777777777778 0.14074074074074075
1 0.8402777777777778 0.6172839506172839 0.07222222222222222 0.11358024691358025
1 0.034027777777777775 0.6172839506172839 0.0625 0.1382716049382716
