1 0.43472222222222223 0.5148148148148148 0.07222222222222222 0.1259259259259259
1 0.07777777777777778 0.4222222222222222 0.10555555555555556 0.18271604938271604
1 0.8458333333333333 0.18271604938271604 0.06666666666666667 0.11358024691358025
1 0.6284722222222222 0.4604938271604938 0.043055555555555555 0.07160493827160494
3 0.625 0.5938271604938271 0.08055555555555556 0.1111111111111111
3 0.7659722222222223 0.6111111111111112 0.07361111111111111 0.12098765432098765
2 0.5472222222222223 0.7012345679012346 0.05277777777777778 0.07407407407407407
0 0.8125 0.8037037037037037 0.1388888888888889 0.18024691358024691
0 0.9604166666666667 0.7506172839506173 0.07916666666666666 0.12345679012345678
3 0.6729166666666667 0.40370370370370373 0.0625 0.07160493827160494
