1 0.13819444444444445 0.7691358024691358 0.07361111111111111 0.08641975308641975
1 0.10138888888888889 0.9234567901234568 0.08333333333333333 0.15308641975308643
1 0.4041666666666667 0.8604938271604938 0.08055555555555556 0.12098765432098765
1 0.4305555555555556 0.7222222222222222 0.05555555555555555 0.07654320987654321
1 0.3486111111111111 0.7271604938271605 0.044444444444444446 0.056790123456790124
1 0.5097222222222222 0.9604938271604938 0.058333333333333334 0.07901234567901234
2 0.5152777777777777 0.845679012345679 0.08333333333333333 0.11604938271604938
0 0.9388888888888889 0.5320987654320988 0.12222222222222222 0.09135802469135802
0 0.5409722222222222 0.7024691358024692 0.043055555555555555 0.16049382716049382
0 0.6881944444444444 0.8654320987654321 0.10138888888888889 0.2691358024691358
