3 0.1701388888888889 0.9567901234567902 0.09861111111111111 0.08641975308641975
2 0.15347222222222223 0.8987654320987655 0.07361111111111111 0.0691358024691358
1 0.23402777777777778 0.09012345679012346 0.06805555555555555 0.1111111111111111
1 0.36736111111111114 0.24320987654320989 0.0625 0.12098765432098765
1 0.9083333333333333 0.16666666666666666 0.06111111111111111 0.10123456790123457
1 0.7069444444444445 0.3851851851851852 0.041666666666666664 0.05925925925925926
3 0.7111111111111111 0.4617283950617284 0.06388888888888888 0.09382716049382717
0 0.8666666666666667 0.5876543209876544 0.09444444444444444 0.1382716049382716
2 0.30694444444444446 0.9432098765432099 0.075 0.11358024691358025
0 0.7166666666666667 0.9197530864197531 0.175 0.16049382716049382
