1 0.3951388888888889 0.08641975308641975 0.07361111111111111 0.13333333333333333
1 0.5458333333333333 0.2308641975308642 0.1 0.17037037037037037
1 0.4625 0.2641975308641975 0.075 0.14814814814814814
1 0.6465277777777778 0.4024691358024691 0.10972222222222222 0.1728395061728395
1 0.2826388888888889 0.38395061728395063 0.07083333333333333 0.1506172839506173
1 0.35833333333333334 0.5580246913580247 0.09166666666666666 0.1580246913580247
1 0.15138888888888888 0.20123456790123456 0.12222222222222222 0.1506172839506173
1 0.03194444444444444 0.7777777777777778 0.06111111111111111 0.17777777777777778
1 0.23958333333333334 0.9444444444444444 0.09861111111111111 0.1111111111111111
1 0.06180555555555556 0.9580246913580247 0.07916666666666666 0.08395061728395062
0 0.6652777777777777 0.7024691358024692 0.16111111111111112 0.23950617283950618
