3 0.85625 0.3617283950617284 0.05694444444444444 0.08641975308641975
3 0.6097222222222223 0.6049382716049383 0.08333333333333333 0.11358024691358025
1 0.175 0.3 0.041666666666666664 0.08148148148148149
1 0.2604166666666667 0.3802469135802469 0.05138888888888889 0.09382716049382717
1 0.2263888888888889 0.29259259259259257 0.05555555555555555 0.09135802469135802
1 0.25416666666666665 0.0691358024691358 0.06944444444444445 0.12345679012345678
1 0.9819444444444444 0.23950617283950618 0.03611111111111111 0.07901234567901234
1 0.9729166666666667 0.15432098765432098 0.05416666666666667 0.08148148148148149
1 0.9409722222222222 0.06419753086419754 0.07083333333333333 0.08395061728395062
1 0.8743055555555556 0.16296296296296298 0.059722222222222225 0.08888888888888889
1 0.8027777777777778 0.18641975308641975 0.06111111111111111 0.09135802469135802
1 0.7118055555555556 0.11851851851851852 0.04583333333333333 0.06419753086419754
1 0.6847222222222222 0.23580246913580247 0.041666666666666664 0.06172839506172839
1 0.63125 0.2123456790123457 0.05138888888888889 0.08395061728395062
1 0.5826388888888889 0.2074074074074074 0.04861111111111111 0.08395061728395062
1 0.6194444444444445 0.32839506172839505 0.06388888888888888 0.09382716049382717
1 0.5048611111111111 0.36790123456790125 0.05138888888888889 0.1037037037037037
1 0.40902777777777777 0.4580246913580247 0.05138888888888889 0.07654320987654321
1 0.3215277777777778 0.5814814814814815 0.05416666666666667 0.08148148148148149
1 0.39861111111111114 0.5876543209876544 0.04722222222222222 0.08888888888888889
1 0.7097222222222223 0.774074074074074 0.09166666666666666 0.145679012345679
1 0.5284722222222222 0.6641975308641975 0.07083333333333333 0.12345679012345678
1 0.3 0.8308641975308642 0.09722222222222222 0.1506172839506173
