0 0.7194444444444444 0.46296296296296297 0.05277777777777778 0.056790123456790124
1 0.2534722222222222 0.21975308641975308 0.07361111111111111 0.08888888888888889
1 0.49027777777777776 0.2617283950617284 0.04722222222222222 0.09876543209876543
1 0.5388888888888889 0.29259259259259257 0.05277777777777778 0.07160493827160494
1 0.5652777777777778 0.16790123456790124 0.044444444444444446 0.06419753086419754
1 0.4527777777777778 0.4160493827160494 0.05277777777777778 0.12098765432098765
1 0.5673611111111111 0.5864197530864198 0.07361111111111111 0.14074074074074075
1 0.39652777777777776 0.6975308641975309 0.0763888888888889 0.1259259259259259
1 0.5243055555555556 0.8320987654320988 0.05138888888888889 0.10864197530864197
3 0.11319444444444444 0.3358024691358025 0.07361111111111111 0.06419753086419754
0 0.9430555555555555 0.5123456790123457 0.1111111111111111 0.12098765432098765
0 0.31319444444444444 0.16666666666666666 0.05416666666666667 0.05185185185185185
