0 0.9180555555555555 0.2654320987654321 0.125 0.07160493827160494
1 0.052083333333333336 0.26666666666666666 0.09305555555555556 0.10864197530864197
1 0.3597222222222222 0.16790123456790124 0.04722222222222222 0.08395061728395062
1 0.40694444444444444 0.20864197530864198 0.06666666666666667 0.10617283950617284
1 0.3451388888888889 0.3987654320987654 0.0763888888888889 0.16049382716049382
1 0.4777777777777778 0.5641975308641975 0.09166666666666666 0.15555555555555556
1 0.29097222222222224 0.7814814814814814 0.10138888888888889 0.17037037037037037
1 0.47638888888888886 0.837037037037037 0.08333333333333333 0.12839506172839507
1 0.9701388888888889 0.48148148148148145 0.059722222222222225 0.1925925925925926
1 0.4513888888888889 0.0345679012345679 0.05555555555555555 0.05925925925925926
