1 0.20555555555555555 0.8444444444444444 0.08333333333333333 0.13333333333333333
1 0.3347222222222222 0.3037037037037037 0.07222222222222222 0.12345679012345678
1 0.11597222222222223 0.41975308641975306 0.07083333333333333 0.1037037037037037
1 0.049305555555555554 0.4024691358024691 0.0625 0.1037037037037037
1 0.11527777777777778 0.32839506172839505 0.06944444444444445 0.07901234567901234
1 0.07847222222222222 0.11604938271604938 0.0625 0.08395061728395062
1 0.17569444444444443 0.254320987654321 0.05694444444444444 0.08395061728395062
1 0.1909722222222222 0.13209876543209875 0.05694444444444444 0.08641975308641975
2 0.5388888888888889 0.47160493827160493 0.08611111111111111 0.12839506172839507
0 0.34097222222222223 0.5604938271604938 0.1125 0.17777777777777778
3 0.6743055555555556 0.4345679012345679 0.10416666666666667 0.14814814814814814
0 0.6881944444444444 0.7123456790123457 0.06527777777777778 0.28888888888888886
