1 0.2881944444444444 0.07037037037037037 0.05694444444444444 0.0962962962962963
1 0.3326388888888889 0.24444444444444444 0.05694444444444444 0.10864197530864197
1 0.4097222222222222 0.19135802469135801 0.044444444444444446 0.08641975308641975
1 0.4618055555555556 0.24567901234567902 0.04583333333333333 0.07654320987654321
1 0.5166666666666667 0.20864197530864198 0.041666666666666664 0.08641975308641975
1 0.6041666666666666 0.18271604938271604 0.041666666666666664 0.06419753086419754
1 0.5958333333333333 0.30493827160493825 0.04722222222222222 0.08148148148148149
1 0.425 0.04567901234567901 0.044444444444444446 0.07654320987654321
1 0.34791666666666665 0.8432098765432099 0.09027777777777778 0.12098765432098765
1 0.4618055555555556 0.8074074074074075 0.06527777777777778 0.10864197530864197
1 0.575 0.8333333333333334 0.05555555555555555 0.09135802469135802
1 0.6361111111111111 0.9567901234567902 0.08333333333333333 0.08641975308641975
1 0.9486111111111111 0.3617283950617284 0.041666666666666664 0.07654320987654321
