1 0.7590277777777777 0.4024691358024691 0.0875 0.13333333333333333
1 0.9166666666666666 0.24567901234567902 0.10833333333333334 0.1654320987654321
1 0.8770833333333333 0.6395061728395062 0.10138888888888889 0.16296296296296298
1 0.6743055555555556 0.6679012345679012 0.07361111111111111 0.1506172839506173
1 0.5444444444444444 0.5790123456790124 0.058333333333333334 0.0962962962962963
1 0.47430555555555554 0.754320987654321 0.06805555555555555 0.11604938271604938
1 0.6270833333333333 0.9037037037037037 0.09305555555555556 0.16296296296296298
1 0.6131944444444445 0.17407407407407408 0.059722222222222225 0.06666666666666667
1 0.6444444444444445 0.24074074074074073 0.08055555555555556 0.1259259259259259
0 0.6111111111111112 0.42345679012345677 0.13055555555555556 0.1308641975308642
3 0.6847222222222222 0.4876543209876543 0.058333333333333334 0.1259259259259259
