2 0.05416666666666667 0.5061728395061729 0.08333333333333333 0.14320987654320988
2 0.5256944444444445 0.7567901234567901 0.0375 0.07160493827160494
2 0.4375 0.691358024691358 0.05277777777777778 0.09876543209876543
2 0.6993055555555555 0.35802469135802467 0.05694444444444444 0.07407407407407407
2 0.2361111111111111 0.6333333333333333 0.03611111111111111 0.04197530864197531
2 0.3590277777777778 0.5703703703703704 0.05694444444444444 0.08888888888888889
2 0.41944444444444445 0.38271604938271603 0.041666666666666664 0.05925925925925926
2 0.5159722222222223 0.6160493827160494 0.09583333333333334 0.16049382716049382
3 0.6722222222222223 0.6185185185185185 0.12777777777777777 0.18518518518518517
3 0.35625 0.8333333333333334 0.05694444444444444 0.11604938271604938
0 0.25625 0.6901234567901234 0.14027777777777778 0.17530864197530865
0 0.18472222222222223 0.5518518518518518 0.16111111111111112 0.0962962962962963
1 0.05694444444444444 0.9567901234567902 0.10277777777777777 0.08641975308641975
1 0.275 0.3148148148148148 0.08611111111111111 0.1506172839506173
1 0.11041666666666666 0.04814814814814815 0.07916666666666666 0.08641975308641975
1 0.075 0.1925925925925926 0.05555555555555555 0.09382716049382717
