3 0.63125 0.13209876543209875 0.09305555555555556 0.1308641975308642
3 0.5652777777777778 0.07407407407407407 0.06944444444444445 0.12345679012345678
0 0.5319444444444444 0.7209876543209877 0.2 0.24691358024691357
2 0.07916666666666666 0.2074074074074074 0.06944444444444445 0.1037037037037037
1 0.9368055555555556 0.04938271604938271 0.12638888888888888 0.09382716049382717
1 0.7194444444444444 0.03950617283950617 0.08055555555555556 0.07407407407407407
1 0.47638888888888886 0.17037037037037037 0.06944444444444445 0.11358024691358025
1 0.3597222222222222 0.1765432098765432 0.06944444444444445 0.1111111111111111
1 0.15763888888888888 0.4 0.06805555555555555 0.11851851851851852
1 0.18333333333333332 0.2641975308641975 0.07222222222222222 0.10864197530864197
1 0.46944444444444444 0.3333333333333333 0.06388888888888888 0.10864197530864197
1 0.5291666666666667 0.3654320987654321 0.06944444444444445 0.13333333333333333
1 0.6270833333333333 0.3506172839506173 0.08472222222222223 0.15308641975308643
1 0.9611111111111111 0.5851851851851851 0.07777777777777778 0.2419753086419753
1 0.8541666666666666 0.3530864197530864 0.1361111111111111 0.2222222222222222
1 0.7118055555555556 0.5172839506172839 0.0875 0.17530864197530865
1 0.6861111111111111 0.7641975308641975 0.08333333333333333 0.17530864197530865
1 0.43680555555555556 0.6555555555555556 0.07361111111111111 0.145679012345679
1 0.27361111111111114 0.7 0.075 0.13580246913580246
