3 0.5243055555555556 0.3012345679012346 0.08194444444444444 0.16296296296296298
1 0.043055555555555555 0.39012345679012345 0.07777777777777778 0.15308641975308643
1 0.3333333333333333 0.24814814814814815 0.07777777777777778 0.1259259259259259
1 0.36180555555555555 0.4382716049382716 0.09027777777777778 0.15555555555555556
1 0.06180555555555556 0.8395061728395061 0.11805555555555555 0.21728395061728395
1 0.28958333333333336 0.9111111111111111 0.10972222222222222 0.17777777777777778
1 0.42291666666666666 0.8234567901234567 0.0875 0.145679012345679
1 0.5180555555555556 0.43209876543209874 0.08888888888888889 0.14814814814814814
1 0.5951388888888889 0.6148148148148148 0.09027777777777778 0.14814814814814814
1 0.7430555555555556 0.5851851851851851 0.09444444444444444 0.14320987654320988
1 0.7055555555555556 0.7839506172839507 0.09166666666666666 0.17037037037037037
1 0.59375 0.4666666666666667 0.06805555555555555 0.13333333333333333
1 0.6506944444444445 0.3333333333333333 0.06805555555555555 0.10864197530864197
1 0.7284722222222222 0.3790123456790123 0.08194444444444444 0.12098765432098765
1 0.7416666666666667 0.09382716049382717 0.08055555555555556 0.13333333333333333
1 0.3145833333333333 0.1580246913580247 0.059722222222222225 0.05925925925925926
1 0.36180555555555555 0.1345679012345679 0.05138888888888889 0.0962962962962963
1 0.41597222222222224 0.16049382716049382 0.07361111111111111 0.05925925925925926
0 0.4583333333333333 0.5098765432098765 0.06388888888888888 0.2641975308641975
0 0.6034722222222222 0.8012345679012346 0.15694444444444444 0.24938271604938272
0 0.9152777777777777 0.1962962962962963 0.1361111111111111 0.0962962962962963
