1 0.07847222222222222 0.7703703703703704 0.14583333333333334 0.2271604938271605
1 0.39166666666666666 0.6308641975308642 0.1 0.18518518518518517
1 0.16458333333333333 0.9246913580246914 0.15416666666666667 0.1506172839506173
1 0.3958333333333333 0.9111111111111111 0.08611111111111111 0.1728395061728395
1 0.6097222222222223 0.7975308641975308 0.09166666666666666 0.16790123456790124
1 0.7736111111111111 0.9148148148148149 0.10833333333333334 0.17037037037037037
1 0.5673611111111111 0.9530864197530864 0.11805555555555555 0.09382716049382717
1 0.48055555555555557 0.037037037037037035 0.08888888888888889 0.06419753086419754
3 0.5076388888888889 0.2345679012345679 0.13194444444444445 0.2222222222222222
3 0.5097222222222222 0.7049382716049383 0.13055555555555556 0.2938271604938272
3 0.5777777777777777 0.5259259259259259 0.11388888888888889 0.20246913580246914
3 0.6458333333333334 0.4012345679012346 0.08611111111111111 0.13580246913580246
3 0.7291666666666666 0.38395061728395063 0.09444444444444444 0.1654320987654321
0 0.22708333333333333 0.6950617283950618 0.08194444444444444 0.3333333333333333
0 0.8215277777777777 0.5469135802469136 0.059722222222222225 0.25925925925925924
1 0.8388888888888889 0.050617283950617285 0.06388888888888888 0.0962962962962963
