2 0.5625 0.7987654320987654 0.09166666666666666 0.14074074074074075
1 0.5409722222222222 0.145679012345679 0.05694444444444444 0.09382716049382717
1 0.7423611111111111 0.1580246913580247 0.06805555555555555 0.09876543209876543
1 0.8513888888888889 0.18518518518518517 0.06388888888888888 0.11851851851851852
1 0.8263888888888888 0.3074074074074074 0.08333333333333333 0.13580246913580246
1 0.9381944444444444 0.35802469135802467 0.08472222222222223 0.13333333333333333
1 0.9826388888888888 0.5074074074074074 0.034722222222222224 0.1308641975308642
1 0.7513888888888889 0.6530864197530865 0.06944444444444445 0.10617283950617284
1 0.6 0.4728395061728395 0.08333333333333333 0.145679012345679
1 0.48125 0.49135802469135803 0.09861111111111111 0.1382716049382716
1 0.3611111111111111 0.4444444444444444 0.06944444444444445 0.1037037037037037
1 0.2708333333333333 0.4049382716049383 0.07777777777777778 0.12345679012345678
1 0.03819444444444445 0.4641975308641975 0.07361111111111111 0.15308641975308643
3 0.12638888888888888 0.22839506172839505 0.08055555555555556 0.12098765432098765
3 0.38333333333333336 0.06172839506172839 0.05555555555555555 0.09382716049382717
3 0.5118055555555555 0.04691358024691358 0.04861111111111111 0.07901234567901234
