0 0.46944444444444444 0.7308641975308642 0.11944444444444445 0.12839506172839507
0 0.3 0.26666666666666666 0.04722222222222222 0.14814814814814814
3 0.9569444444444445 0.7098765432098766 0.08611111111111111 0.20987654320987653
3 0.4236111111111111 0.9234567901234568 0.10555555555555556 0.15308641975308643
3 0.6597222222222222 0.8160493827160494 0.06666666666666667 0.1259259259259259
3 0.45 0.19382716049382717 0.06944444444444445 0.145679012345679
3 0.3611111111111111 0.6691358024691358 0.06388888888888888 0.10864197530864197
1 0.5694444444444444 0.5814814814814815 0.08333333333333333 0.13580246913580246
1 0.58125 0.40370370370370373 0.09305555555555556 0.14074074074074075
1 0.5763888888888888 0.21975308641975308 0.1111111111111111 0.17777777777777778
1 0.4388888888888889 0.5987654320987654 0.075 0.145679012345679
1 0.4395833333333333 0.3790123456790123 0.08194444444444444 0.145679012345679
1 0.45625 0.03580246913580247 0.0763888888888889 0.06172839506172839
1 0.22916666666666666 0.5049382716049383 0.08611111111111111 0.11604938271604938
1 0.025694444444444443 0.5975308641975309 0.04583333333333333 0.09876543209876543
