1 0.03958333333333333 0.8567901234567902 0.06527777777777778 0.1382716049382716
1 0.05 0.5864197530864198 0.09166666666666666 0.14074074074074075
1 0.03333333333333333 0.43580246913580245 0.058333333333333334 0.15555555555555556
3 0.12986111111111112 0.7135802469135802 0.10416666666666667 0.1925925925925926
3 0.28958333333333336 0.10246913580246914 0.0625 0.0962962962962963
3 0.2881944444444444 0.2679012345679012 0.0763888888888889 0.12098765432098765
3 0.1388888888888889 0.3962962962962963 0.06388888888888888 0.14074074074074075
3 0.6020833333333333 0.8962962962962963 0.0875 0.11851851851851852
2 0.5180555555555556 0.5 0.041666666666666664 0.07654320987654321
2 0.48541666666666666 0.5777777777777777 0.0375 0.08888888888888889
0 0.6180555555555556 0.7469135802469136 0.13055555555555556 0.17530864197530865
