0 0.25763888888888886 0.39382716049382716 0.05138888888888889 0.10617283950617284
3 0.35208333333333336 0.3506172839506173 0.07916666666666666 0.10864197530864197
3 0.29444444444444445 0.8518518518518519 0.17222222222222222 0.2419753086419753
3 0.7277777777777777 0.8938271604938272 0.09722222222222222 0.2123456790123457
1 0.12361111111111112 0.8864197530864197 0.2 0.2271604938271605
1 0.09166666666666666 0.6567901234567901 0.13055555555555556 0.1580246913580247
1 0.33819444444444446 0.6469135802469136 0.11527777777777778 0.16790123456790124
1 0.575 0.48641975308641977 0.06388888888888888 0.1037037037037037
1 0.48819444444444443 0.4925925925925926 0.07916666666666666 0.12098765432098765
1 0.3798611111111111 0.4839506172839506 0.08194444444444444 0.14320987654320988
1 0.14027777777777778 0.3790123456790123 0.07777777777777778 0.0962962962962963
1 0.03125 0.40987654320987654 0.05416666666666667 0.14320987654320988
