0 0.3638888888888889 0.41358024691358025 0.05555555555555555 0.1259259259259259
0 0.4027777777777778 0.5469135802469136 0.058333333333333334 0.22962962962962963
0 0.6208333333333333 0.5567901234567901 0.12777777777777777 0.2938271604938272
0 0.47638888888888886 0.3691358024691358 0.075 0.08641975308641975
3 0.5736111111111111 0.7691358024691358 0.06388888888888888 0.10617283950617284
1 0.2611111111111111 0.17901234567901234 0.03333333333333333 0.06172839506172839
1 0.4097222222222222 0.07160493827160494 0.03888888888888889 0.0691358024691358
1 0.2826388888888889 0.4728395061728395 0.05138888888888889 0.09135802469135802
1 0.23472222222222222 0.4160493827160494 0.06111111111111111 0.0962962962962963
1 0.2604166666666667 0.9617283950617284 0.09305555555555556 0.07654320987654321
