0 0.3486111111111111 0.2876543209876543 0.1 0.08148148148148149
1 0.10347222222222222 0.2308641975308642 0.09583333333333334 0.145679012345679
3 0.69375 0.3802469135802469 0.08472222222222223 0.16296296296296298
3 0.7847222222222222 0.38765432098765434 0.08333333333333333 0.15308641975308643
3 0.2048611111111111 0.37777777777777777 0.0875 0.13333333333333333
0 0.42430555555555555 0.03827160493827161 0.09027777777777778 0.07160493827160494
0 0.5 0.1345679012345679 0.10555555555555556 0.08148148148148149
0 0.6145833333333334 0.25308641975308643 0.12638888888888888 0.1111111111111111
0 0.7 0.6197530864197531 0.12222222222222222 0.1580246913580247
0 0.08194444444444444 0.7691358024691358 0.12222222222222222 0.08148148148148149
0 0.049305555555555554 0.5728395061728395 0.0875 0.14814814814814814
