1 0.07430555555555556 0.8938271604938272 0.10138888888888889 0.1925925925925926
1 0.4625 0.8938271604938272 0.12222222222222222 0.2123456790123457
1 0.8020833333333334 0.7987654320987654 0.13472222222222222 0.19012345679012346
1 0.7458333333333333 0.582716049382716 0.08055555555555556 0.16296296296296298
1 0.9381944444444444 0.454320987654321 0.12361111111111112 0.17777777777777778
1 0.8409722222222222 0.19506172839506172 0.10972222222222222 0.1728395061728395
1 0.6069444444444444 0.3469135802469136 0.10555555555555556 0.15555555555555556
1 0.4131944444444444 0.5790123456790124 0.11527777777777778 0.1506172839506173
3 0.5576388888888889 0.8506172839506173 0.0763888888888889 0.20987654320987653
0 0.16041666666666668 0.8814814814814815 0.059722222222222225 0.23209876543209876
3 0.1951388888888889 0.6271604938271605 0.09583333333333334 0.1728395061728395
2 0.4361111111111111 0.20123456790123456 0.04722222222222222 0.08641975308641975
1 0.09375 0.3925925925925926 0.06527777777777778 0.09876543209876543
