1 0.04652777777777778 0.9271604938271605 0.0875 0.145679012345679
1 0.15763888888888888 0.9407407407407408 0.12638888888888888 0.11851851851851852
1 0.2861111111111111 0.8592592592592593 0.09166666666666666 0.13333333333333333
1 0.37222222222222223 0.9308641975308642 0.10833333333333334 0.12839506172839507
1 0.5 0.9567901234567902 0.10277777777777777 0.08641975308641975
3 0.375 0.6172839506172839 0.06666666666666667 0.12839506172839507
3 0.28888888888888886 0.7407407407407407 0.08888888888888889 0.11358024691358025
3 0.4597222222222222 0.7777777777777778 0.13055555555555556 0.17777777777777778
0 0.7868055555555555 0.5148148148148148 0.11527777777777778 0.22469135802469137
0 0.5854166666666667 0.7716049382716049 0.11527777777777778 0.11604938271604938
0 0.5298611111111111 0.43333333333333335 0.08472222222222223 0.08641975308641975
2 0.9048611111111111 0.682716049382716 0.05138888888888889 0.10123456790123457
