1 0.44166666666666665 0.5074074074074074 0.06111111111111111 0.10617283950617284
1 0.47291666666666665 0.7444444444444445 0.09027777777777778 0.145679012345679
1 0.5777777777777777 0.908641975308642 0.07222222222222222 0.11358024691358025
3 0.17708333333333334 0.6271604938271605 0.06805555555555555 0.08888888888888889
3 0.13680555555555557 0.9074074074074074 0.06805555555555555 0.09135802469135802
3 0.4875 0.41728395061728396 0.058333333333333334 0.08888888888888889
3 0.5618055555555556 0.3962962962962963 0.05694444444444444 0.09135802469135802
3 0.6895833333333333 0.4666666666666667 0.0625 0.08395061728395062
3 0.5027777777777778 0.8740740740740741 0.05555555555555555 0.11358024691358025
3 0.3548611111111111 0.8950617283950617 0.05138888888888889 0.08148148148148149
2 0.9368055555555556 0.8432098765432099 0.0875 0.12098765432098765
0 0.625 0.4308641975308642 0.08333333333333333 0.06666666666666667
0 0.39444444444444443 0.44320987654320987 0.05555555555555555 0.06666666666666667
