3 0.41041666666666665 0.762962962962963 0.07916666666666666 0.13333333333333333
3 0.4909722222222222 0.9333333333333333 0.1375 0.13333333333333333
3 0.40902777777777777 0.9061728395061729 0.07083333333333333 0.10864197530864197
3 0.3090277777777778 0.9098765432098765 0.10416666666666667 0.13580246913580246
3 0.5291666666666667 0.4074074074074074 0.08055555555555556 0.13333333333333333
3 0.38680555555555557 0.48148148148148145 0.07361111111111111 0.14814814814814814
3 0.33125 0.4283950617283951 0.05694444444444444 0.0962962962962963
0 0.63125 0.9395061728395062 0.12361111111111112 0.12098765432098765
0 0.8618055555555556 0.671604938271605 0.12638888888888888 0.24691358024691357
0 0.5868055555555556 0.554320987654321 0.09027777777777778 0.0962962962962963
