1 0.043055555555555555 0.4925925925925926 0.08055555555555556 0.11604938271604938
1 0.16319444444444445 0.6666666666666666 0.10138888888888889 0.12345679012345678
1 0.27152777777777776 0.6950617283950618 0.10972222222222222 0.1654320987654321
1 0.39444444444444443 0.6135802469135803 0.075 0.10123456790123457
1 0.4791666666666667 0.7148148148148148 0.09722222222222222 0.145679012345679
1 0.6027777777777777 0.7641975308641975 0.10277777777777777 0.15555555555555556
1 0.7569444444444444 0.8530864197530864 0.1111111111111111 0.1654320987654321
1 0.5743055555555555 0.945679012345679 0.06805555555555555 0.10864197530864197
1 0.35347222222222224 0.8691358024691358 0.09861111111111111 0.15308641975308643
1 0.18194444444444444 0.9012345679012346 0.13055555555555556 0.18271604938271604
1 0.05 0.9074074074074074 0.09722222222222222 0.17037037037037037
3 0.4736111111111111 0.4160493827160494 0.09166666666666666 0.12098765432098765
3 0.5597222222222222 0.5679012345679012 0.15 0.14320987654320988
3 0.3909722222222222 0.1308641975308642 0.05138888888888889 0.08888888888888889
0 0.6875 0.5617283950617284 0.11666666666666667 0.10123456790123457
0 0.9097222222222222 0.30617283950617286 0.12222222222222222 0.23209876543209876
0 0.6326388888888889 0.21728395061728395 0.12361111111111112 0.10864197530864197
2 0.5833333333333334 0.6555555555555556 0.04722222222222222 0.04197530864197531
