1 0.09513888888888888 0.08888888888888889 0.09583333333333334 0.15308641975308643
1 0.12152777777777778 0.28888888888888886 0.09583333333333334 0.1580246913580247
1 0.11388888888888889 0.4839506172839506 0.08611111111111111 0.15308641975308643
1 0.5430555555555555 0.17530864197530865 0.08055555555555556 0.14814814814814814
1 0.6229166666666667 0.04197530864197531 0.0875 0.07901234567901234
1 0.6930555555555555 0.12222222222222222 0.08611111111111111 0.15555555555555556
1 0.6590277777777778 0.3802469135802469 0.0875 0.16296296296296298
1 0.5131944444444444 0.39753086419753086 0.10416666666666667 0.15308641975308643
1 0.9493055555555555 0.4728395061728395 0.10138888888888889 0.18024691358024691
1 0.48333333333333334 0.8666666666666667 0.10555555555555556 0.18271604938271604
1 0.16944444444444445 0.8987654320987655 0.07777777777777778 0.12839506172839507
3 0.21736111111111112 0.7 0.05694444444444444 0.10123456790123457
3 0.5819444444444445 0.6604938271604939 0.06944444444444445 0.11604938271604938
3 0.8354166666666667 0.32222222222222224 0.07361111111111111 0.1308641975308642
3 0.7548611111111111 0.3296296296296296 0.09861111111111111 0.18024691358024691
3 0.45 0.25555555555555554 0.08055555555555556 0.1111111111111111
