3 0.7534722222222222 0.7802469135802469 0.10972222222222222 0.21728395061728395
3 0.6979166666666666 0.25308641975308643 0.1486111111111111 0.18518518518518517
1 0.7131944444444445 0.4962962962962963 0.15138888888888888 0.24691358024691357
1 0.7534722222222222 0.0728395061728395 0.20416666666666666 0.1308641975308642
1 0.2798611111111111 0.8209876543209876 0.18472222222222223 0.29876543209876544
3 0.2826388888888889 0.43209876543209874 0.1736111111111111 0.2419753086419753
3 0.4618055555555556 0.5098765432098765 0.18472222222222223 0.24938271604938272
3 0.5916666666666667 0.6296296296296297 0.14166666666666666 0.2617283950617284
3 0.08541666666666667 0.8851851851851852 0.16805555555555557 0.22962962962962963
0 0.8756944444444444 0.27283950617283953 0.18472222222222223 0.3037037037037037
