3 0.7659722222222223 0.06666666666666667 0.08194444444444444 0.12839506172839507
1 0.1284722222222222 0.14320987654320988 0.1486111111111111 0.20246913580246914
1 0.7701388888888889 0.44938271604938274 0.1597222222222222 0.3308641975308642
1 0.027777777777777776 0.16419753086419753 0.05277777777777778 0.17037037037037037
1 0.14166666666666666 0.4012345679012346 0.13333333333333333 0.17530864197530865
1 0.034722222222222224 0.3111111111111111 0.05555555555555555 0.08888888888888889
1 0.31319444444444444 0.5802469135802469 0.1875 0.2222222222222222
1 0.32430555555555557 0.9111111111111111 0.09305555555555556 0.14320987654320988
1 0.5569444444444445 0.8037037037037037 0.20833333333333334 0.17530864197530865
3 0.5638888888888889 0.5950617283950618 0.3055555555555556 0.44938271604938274
3 0.12083333333333333 0.6802469135802469 0.075 0.13580246913580246
3 0.24444444444444444 0.7679012345679013 0.05277777777777778 0.11358024691358025
0 0.15069444444444444 0.9271604938271605 0.05416666666666667 0.145679012345679
1 0.059027777777777776 0.9481481481481482 0.08472222222222223 0.1037037037037037
1 0.7194444444444444 0.945679012345679 0.09166666666666666 0.10864197530864197
