1 0.31319444444444444 0.24938271604938272 0.13472222222222222 0.18271604938271604
1 0.07847222222222222 0.2691358024691358 0.11527777777777778 0.18765432098765433
1 0.5986111111111111 0.09506172839506173 0.08055555555555556 0.13580246913580246
1 0.7277777777777777 0.5432098765432098 0.11944444444444445 0.2271604938271605
1 0.8791666666666667 0.8629629629629629 0.10833333333333334 0.17530864197530865
1 0.48819444444444443 0.7580246913580246 0.1125 0.16790123456790124
2 0.5388888888888889 0.3074074074074074 0.05277777777777778 0.08641975308641975
3 0.25416666666666665 0.7222222222222222 0.10555555555555556 0.1654320987654321
3 0.09513888888888888 0.7345679012345679 0.07361111111111111 0.1308641975308642
3 0.14652777777777778 0.8469135802469135 0.07916666666666666 0.14814814814814814
3 0.8875 0.4345679012345679 0.10277777777777777 0.20246913580246914
2 0.725 0.2111111111111111 0.05277777777777778 0.08148148148148149
