1 0.07291666666666667 0.4666666666666667 0.13472222222222222 0.17777777777777778
1 0.09930555555555555 0.7604938271604939 0.1486111111111111 0.1580246913580247
1 0.25972222222222224 0.7283950617283951 0.10277777777777777 0.14320987654320988
1 0.575 0.44320987654320987 0.09444444444444444 0.13580246913580246
1 0.8111111111111111 0.3802469135802469 0.10555555555555556 0.16790123456790124
1 0.8791666666666667 0.1 0.11666666666666667 0.17530864197530865
3 0.3819444444444444 0.891358024691358 0.09444444444444444 0.18765432098765433
3 0.6125 0.7061728395061728 0.08055555555555556 0.10864197530864197
3 0.8243055555555555 0.5802469135802469 0.07916666666666666 0.13333333333333333
3 0.7798611111111111 0.7308641975308642 0.12916666666666668 0.18765432098765433
3 0.5993055555555555 0.23950617283950618 0.06527777777777778 0.12839506172839507
3 0.6652777777777777 0.38641975308641974 0.07222222222222222 0.16049382716049382
3 0.5083333333333333 0.3888888888888889 0.125 0.13580246913580246
3 0.7229166666666667 0.5012345679012346 0.10694444444444444 0.2123456790123457
3 0.8194444444444444 0.23703703703703705 0.075 0.1037037037037037
0 0.9125 0.28271604938271605 0.08611111111111111 0.19012345679012346
