1 0.4777777777777778 0.6308641975308642 0.08611111111111111 0.145679012345679
1 0.6736111111111112 0.18271604938271604 0.07222222222222222 0.11358024691358025
1 0.7708333333333334 0.1382716049382716 0.08055555555555556 0.14814814814814814
3 0.18055555555555555 0.4802469135802469 0.1388888888888889 0.21975308641975308
3 0.2965277777777778 0.16790123456790124 0.12638888888888888 0.23209876543209876
3 0.6041666666666666 0.26296296296296295 0.10277777777777777 0.17530864197530865
0 0.7194444444444444 0.4123456790123457 0.12222222222222222 0.1580246913580247
0 0.7194444444444444 0.6728395061728395 0.1527777777777778 0.1308641975308642
3 0.8798611111111111 0.2 0.09583333333333334 0.12839506172839507
0 0.5847222222222223 0.06172839506172839 0.12222222222222222 0.11851851851851852
3 0.42777777777777776 0.8839506172839506 0.09166666666666666 0.16296296296296298
3 0.5263888888888889 0.8296296296296296 0.10277777777777777 0.17777777777777778
