0 0.7840277777777778 0.9296296296296296 0.07916666666666666 0.14074074074074075
3 0.8020833333333334 0.7654320987654321 0.09305555555555556 0.1728395061728395
1 0.8263888888888888 0.23209876543209876 0.08888888888888889 0.1580246913580247
1 0.5027777777777778 0.971604938271605 0.06666666666666667 0.056790123456790124
1 0.5805555555555556 0.9358024691358025 0.08611111111111111 0.12839506172839507
1 0.6722222222222223 0.8901234567901235 0.08888888888888889 0.1308641975308642
1 0.6729166666666667 0.7037037037037037 0.09305555555555556 0.16790123456790124
1 0.7201388888888889 0.5024691358024691 0.0763888888888889 0.145679012345679
1 0.6104166666666667 0.5962962962962963 0.07083333333333333 0.14074074074074075
1 0.4375 0.04691358024691358 0.05555555555555555 0.08395061728395062
1 0.47847222222222224 0.6975308641975309 0.06527777777777778 0.1111111111111111
1 0.14930555555555555 0.7123456790123457 0.08472222222222223 0.16049382716049382
1 0.1527777777777778 0.4419753086419753 0.07222222222222222 0.08888888888888889
