1 0.16805555555555557 0.15432098765432098 0.075 0.14074074074074075
3 0.15625 0.35802469135802467 0.10138888888888889 0.1382716049382716
3 0.2520833333333333 0.32098765432098764 0.08194444444444444 0.1382716049382716
3 0.36666666666666664 0.41975308641975306 0.10277777777777777 0.14814814814814814
3 0.7548611111111111 0.7530864197530864 0.11527777777777778 0.2518518518518518
3 0.8736111111111111 0.7469135802469136 0.13055555555555556 0.24938271604938272
3 0.1 0.7308641975308642 0.1388888888888889 0.2271604938271605
3 0.20208333333333334 0.9148148148148149 0.0763888888888889 0.12098765432098765
0 0.36041666666666666 0.03333333333333333 0.08472222222222223 0.05185185185185185
0 0.3840277777777778 0.15925925925925927 0.1125 0.11604938271604938
0 0.4965277777777778 0.3197530864197531 0.13472222222222222 0.10123456790123457
0 0.6430555555555556 0.5111111111111111 0.14166666666666666 0.1925925925925926
0 0.4465277777777778 0.5839506172839506 0.0763888888888889 0.15555555555555556
0 0.2965277777777778 0.5617283950617284 0.1375 0.11604938271604938
