1 0.4930555555555556 0.7580246913580246 0.1111111111111111 0.1580246913580247
1 0.4840277777777778 0.9419753086419753 0.10972222222222222 0.11604938271604938
3 0.18055555555555555 0.3234567901234568 0.125 0.2123456790123457
3 0.35208333333333336 0.21851851851851853 0.14027777777777778 0.22469135802469137
3 0.4583333333333333 0.09012345679012346 0.1111111111111111 0.17530864197530865
1 0.32708333333333334 0.04691358024691358 0.07361111111111111 0.07407407407407407
0 0.6569444444444444 0.3135802469135803 0.16111111111111112 0.12345679012345678
0 0.5861111111111111 0.13703703703703704 0.125 0.1654320987654321
3 0.7465277777777778 0.6962962962962963 0.15138888888888888 0.28641975308641976
3 0.6020833333333333 0.45555555555555555 0.09861111111111111 0.16049382716049382
