3 0.9590277777777778 0.6506172839506172 0.08194444444444444 0.19012345679012346
3 0.6368055555555555 0.9 0.12361111111111112 0.2
3 0.5534722222222223 0.5407407407407407 0.07361111111111111 0.10864197530864197
3 0.7243055555555555 0.49753086419753084 0.08472222222222223 0.13580246913580246
3 0.6451388888888889 0.508641975308642 0.07916666666666666 0.10864197530864197
3 0.8375 0.18765432098765433 0.12777777777777777 0.14320987654320988
3 0.7138888888888889 0.18395061728395062 0.08055555555555556 0.11604938271604938
0 0.7604166666666666 0.10617283950617284 0.08472222222222223 0.09876543209876543
0 0.5875 0.6432098765432098 0.15833333333333333 0.12098765432098765
0 0.36041666666666666 0.6 0.20416666666666666 0.1925925925925926
1 0.7194444444444444 0.782716049382716 0.09444444444444444 0.16790123456790124
1 0.9388888888888889 0.36666666666666664 0.09722222222222222 0.1506172839506173
1 0.8361111111111111 0.6444444444444445 0.11388888888888889 0.2074074074074074
1 0.7743055555555556 0.4160493827160494 0.0763888888888889 0.1259259259259259
1 0.68125 0.3345679012345679 0.07361111111111111 0.13580246913580246
1 0.5673611111111111 0.3691358024691358 0.09583333333333334 0.17530864197530865
1 0.43819444444444444 0.37407407407407406 0.08194444444444444 0.16049382716049382
1 0.19305555555555556 0.5074074074074074 0.1388888888888889 0.254320987654321
