2 0.7743055555555556 0.18024691358024691 0.12361111111111112 0.18271604938271604
2 0.7243055555555555 0.48641975308641977 0.10416666666666667 0.1580246913580247
2 0.45694444444444443 0.6419753086419753 0.09444444444444444 0.16296296296296298
3 0.5611111111111111 0.49382716049382713 0.08888888888888889 0.18271604938271604
3 0.3701388888888889 0.6345679012345679 0.14305555555555555 0.13333333333333333
3 0.6368055555555555 0.5851851851851851 0.09861111111111111 0.19753086419753085
3 0.7479166666666667 0.671604938271605 0.07361111111111111 0.13333333333333333
3 0.7201388888888889 0.31851851851851853 0.07916666666666666 0.10864197530864197
3 0.7069444444444445 0.8506172839506173 0.14166666666666666 0.18518518518518517
3 0.5354166666666667 0.8197530864197531 0.0763888888888889 0.12839506172839507
2 0.6916666666666667 0.7049382716049383 0.013888888888888888 0.04197530864197531
