3 0.9555555555555556 0.8962962962962963 0.08888888888888889 0.2074074074074074
0 0.5340277777777778 0.5209876543209877 0.20972222222222223 0.18765432098765433
1 0.40555555555555556 0.8987654320987655 0.10555555555555556 0.15308641975308643
1 0.3701388888888889 0.6382716049382716 0.07916666666666666 0.15555555555555556
1 0.48194444444444445 0.23703703703703705 0.07222222222222222 0.11851851851851852
1 0.5576388888888889 0.3493827160493827 0.10416666666666667 0.1506172839506173
1 0.7020833333333333 0.36666666666666664 0.12361111111111112 0.19012345679012346
1 0.9076388888888889 0.3493827160493827 0.1125 0.19012345679012346
1 0.9444444444444444 0.10246913580246914 0.1111111111111111 0.145679012345679
1 0.7951388888888888 0.18888888888888888 0.1125 0.18024691358024691
1 0.6583333333333333 0.17530864197530865 0.09166666666666666 0.13333333333333333
1 0.5152777777777777 0.09876543209876543 0.06666666666666667 0.11358024691358025
