1 0.05416666666666667 0.0691358024691358 0.10555555555555556 0.13333333333333333
1 0.5944444444444444 0.19753086419753085 0.1111111111111111 0.20246913580246914
1 0.7090277777777778 0.3172839506172839 0.09027777777777778 0.19012345679012346
1 0.8055555555555556 0.3197530864197531 0.08888888888888889 0.1506172839506173
1 0.2833333333333333 0.7135802469135802 0.10555555555555556 0.20246913580246914
1 0.33125 0.9382716049382716 0.10694444444444444 0.12345679012345678
1 0.4756944444444444 0.9345679012345679 0.10416666666666667 0.1308641975308642
3 0.10208333333333333 0.35802469135802467 0.1736111111111111 0.20246913580246914
3 0.4673611111111111 0.5691358024691358 0.15138888888888888 0.254320987654321
3 0.5555555555555556 0.7888888888888889 0.08333333333333333 0.15555555555555556
3 0.7277777777777777 0.5950617283950618 0.05555555555555555 0.09382716049382717
0 0.6840277777777778 0.5456790123456791 0.05694444444444444 0.2518518518518518
3 0.8868055555555555 0.1925925925925926 0.059722222222222225 0.11358024691358025
3 0.11388888888888889 0.591358024691358 0.12222222222222222 0.19012345679012346
3 0.8805555555555555 0.3567901234567901 0.05 0.10617283950617284
