0 0.05416666666666667 0.5790123456790124 0.10277777777777777 0.18518518518518517
0 0.25277777777777777 0.05308641975308642 0.06666666666666667 0.10123456790123457
0 0.38333333333333336 0.12345679012345678 0.08611111111111111 0.13333333333333333
0 0.49722222222222223 0.2617283950617284 0.08055555555555556 0.14814814814814814
0 0.11875 0.2962962962962963 0.12083333333333333 0.18271604938271604
0 0.07152777777777777 0.1654320987654321 0.10694444444444444 0.14320987654320988
0 0.2013888888888889 0.16049382716049382 0.05277777777777778 0.08395061728395062
0 0.2625 0.26296296296296295 0.08888888888888889 0.17530864197530865
0 0.2902777777777778 0.5098765432098765 0.07777777777777778 0.16049382716049382
0 0.39444444444444443 0.6209876543209877 0.07777777777777778 0.1654320987654321
0 0.4375 0.9012345679012346 0.10833333333333334 0.19753086419753085
