0 0.7604166666666666 0.36666666666666664 0.12083333333333333 0.08641975308641975
1 0.12569444444444444 0.3493827160493827 0.07083333333333333 0.11604938271604938
1 0.19791666666666666 0.43209876543209874 0.07083333333333333 0.1037037037037037
1 0.25972222222222224 0.4111111111111111 0.05555555555555555 0.1111111111111111
1 0.18194444444444444 0.31851851851851853 0.058333333333333334 0.08888888888888889
1 0.33819444444444446 0.5777777777777777 0.09305555555555556 0.11851851851851852
1 0.6875 0.8888888888888888 0.1 0.16296296296296298
1 0.37916666666666665 0.9518518518518518 0.09166666666666666 0.0962962962962963
3 0.45625 0.6271604938271605 0.10694444444444444 0.16790123456790124
3 0.5895833333333333 0.6185185185185185 0.1125 0.2
3 0.7118055555555556 0.7123456790123457 0.10694444444444444 0.16049382716049382
0 0.24166666666666667 0.9037037037037037 0.14166666666666666 0.1925925925925926
3 0.8465277777777778 0.9111111111111111 0.13194444444444445 0.17777777777777778
