1 0.04583333333333333 0.5753086419753086 0.08611111111111111 0.1925925925925926
1 0.19305555555555556 0.6271604938271605 0.1 0.1580246913580247
1 0.3784722222222222 0.5 0.09583333333333334 0.15555555555555556
1 0.575 0.8358024691358025 0.1 0.18518518518518517
1 0.2569444444444444 0.8876543209876543 0.13333333333333333 0.22469135802469137
3 0.13958333333333334 0.291358024691358 0.13194444444444445 0.19753086419753085
3 0.2861111111111111 0.2777777777777778 0.11388888888888889 0.18024691358024691
3 0.6666666666666666 0.6432098765432098 0.1111111111111111 0.18024691358024691
3 0.5048611111111111 0.5728395061728395 0.14305555555555555 0.2617283950617284
3 0.1125 0.7802469135802469 0.11388888888888889 0.1925925925925926
2 0.8034722222222223 0.9049382716049382 0.0625 0.1111111111111111
0 0.7159722222222222 0.737037037037037 0.09583333333333334 0.21975308641975308
