1 0.3972222222222222 0.7061728395061728 0.06944444444444445 0.1382716049382716
1 0.4618055555555556 0.31851851851851853 0.059722222222222225 0.1037037037037037
1 0.45069444444444445 0.2074074074074074 0.06805555555555555 0.09382716049382717
1 0.4652777777777778 0.09259259259259259 0.041666666666666664 0.08641975308641975
1 0.25416666666666665 0.13950617283950617 0.058333333333333334 0.10123456790123457
1 0.034027777777777775 0.28641975308641976 0.06527777777777778 0.16296296296296298
0 0.48541666666666666 0.5888888888888889 0.10972222222222222 0.1111111111111111
3 0.5375 0.7703703703703704 0.1 0.14320987654320988
3 0.4166666666666667 0.9308641975308642 0.10833333333333334 0.1382716049382716
3 0.5368055555555555 0.3345679012345679 0.04027777777777778 0.05185185185185185
