3 0.20403645833333334 0.5881944444444445 0.06692708333333333 0.1087962962962963
3 0.25481770833333334 0.5131944444444444 0.05234375 0.0412037037037037
3 0.3416666666666667 0.5148148148148148 0.04895833333333333 0.0787037037037037
3 0.49453125 0.4222222222222222 0.0578125 0.09444444444444444
1 0.372265625 0.5222222222222223 0.07890625 0.07407407407407407
1 0.56796875 0.38680555555555557 0.0796875 0.11990740740740741
1 0.653125 0.37037037037037035 0.0890625 0.1259259259259259
1 0.681640625 0.4615740740740741 0.04973958333333333 0.09814814814814815
1 0.7436197916666667 0.331712962962963 0.06328125 0.08472222222222223
1 0.9401041666666666 0.6990740740740741 0.11979166666666667 0.25555555555555554
1 0.5458333333333333 0.887962962962963 0.1265625 0.22407407407407406
1 0.37330729166666665 0.6965277777777777 0.08932291666666667 0.17546296296296296
