1 0.13541666666666666 0.6111111111111112 0.05416666666666667 0.06666666666666667
1 0.1625 0.6666666666666666 0.05555555555555555 0.06419753086419754
1 0.31180555555555556 0.6246913580246913 0.04583333333333333 0.07407407407407407
1 0.3597222222222222 0.6358024691358025 0.06944444444444445 0.09135802469135802
1 0.425 0.5728395061728395 0.05277777777777778 0.07407407407407407
1 0.5215277777777778 0.6283950617283951 0.04861111111111111 0.08148148148148149
1 0.5819444444444445 0.5333333333333333 0.05277777777777778 0.07407407407407407
1 0.5347222222222222 0.7876543209876543 0.08055555555555556 0.1382716049382716
1 0.39652777777777776 0.774074074074074 0.0375 0.08148148148148149
1 0.5784722222222223 0.40370370370370373 0.04583333333333333 0.07160493827160494
1 0.6416666666666667 0.3037037037037037 0.05555555555555555 0.07407407407407407
1 0.8625 0.21358024691358024 0.05555555555555555 0.0962962962962963
