1 0.44722222222222224 0.5382716049382716 0.11666666666666667 0.18765432098765433
1 0.6347222222222222 0.4271604938271605 0.07777777777777778 0.09876543209876543
1 0.7631944444444444 0.554320987654321 0.059722222222222225 0.08148148148148149
1 0.8729166666666667 0.6185185185185185 0.05416666666666667 0.10123456790123457
1 0.7840277777777778 0.8814814814814815 0.10138888888888889 0.1580246913580247
1 0.6944444444444444 0.9209876543209876 0.08888888888888889 0.14814814814814814
0 0.5215277777777778 0.44074074074074077 0.05138888888888889 0.1506172839506173
0 0.3076388888888889 0.9629629629629629 0.11527777777777778 0.07407407407407407
0 0.4965277777777778 0.9432098765432099 0.12638888888888888 0.09382716049382717
3 0.6784722222222223 0.5345679012345679 0.05694444444444444 0.08641975308641975
