1 0.2986111111111111 0.3530864197530864 0.16944444444444445 0.1925925925925926
1 0.12222222222222222 0.45555555555555555 0.11944444444444445 0.13580246913580246
1 0.18125 0.38765432098765434 0.09861111111111111 0.17777777777777778
1 0.3055555555555556 0.5839506172839506 0.12222222222222222 0.145679012345679
1 0.20833333333333334 0.9493827160493827 0.11944444444444445 0.10123456790123457
1 0.80625 0.21604938271604937 0.10694444444444444 0.17037037037037037
1 0.7152777777777778 0.21481481481481482 0.08333333333333333 0.20246913580246914
1 0.91875 0.11975308641975309 0.1486111111111111 0.18518518518518517
1 0.9097222222222222 0.5234567901234568 0.18055555555555555 0.2222222222222222
3 0.07847222222222222 0.6617283950617284 0.14305555555555555 0.14814814814814814
