1 0.24930555555555556 0.10246913580246914 0.07916666666666666 0.13580246913580246
1 0.5319444444444444 0.08148148148148149 0.05277777777777778 0.1037037037037037
1 0.6736111111111112 0.9148148148148149 0.09444444444444444 0.17037037037037037
0 0.75 0.7567901234567901 0.06666666666666667 0.14074074074074075
0 0.05416666666666667 0.5938271604938271 0.05555555555555555 0.1259259259259259
0 0.04236111111111111 0.782716049382716 0.08194444444444444 0.1037037037037037
3 0.3784722222222222 0.8851851851851852 0.04861111111111111 0.10123456790123457
3 0.6381944444444444 0.817283950617284 0.08194444444444444 0.11851851851851852
3 0.5694444444444444 0.15925925925925927 0.06666666666666667 0.0962962962962963
3 0.12013888888888889 0.4246913580246914 0.06527777777777778 0.11358024691358025
3 0.018055555555555554 0.8888888888888888 0.03333333333333333 0.09876543209876543
