1 0.22291666666666668 0.5777777777777777 0.06805555555555555 0.12345679012345678
1 0.34375 0.6370370370370371 0.06527777777777778 0.11358024691358025
1 0.5194444444444445 0.2074074074074074 0.05 0.08395061728395062
1 0.5986111111111111 0.2382716049382716 0.044444444444444446 0.08148148148148149
1 0.8548611111111111 0.591358024691358 0.059722222222222225 0.1308641975308642
1 0.9340277777777778 0.6703703703703704 0.05416666666666667 0.08641975308641975
3 0.9659722222222222 0.5839506172839506 0.05694444444444444 0.10123456790123457
3 0.7770833333333333 0.8987654320987655 0.04861111111111111 0.09382716049382717
3 0.06736111111111111 0.6160493827160494 0.09027777777777778 0.10123456790123457
3 0.24513888888888888 0.28271604938271605 0.059722222222222225 0.10123456790123457
3 0.3347222222222222 0.7876543209876543 0.05277777777777778 0.09876543209876543
3 0.5819444444444445 0.6209876543209877 0.030555555555555555 0.08148148148148149
3 0.6979166666666666 0.7 0.029166666666666667 0.06666666666666667
