1 0.33125 0.9 0.12638888888888888 0.2
1 0.5375 0.44074074074074077 0.06944444444444445 0.13580246913580246
0 0.30069444444444443 0.5518518518518518 0.0625 0.18024691358024691
0 0.7111111111111111 0.9074074074074074 0.058333333333333334 0.18518518518518517
0 0.5902777777777778 0.6580246913580247 0.04722222222222222 0.1111111111111111
0 0.5763888888888888 0.8123456790123457 0.05277777777777778 0.13333333333333333
0 0.4388888888888889 0.8469135802469135 0.044444444444444446 0.2716049382716049
3 0.19930555555555557 0.8074074074074075 0.10416666666666667 0.15308641975308643
3 0.46805555555555556 0.6654320987654321 0.075 0.12098765432098765
3 0.6708333333333333 0.7444444444444445 0.07222222222222222 0.11604938271604938
3 0.5055555555555555 0.9444444444444444 0.05277777777777778 0.1111111111111111
