1 0.1986111111111111 0.5617283950617284 0.06388888888888888 0.12098765432098765
1 0.5097222222222222 0.5950617283950618 0.07222222222222222 0.11851851851851852
1 0.6041666666666666 0.37407407407407406 0.05555555555555555 0.09135802469135802
1 0.49722222222222223 0.2691358024691358 0.06388888888888888 0.08888888888888889
1 0.5756944444444444 0.17160493827160495 0.059722222222222225 0.12098765432098765
1 0.9125 0.38765432098765434 0.05 0.08395061728395062
1 0.9708333333333333 0.6987654320987654 0.058333333333333334 0.11851851851851852
3 0.11319444444444444 0.6592592592592592 0.06527777777777778 0.10864197530864197
3 0.31666666666666665 0.9209876543209876 0.05555555555555555 0.08395061728395062
3 0.7256944444444444 0.671604938271605 0.07361111111111111 0.09876543209876543
3 0.8395833333333333 0.6074074074074074 0.0625 0.06419753086419754
3 0.41388888888888886 0.14444444444444443 0.04722222222222222 0.07160493827160494
