1 0.7125 0.8098765432098766 0.03611111111111111 0.07901234567901234
1 0.06388888888888888 0.27530864197530863 0.07222222222222222 0.07160493827160494
1 0.4083333333333333 0.32839506172839505 0.058333333333333334 0.08395061728395062
1 0.4701388888888889 0.09876543209876543 0.04027777777777778 0.06419753086419754
1 0.6930555555555555 0.43209876543209874 0.030555555555555555 0.05925925925925926
3 0.34652777777777777 0.362962962962963 0.06805555555555555 0.08888888888888889
3 0.6409722222222223 0.36666666666666664 0.05416666666666667 0.07654320987654321
0 0.3125 0.9419753086419753 0.09444444444444444 0.09135802469135802
3 0.10972222222222222 0.32469135802469135 0.06111111111111111 0.05185185185185185
3 0.8465277777777778 0.6518518518518519 0.059722222222222225 0.10864197530864197
