1 0.4965277777777778 0.2876543209876543 0.059722222222222225 0.10617283950617284
0 0.21944444444444444 0.8197530864197531 0.03333333333333333 0.11851851851851852
0 0.3763888888888889 0.6802469135802469 0.07777777777777778 0.07160493827160494
1 0.5 0.5901234567901235 0.06111111111111111 0.11851851851851852
1 0.61875 0.8925925925925926 0.06805555555555555 0.15555555555555556
1 0.7729166666666667 0.5765432098765432 0.04583333333333333 0.0962962962962963
1 0.8361111111111111 0.1814814814814815 0.03333333333333333 0.06172839506172839
1 0.40208333333333335 0.17407407407407408 0.0375 0.056790123456790124
1 0.2847222222222222 0.27901234567901234 0.03611111111111111 0.06419753086419754
3 0.5125 0.737037037037037 0.04722222222222222 0.07160493827160494
0 0.6263888888888889 0.6370370370370371 0.07777777777777778 0.05925925925925926
0 0.7194444444444444 0.608641975308642 0.058333333333333334 0.07654320987654321
