1 0.030555555555555555 0.21975308641975308 0.058333333333333334 0.11851851851851852
1 0.5145833333333333 0.9308641975308642 0.10138888888888889 0.1382716049382716
1 0.71875 0.9395061728395062 0.0763888888888889 0.10617283950617284
1 0.5472222222222223 0.6518518518518519 0.044444444444444446 0.11851851851851852
1 0.5423611111111111 0.49876543209876545 0.04027777777777778 0.11358024691358025
1 0.48055555555555557 0.0654320987654321 0.06388888888888888 0.11604938271604938
1 0.5826388888888889 0.08024691358024691 0.034722222222222224 0.08641975308641975
1 0.6333333333333333 0.2271604938271605 0.03611111111111111 0.10864197530864197
1 0.8756944444444444 0.23703703703703705 0.04583333333333333 0.07901234567901234
0 0.7895833333333333 0.4728395061728395 0.09583333333333334 0.145679012345679
0 0.8722222222222222 0.6296296296296297 0.06111111111111111 0.11851851851851852
0 0.45694444444444443 0.7098765432098766 0.058333333333333334 0.13580246913580246
3 0.5527777777777778 0.07037037037037037 0.03611111111111111 0.08148148148148149
3 0.8972222222222223 0.8469135802469135 0.058333333333333334 0.11851851851851852
3 0.7569444444444444 0.8098765432098766 0.06111111111111111 0.1037037037037037
3 0.07291666666666667 0.9074074074074074 0.07361111111111111 0.10617283950617284
