1 0.08472222222222223 0.32222222222222224 0.06666666666666667 0.1111111111111111
1 0.12638888888888888 0.2506172839506173 0.044444444444444446 0.08148148148148149
1 0.22291666666666668 0.2777777777777778 0.05694444444444444 0.1111111111111111
1 0.3861111111111111 0.8851851851851852 0.07777777777777778 0.1111111111111111
1 0.6368055555555555 0.908641975308642 0.07916666666666666 0.16296296296296298
1 0.6423611111111112 0.6604938271604939 0.043055555555555555 0.11604938271604938
1 0.6402777777777777 0.5333333333333333 0.044444444444444446 0.1037037037037037
1 0.5868055555555556 0.15308641975308643 0.05138888888888889 0.1037037037037037
1 0.6715277777777777 0.1728395061728395 0.043055555555555555 0.07901234567901234
1 0.7138888888888889 0.30864197530864196 0.044444444444444446 0.09876543209876543
1 0.95625 0.3148148148148148 0.04583333333333333 0.08148148148148149
0 0.3055555555555556 0.9419753086419753 0.11944444444444445 0.11604938271604938
0 0.9583333333333334 0.6691358024691358 0.07777777777777778 0.12839506172839507
0 0.5611111111111111 0.725925925925926 0.044444444444444446 0.10864197530864197
0 0.8756944444444444 0.5259259259259259 0.0763888888888889 0.11358024691358025
3 0.84375 0.8135802469135802 0.0625 0.0962962962962963
3 0.9763888888888889 0.8629629629629629 0.04722222222222222 0.10123456790123457
