2 0.9076388888888889 0.7950617283950617 0.02638888888888889 0.04938271604938271
3 0.775 0.8975308641975308 0.044444444444444446 0.07654320987654321
3 0.6590277777777778 0.8629629629629629 0.05694444444444444 0.1111111111111111
3 0.3770833333333333 0.7296296296296296 0.059722222222222225 0.0962962962962963
1 0.10347222222222222 0.8851851851851852 0.09861111111111111 0.1308641975308642
1 0.3416666666666667 0.07777777777777778 0.030555555555555555 0.04691358024691358
1 0.4722222222222222 0.08888888888888889 0.041666666666666664 0.0691358024691358
1 0.3486111111111111 0.5987654320987654 0.05555555555555555 0.07654320987654321
1 0.8791666666666667 0.6888888888888889 0.044444444444444446 0.08888888888888889
1 0.8 0.8098765432098766 0.05555555555555555 0.11851851851851852
1 0.5680555555555555 0.5888888888888889 0.04722222222222222 0.10617283950617284
1 0.3486111111111111 0.3802469135802469 0.05277777777777778 0.09876543209876543
