1 0.39375 0.3419753086419753 0.034722222222222224 0.06666666666666667
1 0.03958333333333333 0.10864197530864197 0.059722222222222225 0.08888888888888889
1 0.13541666666666666 0.15308641975308643 0.05138888888888889 0.09382716049382717
1 0.22013888888888888 0.1814814814814815 0.043055555555555555 0.05185185185185185
1 0.2847222222222222 0.24938271604938272 0.05 0.08395061728395062
1 0.34930555555555554 0.27901234567901234 0.04027777777777778 0.05925925925925926
1 0.4388888888888889 0.5901234567901235 0.05 0.09876543209876543
1 0.40694444444444444 0.8493827160493828 0.07222222222222222 0.12839506172839507
1 0.15069444444444444 0.9666666666666667 0.0875 0.06666666666666667
3 0.3326388888888889 0.9555555555555556 0.0875 0.08888888888888889
