1 0.23472222222222222 0.5135802469135803 0.06944444444444445 0.09382716049382717
1 0.4041666666666667 0.2962962962962963 0.058333333333333334 0.09382716049382717
1 0.32083333333333336 0.16790123456790124 0.06111111111111111 0.08888888888888889
1 0.47430555555555554 0.27901234567901234 0.05416666666666667 0.09876543209876543
1 0.5284722222222222 0.2641975308641975 0.05694444444444444 0.11851851851851852
1 0.5902777777777778 0.3135802469135803 0.05277777777777778 0.08888888888888889
1 0.6597222222222222 0.31234567901234567 0.058333333333333334 0.08641975308641975
1 0.6930555555555555 0.22469135802469137 0.058333333333333334 0.08888888888888889
1 0.5083333333333333 0.4740740740740741 0.09722222222222222 0.11851851851851852
1 0.4618055555555556 0.5925925925925926 0.05694444444444444 0.08888888888888889
1 0.5215277777777778 0.7320987654320987 0.06527777777777778 0.12098765432098765
1 0.6361111111111111 0.7938271604938272 0.09166666666666666 0.13580246913580246
1 0.5895833333333333 0.6753086419753086 0.0763888888888889 0.13580246913580246
3 0.3194444444444444 0.6419753086419753 0.06388888888888888 0.09382716049382717
