3 0.11805555555555555 0.42098765432098767 0.05277777777777778 0.056790123456790124
3 0.39305555555555555 0.7148148148148148 0.044444444444444446 0.07160493827160494
1 0.05694444444444444 0.15185185185185185 0.03611111111111111 0.04691358024691358
1 0.2791666666666667 0.25555555555555554 0.019444444444444445 0.027160493827160494
1 0.2986111111111111 0.29259259259259257 0.022222222222222223 0.03209876543209877
1 0.3138888888888889 0.3395061728395062 0.027777777777777776 0.037037037037037035
1 0.33819444444444446 0.4246913580246914 0.029166666666666667 0.05925925925925926
1 0.36180555555555555 0.5617283950617284 0.04583333333333333 0.08641975308641975
1 0.34930555555555554 0.6530864197530865 0.05416666666666667 0.08641975308641975
1 0.34097222222222223 0.8185185185185185 0.07361111111111111 0.1308641975308642
1 0.31527777777777777 0.6851851851851852 0.05277777777777778 0.09135802469135802
1 0.14305555555555555 0.8382716049382716 0.07222222222222222 0.10617283950617284
1 0.08958333333333333 0.7283950617283951 0.07361111111111111 0.08888888888888889
1 0.2375 0.5765432098765432 0.06111111111111111 0.0962962962962963
1 0.2 0.2617283950617284 0.030555555555555555 0.044444444444444446
1 0.14444444444444443 0.291358024691358 0.044444444444444446 0.05925925925925926
