3 0.44305555555555554 0.6666666666666666 0.044444444444444446 0.044444444444444446
1 0.4041666666666667 0.6222222222222222 0.044444444444444446 0.06419753086419754
1 0.375 0.654320987654321 0.04722222222222222 0.08395061728395062
1 0.4111111111111111 0.7506172839506173 0.06111111111111111 0.11358024691358025
1 0.3111111111111111 0.971604938271605 0.06666666666666667 0.056790123456790124
1 0.4152777777777778 0.9592592592592593 0.058333333333333334 0.08148148148148149
1 0.2673611111111111 0.7567901234567901 0.05694444444444444 0.08641975308641975
1 0.11597222222222223 0.7382716049382716 0.07083333333333333 0.1037037037037037
1 0.20694444444444443 0.6790123456790124 0.05 0.06419753086419754
1 0.40555555555555556 0.5419753086419753 0.03611111111111111 0.06172839506172839
1 0.37222222222222223 0.4308641975308642 0.030555555555555555 0.05185185185185185
1 0.3090277777777778 0.5580246913580247 0.05416666666666667 0.1037037037037037
1 0.23680555555555555 0.29876543209876544 0.018055555555555554 0.0345679012345679
1 0.19236111111111112 0.32222222222222224 0.043055555555555555 0.056790123456790124
1 0.10347222222222222 0.2123456790123457 0.029166666666666667 0.04938271604938271
