1 0.0763888888888889 0.5296296296296297 0.1361111111111111 0.20493827160493827
1 0.20972222222222223 0.2345679012345679 0.09444444444444444 0.15308641975308643
1 0.11805555555555555 0.14320987654320988 0.09722222222222222 0.14814814814814814
1 0.2534722222222222 0.10123456790123457 0.11805555555555555 0.1728395061728395
1 0.37916666666666665 0.17777777777777778 0.10833333333333334 0.19753086419753085
1 0.2548611111111111 0.8567901234567902 0.10694444444444444 0.18271604938271604
1 0.4152777777777778 0.7308641975308642 0.08333333333333333 0.18271604938271604
1 0.3576388888888889 0.9185185185185185 0.08472222222222223 0.16296296296296298
1 0.4527777777777778 0.9358024691358025 0.09444444444444444 0.12839506172839507
1 0.5048611111111111 0.7790123456790123 0.10694444444444444 0.21975308641975308
1 0.5694444444444444 0.9419753086419753 0.10277777777777777 0.11604938271604938
1 0.7076388888888889 0.9209876543209876 0.11805555555555555 0.1580246913580247
1 0.7520833333333333 0.5580246913580247 0.11527777777777778 0.20246913580246914
2 0.6847222222222222 0.24567901234567902 0.08055555555555556 0.16049382716049382
3 0.3229166666666667 0.4740740740740741 0.11805555555555555 0.18765432098765433
3 0.4930555555555556 0.05432098765432099 0.06666666666666667 0.09382716049382717
