1 0.23541666666666666 0.22592592592592592 0.05416666666666667 0.10123456790123457
1 0.25 0.4469135802469136 0.06944444444444445 0.11358024691358025
1 0.2951388888888889 0.5481481481481482 0.07361111111111111 0.13333333333333333
1 0.35 0.6246913580246913 0.058333333333333334 0.14814814814814814
1 0.40625 0.5604938271604938 0.07916666666666666 0.12345679012345678
1 0.38263888888888886 0.45308641975308644 0.06527777777777778 0.0962962962962963
1 0.5965277777777778 0.5246913580246914 0.0763888888888889 0.1308641975308642
1 0.6548611111111111 0.4839506172839506 0.07916666666666666 0.1382716049382716
1 0.49375 0.6345679012345679 0.0763888888888889 0.14320987654320988
1 0.1763888888888889 0.8592592592592593 0.1111111111111111 0.18271604938271604
1 0.8180555555555555 0.9469135802469136 0.09166666666666666 0.10617283950617284
1 0.3034722222222222 0.2716049382716049 0.05416666666666667 0.11851851851851852
1 0.35694444444444445 0.27283950617283953 0.06388888888888888 0.14074074074074075
1 0.6097222222222223 0.19382716049382717 0.05277777777777778 0.11604938271604938
3 0.4076388888888889 0.8604938271604938 0.09583333333333334 0.17530864197530865
