1 0.09652777777777778 0.3654320987654321 0.11805555555555555 0.18765432098765433
1 0.15625 0.25925925925925924 0.07361111111111111 0.11358024691358025
1 0.26944444444444443 0.5506172839506173 0.075 0.12839506172839507
1 0.4013888888888889 0.38395061728395063 0.06111111111111111 0.13580246913580246
1 0.17222222222222222 0.5666666666666667 0.11666666666666667 0.17530864197530865
1 0.075 0.7283950617283951 0.14444444444444443 0.21728395061728395
1 0.029166666666666667 0.11481481481481481 0.05555555555555555 0.09135802469135802
1 0.041666666666666664 0.03333333333333333 0.08055555555555556 0.06172839506172839
1 0.18819444444444444 0.03209876543209877 0.05416666666666667 0.05925925925925926
1 0.4027777777777778 0.04814814814814815 0.06111111111111111 0.08641975308641975
1 0.45208333333333334 0.11604938271604938 0.0625 0.11358024691358025
1 0.5027777777777778 0.1580246913580247 0.03888888888888889 0.07407407407407407
0 0.6666666666666666 0.4740740740740741 0.09166666666666666 0.10864197530864197
0 0.8951388888888889 0.3530864197530864 0.0763888888888889 0.11851851851851852
0 0.2861111111111111 0.6864197530864198 0.058333333333333334 0.12839506172839507
0 0.31527777777777777 0.508641975308642 0.05 0.07407407407407407
0 0.3638888888888889 0.48518518518518516 0.05555555555555555 0.13580246913580246
0 0.8347222222222223 0.2740740740740741 0.041666666666666664 0.1037037037037037
0 0.6666666666666666 0.3172839506172839 0.05 0.08148148148148149
0 0.6652777777777777 0.19135802469135801 0.05277777777777778 0.09135802469135802
