1 0.31875 0.8876543209876543 0.10138888888888889 0.19012345679012346
1 0.41875 0.9037037037037037 0.11805555555555555 0.17777777777777778
1 0.6416666666666667 0.6802469135802469 0.11388888888888889 0.17530864197530865
1 0.40902777777777777 0.18641975308641975 0.08194444444444444 0.1506172839506173
1 0.48680555555555555 0.09876543209876543 0.09027777777777778 0.1728395061728395
1 0.2923611111111111 0.362962962962963 0.11527777777777778 0.18271604938271604
1 0.17708333333333334 0.2938271604938272 0.12361111111111112 0.18271604938271604
1 0.11805555555555555 0.14074074074074075 0.12222222222222222 0.1580246913580247
1 0.11805555555555555 0.3962962962962963 0.08888888888888889 0.16049382716049382
1 0.03263888888888889 0.3172839506172839 0.0625 0.145679012345679
2 0.5659722222222222 0.41358024691358025 0.06527777777777778 0.1308641975308642
3 0.22291666666666668 0.6419753086419753 0.12361111111111112 0.18271604938271604
