1 0.5784722222222223 0.5098765432098765 0.0763888888888889 0.12098765432098765
1 0.6979166666666666 0.362962962962963 0.07916666666666666 0.16790123456790124
1 0.5263888888888889 0.6679012345679012 0.08888888888888889 0.1259259259259259
1 0.6472222222222223 0.5518518518518518 0.08888888888888889 0.10617283950617284
1 0.46111111111111114 0.7950617283950617 0.10833333333333334 0.19753086419753085
1 0.7381944444444445 0.7037037037037037 0.09861111111111111 0.15308641975308643
1 0.7888888888888889 0.8777777777777778 0.11666666666666667 0.20987654320987653
1 0.9173611111111111 0.8024691358024691 0.14027777777777778 0.2074074074074074
2 0.9611111111111111 0.5703703703703704 0.07777777777777778 0.1382716049382716
3 0.5847222222222223 0.7530864197530864 0.1 0.12839506172839507
3 0.6819444444444445 0.7925925925925926 0.10277777777777777 0.1728395061728395
