1 0.4 0.23209876543209876 0.058333333333333334 0.1037037037037037
1 0.5652777777777778 0.39753086419753086 0.06666666666666667 0.12839506172839507
1 0.8291666666666667 0.8629629629629629 0.14166666666666666 0.2345679012345679
1 0.7215277777777778 0.7493827160493827 0.10694444444444444 0.19012345679012346
1 0.5236111111111111 0.608641975308642 0.06666666666666667 0.1308641975308642
1 0.44583333333333336 0.6641975308641975 0.075 0.14320987654320988
1 0.44166666666666665 0.4617283950617284 0.075 0.11851851851851852
1 0.43472222222222223 0.345679012345679 0.07222222222222222 0.09876543209876543
1 0.3423611111111111 0.4185185185185185 0.059722222222222225 0.10617283950617284
3 0.8902777777777777 0.7703703703703704 0.1 0.20246913580246914
