1 0.5513888888888889 0.8592592592592593 0.06111111111111111 0.13333333333333333
1 0.6111111111111112 0.891358024691358 0.06944444444444445 0.1580246913580247
1 0.7743055555555556 0.7246913580246913 0.09305555555555556 0.13580246913580246
1 0.8736111111111111 0.9 0.125 0.18518518518518517
1 0.89375 0.24938271604938272 0.12361111111111112 0.18271604938271604
1 0.6833333333333333 0.2123456790123457 0.06388888888888888 0.10864197530864197
1 0.6576388888888889 0.3358024691358025 0.09027777777777778 0.1382716049382716
1 0.5777777777777777 0.2518518518518518 0.075 0.12345679012345678
1 0.6215277777777778 0.6222222222222222 0.0625 0.11358024691358025
1 0.5027777777777778 0.42345679012345677 0.030555555555555555 0.06666666666666667
1 0.5333333333333333 0.4802469135802469 0.03333333333333333 0.07654320987654321
1 0.5138888888888888 0.5296296296296297 0.03333333333333333 0.07160493827160494
1 0.4791666666666667 0.5345679012345679 0.03611111111111111 0.06172839506172839
