1 0.6875 0.7518518518518519 0.09166666666666666 0.17530864197530865
1 0.7916666666666666 0.8975308641975308 0.09722222222222222 0.17037037037037037
1 0.8270833333333333 0.5567901234567901 0.10694444444444444 0.18518518518518517
1 0.9347222222222222 0.1382716049382716 0.13055555555555556 0.21728395061728395
1 0.6770833333333334 0.24814814814814815 0.05138888888888889 0.10617283950617284
1 0.6326388888888889 0.28271604938271605 0.05138888888888889 0.09135802469135802
1 0.5854166666666667 0.2802469135802469 0.04583333333333333 0.08641975308641975
1 0.6277777777777778 0.1469135802469136 0.05277777777777778 0.0962962962962963
1 0.5243055555555556 0.37037037037037035 0.034722222222222224 0.0691358024691358
1 0.6368055555555555 0.608641975308642 0.0375 0.07654320987654321
3 0.78125 0.08024691358024691 0.09305555555555556 0.12098765432098765
