1 0.12083333333333333 0.6037037037037037 0.17222222222222222 0.21975308641975308
1 0.3277777777777778 0.6407407407407407 0.14722222222222223 0.24938271604938272
1 0.19236111111111112 0.48641975308641977 0.10972222222222222 0.12345679012345678
1 0.37777777777777777 0.4666666666666667 0.075 0.10864197530864197
1 0.45555555555555555 0.5493827160493827 0.09166666666666666 0.18024691358024691
0 0.5347222222222222 0.3358024691358025 0.10833333333333334 0.21728395061728395
0 0.7576388888888889 0.5654320987654321 0.07083333333333333 0.26666666666666666
0 0.6770833333333334 0.37037037037037035 0.14027777777777778 0.18271604938271604
0 0.5444444444444444 0.7641975308641975 0.15 0.16049382716049382
3 0.32708333333333334 0.17530864197530865 0.0875 0.18271604938271604
