1 0.32057291666666665 0.1625 0.08854166666666667 0.1574074074074074
1 0.21940104166666666 0.1388888888888889 0.08151041666666667 0.16018518518518518
1 0.244140625 0.3733796296296296 0.07994791666666666 0.09675925925925925
1 0.629296875 0.6851851851851852 0.04973958333333333 0.10740740740740741
1 0.6604166666666667 0.26805555555555555 0.053125 0.11481481481481481
1 0.54140625 0.5597222222222222 0.04739583333333333 0.075
1 0.06953125 0.805324074074074 0.06927083333333334 0.1050925925925926
3 0.181640625 0.7217592592592592 0.04505208333333333 0.07037037037037037
3 0.130078125 0.9479166666666666 0.03828125 0.07916666666666666
0 0.3477864583333333 0.5921296296296297 0.07005208333333333 0.0787037037037037
0 0.021875 0.17476851851851852 0.043229166666666666 0.17916666666666667
0 0.15520833333333334 0.26875 0.05260416666666667 0.08009259259259259
0 0.36471354166666664 0.8541666666666666 0.055989583333333336 0.1259259259259259
