1 0.14479166666666668 0.5321759259259259 0.059895833333333336 0.08564814814814815
1 0.21966145833333334 0.37754629629629627 0.06536458333333334 0.10231481481481482
1 0.5513020833333333 0.40532407407407406 0.05520833333333333 0.08009259259259259
1 0.47486979166666665 0.6493055555555556 0.055989583333333336 0.08009259259259259
1 0.15221354166666667 0.42430555555555555 0.040364583333333336 0.08564814814814815
3 0.6033854166666667 0.5768518518518518 0.042708333333333334 0.06481481481481481
3 0.35703125 0.35208333333333336 0.04375 0.0375
0 0.178515625 0.6217592592592592 0.06848958333333334 0.058333333333333334
0 0.02578125 0.4981481481481482 0.051041666666666666 0.11481481481481481
0 0.16888020833333334 0.9736111111111111 0.05026041666666667 0.05277777777777778
