1 0.39861111111111114 0.24320987654320989 0.044444444444444446 0.09135802469135802
1 0.44583333333333336 0.27037037037037037 0.05555555555555555 0.09135802469135802
1 0.7715277777777778 0.2938271604938272 0.059722222222222225 0.1037037037037037
1 0.8840277777777777 0.35185185185185186 0.06527777777777778 0.08641975308641975
1 0.9631944444444445 0.3790123456790123 0.07361111111111111 0.14074074074074075
1 0.6298611111111111 0.519753086419753 0.07916666666666666 0.1506172839506173
0 0.5298611111111111 0.7493827160493827 0.09305555555555556 0.15555555555555556
3 0.20069444444444445 0.8395061728395061 0.0875 0.13333333333333333
3 0.6076388888888888 0.9185185185185185 0.06527777777777778 0.1037037037037037
3 0.5430555555555555 0.3148148148148148 0.05 0.08641975308641975
