1 0.809765625 0.4039351851851852 0.05390625 0.08287037037037037
1 0.8140625 0.48564814814814816 0.08229166666666667 0.09814814814814815
1 0.3263020833333333 0.8134259259259259 0.050520833333333334 0.07222222222222222
1 0.425 0.24861111111111112 0.034895833333333334 0.03981481481481482
1 0.32565104166666664 0.25949074074074074 0.02890625 0.04861111111111111
1 0.5932291666666667 0.8375 0.06770833333333333 0.08981481481481482
1 0.7147135416666667 0.8245370370370371 0.04505208333333333 0.058333333333333334
0 0.65 0.4212962962962963 0.028645833333333332 0.026851851851851852
0 0.9143229166666667 0.5668981481481481 0.03697916666666667 0.059722222222222225
0 0.549609375 0.7164351851851852 0.045572916666666664 0.05138888888888889
