1 0.20833333333333334 0.22469135802469137 0.06666666666666667 0.10864197530864197
1 0.23819444444444443 0.391358024691358 0.0625 0.14074074074074075
1 0.04027777777777778 0.49876543209876545 0.07777777777777778 0.18765432098765433
1 0.15555555555555556 0.6493827160493827 0.09444444444444444 0.16296296296296298
1 0.052083333333333336 0.9407407407407408 0.10138888888888889 0.11851851851851852
1 0.10486111111111111 0.48641975308641977 0.08194444444444444 0.11851851851851852
0 0.6506944444444445 0.519753086419753 0.1375 0.22469135802469137
0 0.23680555555555555 0.8432098765432099 0.09583333333333334 0.1506172839506173
0 0.3416666666666667 0.5691358024691358 0.05555555555555555 0.1654320987654321
0 0.3090277777777778 0.7086419753086419 0.05416666666666667 0.1580246913580247
3 0.42916666666666664 0.8049382716049382 0.12222222222222222 0.25679012345679014
3 0.39305555555555555 0.9691358024691358 0.08333333333333333 0.06172839506172839
3 0.37430555555555556 0.49506172839506174 0.05138888888888889 0.10617283950617284
3 0.2263888888888889 0.645679012345679 0.058333333333333334 0.10123456790123457
