1 0.2981770833333333 0.8914351851851852 0.03802083333333333 0.047685185185185185
1 0.5811197916666667 0.06759259259259259 0.026822916666666665 0.046296296296296294
1 0.5368489583333333 0.2835648148148148 0.039322916666666666 0.0625
1 0.5998697916666667 0.3560185185185185 0.038802083333333334 0.07777777777777778
1 0.655078125 0.4078703703703704 0.03515625 0.07407407407407407
1 0.7334635416666667 0.175 0.03307291666666667 0.046296296296296294
1 0.7180989583333334 0.9844907407407407 0.04869791666666667 0.031018518518518518
1 0.7708333333333334 0.9344907407407408 0.04010416666666667 0.08657407407407407
1 0.7796875 0.5872685185185185 0.0296875 0.0625
1 0.6951822916666667 0.38842592592592595 0.032552083333333336 0.06481481481481481
1 0.5850260416666667 0.19467592592592592 0.03463541666666667 0.052314814814814814
1 0.5231770833333333 0.1726851851851852 0.034375 0.04351851851851852
1 0.40455729166666665 0.2039351851851852 0.02109375 0.04861111111111111
1 0.3516927083333333 0.28449074074074077 0.026822916666666665 0.055092592592592596
1 0.13190104166666666 0.9819444444444444 0.04869791666666667 0.03611111111111111
1 0.22096354166666668 0.5298611111111111 0.030989583333333334 0.0625
1 0.21770833333333334 0.6481481481481481 0.028645833333333332 0.049074074074074076
1 0.303515625 0.7319444444444444 0.038802083333333334 0.05648148148148148
1 0.239453125 0.8032407407407407 0.023177083333333334 0.04351851851851852
1 0.17278645833333334 0.7643518518518518 0.03307291666666667 0.046296296296296294
1 0.29440104166666664 0.9675925925925926 0.04296875 0.05740740740740741
