1 0.5608072916666667 0.2747685185185185 0.030989583333333334 0.07268518518518519
1 0.5934895833333333 0.6435185185185185 0.04010416666666667 0.06759259259259259
3 0.867578125 0.37407407407407406 0.05911458333333333 0.11666666666666667
3 0.6928385416666667 0.0738425925925926 0.05703125 0.0763888888888889
1 0.048567708333333334 0.4585648148148148 0.030989583333333334 0.04212962962962963
1 0.7747395833333334 0.19328703703703703 0.0265625 0.047685185185185185
1 0.956640625 0.3891203703703704 0.05130208333333333 0.09675925925925925
1 0.8342447916666667 0.49722222222222223 0.05286458333333333 0.06018518518518518
1 0.7751302083333333 0.3726851851851852 0.04296875 0.0712962962962963
1 0.325 0.20972222222222223 0.028125 0.05
