3 0.35 0.026851851851851852 0.0375 0.05
3 0.21341145833333333 0.44837962962962963 0.03723958333333333 0.0625
1 0.8782552083333334 0.9069444444444444 0.054947916666666666 0.0787037037037037
1 0.54140625 0.6210648148148148 0.03854166666666667 0.05787037037037037
1 0.9186197916666666 0.0787037037037037 0.03463541666666667 0.0712962962962963
1 0.982421875 0.5152777777777777 0.03515625 0.08888888888888889
1 0.9173177083333334 0.33587962962962964 0.05703125 0.0875
1 0.6502604166666667 0.7506944444444444 0.03802083333333333 0.05138888888888889
1 0.6424479166666667 0.6793981481481481 0.0421875 0.06898148148148148
1 0.6033854166666667 0.2013888888888889 0.0359375 0.0787037037037037
1 0.2923177083333333 0.10439814814814814 0.04296875 0.06527777777777778
