1 0.856640625 0.2363425925925926 0.04140625 0.0837962962962963
1 0.5376302083333333 0.03194444444444444 0.06744791666666666 0.06296296296296296
1 0.7166666666666667 0.35532407407407407 0.0484375 0.11157407407407408
1 0.5734375 0.5467592592592593 0.052083333333333336 0.09351851851851851
1 0.5587239583333333 0.9770833333333333 0.06901041666666667 0.04583333333333333
1 0.5548177083333333 0.8219907407407407 0.045572916666666664 0.0587962962962963
1 0.456640625 0.594212962962963 0.04921875 0.05138888888888889
1 0.31197916666666664 0.61875 0.034375 0.07268518518518519
1 0.2923177083333333 0.7381944444444445 0.07942708333333333 0.06620370370370371
1 0.31861979166666665 0.31828703703703703 0.053385416666666664 0.12268518518518519
