1 0.42569444444444443 0.6592592592592592 0.0875 0.13333333333333333
1 0.20625 0.43580246913580245 0.09027777777777778 0.13580246913580246
1 0.23819444444444443 0.9024691358024691 0.10416666666666667 0.19012345679012346
1 0.4354166666666667 0.23703703703703705 0.05694444444444444 0.13333333333333333
1 0.4152777777777778 0.4802469135802469 0.06944444444444445 0.11604938271604938
1 0.9020833333333333 0.9567901234567902 0.12638888888888888 0.08641975308641975
1 0.09444444444444444 0.20493827160493827 0.06388888888888888 0.12839506172839507
1 0.45069444444444445 0.3617283950617284 0.029166666666666667 0.07654320987654321
1 0.5027777777777778 0.8098765432098766 0.07777777777777778 0.13333333333333333
0 0.6180555555555556 0.8580246913580247 0.11944444444444445 0.18518518518518517
3 0.625 0.562962962962963 0.07222222222222222 0.10864197530864197
3 0.9590277777777778 0.445679012345679 0.08194444444444444 0.08641975308641975
