1 0.18263888888888888 0.27037037037037037 0.06527777777777778 0.1111111111111111
1 0.07222222222222222 0.2777777777777778 0.041666666666666664 0.1111111111111111
1 0.79375 0.6691358024691358 0.09305555555555556 0.1728395061728395
1 0.9659722222222222 0.7345679012345679 0.06805555555555555 0.20987654320987653
1 0.7159722222222222 0.20246913580246914 0.05416666666666667 0.11358024691358025
1 0.975 0.3358024691358025 0.05 0.11851851851851852
1 0.3298611111111111 0.5802469135802469 0.059722222222222225 0.11851851851851852
1 0.3375 0.7679012345679013 0.06111111111111111 0.1382716049382716
1 0.3902777777777778 0.9148148148148149 0.06944444444444445 0.145679012345679
1 0.4083333333333333 0.6777777777777778 0.044444444444444446 0.10617283950617284
1 0.6111111111111112 0.5320987654320988 0.03888888888888889 0.0962962962962963
1 0.6951388888888889 0.3765432098765432 0.05138888888888889 0.11604938271604938
1 0.8131944444444444 0.25308641975308643 0.04583333333333333 0.10123456790123457
1 0.8631944444444445 0.45555555555555555 0.05694444444444444 0.12098765432098765
3 0.475 0.7888888888888889 0.075 0.1259259259259259
3 0.4840277777777778 0.05308641975308642 0.0625 0.09135802469135802
3 0.32430555555555557 0.15185185185185185 0.05694444444444444 0.08148148148148149
3 0.5263888888888889 0.3592592592592593 0.05277777777777778 0.08641975308641975
3 0.1284722222222222 0.24444444444444444 0.0625 0.08888888888888889
