1 0.22569444444444445 0.19382716049382717 0.06527777777777778 0.10123456790123457
1 0.21736111111111112 0.6432098765432098 0.12916666666666668 0.21975308641975308
1 0.7951388888888888 0.8345679012345679 0.07083333333333333 0.16296296296296298
0 0.6034722222222222 0.2975308641975309 0.0625 0.09135802469135802
3 0.30486111111111114 0.7160493827160493 0.09861111111111111 0.18765432098765433
3 0.4284722222222222 0.6888888888888889 0.05416666666666667 0.09876543209876543
3 0.6722222222222223 0.4654320987654321 0.06388888888888888 0.10617283950617284
3 0.6604166666666667 0.562962962962963 0.04861111111111111 0.07407407407407407
3 0.5826388888888889 0.4604938271604938 0.05416666666666667 0.07654320987654321
3 0.9118055555555555 0.6395061728395062 0.05416666666666667 0.07901234567901234
