3 0.08125 0.7900462962962963 0.058333333333333334 0.07268518518518519
3 0.562890625 0.8895833333333333 0.037760416666666664 0.04583333333333333
3 0.8088541666666667 0.5074074074074074 0.0515625 0.07777777777777778
1 0.945703125 0.975 0.05078125 0.05
1 0.7743489583333333 0.962037037037037 0.05286458333333333 0.07592592592592592
1 0.6110677083333333 0.2275462962962963 0.038802083333333334 0.05138888888888889
1 0.5196614583333333 0.21828703703703703 0.02890625 0.047685185185185185
1 0.42421875 0.1840277777777778 0.036458333333333336 0.07361111111111111
1 0.21315104166666668 0.7548611111111111 0.04505208333333333 0.0625
1 0.050520833333333334 0.3421296296296296 0.04375 0.05
