1 0.32708333333333334 0.6407407407407407 0.10138888888888889 0.16049382716049382
1 0.09305555555555556 0.08518518518518518 0.044444444444444446 0.07654320987654321
1 0.2423611111111111 0.15555555555555556 0.05416666666666667 0.08395061728395062
0 0.12222222222222222 0.5370370370370371 0.058333333333333334 0.1308641975308642
0 0.10138888888888889 0.4654320987654321 0.12777777777777777 0.1111111111111111
0 0.22291666666666668 0.725925925925926 0.059722222222222225 0.18271604938271604
0 0.2701388888888889 0.662962962962963 0.05138888888888889 0.19506172839506172
0 0.5430555555555555 0.582716049382716 0.1 0.07901234567901234
0 0.34444444444444444 0.4283950617283951 0.08888888888888889 0.08641975308641975
3 0.1763888888888889 0.2765432098765432 0.06666666666666667 0.09876543209876543
