3 0.230078125 0.7289351851851852 0.053385416666666664 0.07268518518518519
3 0.42682291666666666 0.7800925925925926 0.06822916666666666 0.11481481481481481
1 0.9337239583333333 0.737037037037037 0.04921875 0.08888888888888889
1 0.839453125 0.6 0.037760416666666664 0.08518518518518518
1 0.7490885416666667 0.506712962962963 0.05286458333333333 0.08101851851851852
1 0.5734375 0.45416666666666666 0.040625 0.08148148148148149
1 0.29401041666666666 0.7164351851851852 0.0296875 0.04490740740740741
1 0.5157552083333333 0.6831018518518519 0.07473958333333333 0.11157407407407408
1 0.32369791666666664 0.8826388888888889 0.05625 0.10231481481481482
1 0.43893229166666664 0.955787037037037 0.06901041666666667 0.0837962962962963
