1 0.035416666666666666 0.7217592592592592 0.0484375 0.0962962962962963
1 0.08268229166666667 0.7092592592592593 0.05546875 0.10648148148148148
1 0.10260416666666666 0.6530092592592592 0.06041666666666667 0.10138888888888889
3 0.7859375 0.3729166666666667 0.050520833333333334 0.07083333333333333
1 0.9640625 0.9284722222222223 0.071875 0.1337962962962963
1 0.396875 0.6618055555555555 0.12395833333333334 0.2013888888888889
1 0.732421875 0.33912037037037035 0.05078125 0.0837962962962963
3 0.400390625 0.25833333333333336 0.07317708333333334 0.06018518518518518
3 0.49075520833333336 0.13819444444444445 0.05130208333333333 0.09027777777777778
3 0.5161458333333333 0.355787037037037 0.0765625 0.08009259259259259
3 0.7385416666666667 0.6418981481481482 0.0484375 0.10416666666666667
3 0.7634114583333333 0.7831018518518519 0.08151041666666667 0.12361111111111112
3 0.18958333333333333 0.12893518518518518 0.05416666666666667 0.08101851851851852
1 0.8485677083333333 0.24444444444444444 0.05755208333333333 0.06296296296296296
1 0.6666666666666666 0.3060185185185185 0.041666666666666664 0.06018518518518518
1 0.24583333333333332 0.36157407407407405 0.0640625 0.09907407407407408
