3 0.5912760416666667 0.06944444444444445 0.03307291666666667 0.04537037037037037
3 0.080859375 0.9090277777777778 0.06171875 0.10787037037037037
3 0.50546875 0.9469907407407407 0.08802083333333334 0.10601851851851851
3 0.7342447916666667 0.319212962962963 0.05703125 0.06620370370370371
3 0.63359375 0.24768518518518517 0.0515625 0.06388888888888888
3 0.6127604166666667 0.27708333333333335 0.06197916666666667 0.0875
3 0.23190104166666667 0.5016203703703703 0.03307291666666667 0.07361111111111111
1 0.2669270833333333 0.44212962962962965 0.041666666666666664 0.06759259259259259
1 0.3444010416666667 0.30416666666666664 0.03307291666666667 0.05648148148148148
1 0.3397135416666667 0.2710648148148148 0.03515625 0.055092592592592596
1 0.30572916666666666 0.14074074074074075 0.03177083333333333 0.04537037037037037
1 0.431640625 0.11643518518518518 0.02734375 0.038425925925925926
1 0.58359375 0.4023148148148148 0.08802083333333334 0.1425925925925926
1 0.460546875 0.6768518518518518 0.08932291666666667 0.1638888888888889
1 0.5881510416666667 0.6805555555555556 0.10546875 0.2037037037037037
