1 0.2813802083333333 0.6893518518518519 0.09036458333333333 0.1287037037037037
1 0.11184895833333333 0.4791666666666667 0.06744791666666666 0.10648148148148148
1 0.200390625 0.2898148148148148 0.05911458333333333 0.1
1 0.08567708333333333 0.18263888888888888 0.06614583333333333 0.11157407407407408
1 0.15611979166666667 0.06620370370370371 0.05755208333333333 0.08148148148148149
3 0.168359375 0.9731481481481481 0.061197916666666664 0.053703703703703705
3 0.21041666666666667 0.9583333333333334 0.04791666666666667 0.08333333333333333
0 0.7962239583333334 0.23958333333333334 0.12890625 0.18009259259259258
0 0.75703125 0.2738425925925926 0.13229166666666667 0.1439814814814815
1 0.67890625 0.3821759259259259 0.1421875 0.2828703703703704
3 0.019140625 0.6668981481481482 0.03307291666666667 0.07916666666666666
1 0.5234375 0.381712962962963 0.071875 0.13657407407407407
