1 0.336328125 0.6099537037037037 0.046614583333333334 0.05787037037037037
1 0.13125 0.6993055555555555 0.05416666666666667 0.07361111111111111
3 0.7821614583333333 0.4824074074074074 0.04140625 0.06018518518518518
1 0.4700520833333333 0.2965277777777778 0.04375 0.06157407407407407
1 0.78515625 0.5511574074074074 0.03802083333333333 0.0625
1 0.36966145833333336 0.9356481481481481 0.10494791666666667 0.1287037037037037
1 0.201171875 0.8870370370370371 0.07734375 0.12407407407407407
3 0.16002604166666667 0.8421296296296297 0.09505208333333333 0.11388888888888889
3 0.5428385416666667 0.6796296296296296 0.03723958333333333 0.053703703703703705
1 0.16067708333333333 0.7083333333333334 0.06666666666666667 0.0712962962962963
