3 0.59375 0.07152777777777777 0.028125 0.0412037037037037
3 0.08229166666666667 0.9259259259259259 0.06770833333333333 0.1037037037037037
3 0.5069010416666667 0.9506944444444444 0.08515625 0.09861111111111111
3 0.7286458333333333 0.3159722222222222 0.059895833333333336 0.059722222222222225
3 0.6110677083333333 0.274537037037037 0.061197916666666664 0.07777777777777778
3 0.633203125 0.24837962962962962 0.05078125 0.052314814814814814
1 0.42916666666666664 0.11689814814814815 0.028125 0.047685185185185185
1 0.303515625 0.1439814814814815 0.02734375 0.03888888888888889
1 0.339453125 0.26967592592592593 0.03046875 0.047685185185185185
1 0.34466145833333334 0.3071759259259259 0.032552083333333336 0.047685185185185185
1 0.590234375 0.6761574074074074 0.12109375 0.2050925925925926
1 0.45390625 0.6914351851851852 0.084375 0.18009259259259258
1 0.581640625 0.40925925925925927 0.08098958333333334 0.14629629629629629
1 0.26510416666666664 0.4446759259259259 0.0421875 0.0699074074074074
3 0.23177083333333334 0.5074074074074074 0.03177083333333333 0.07777777777777778
