1 0.8563802083333333 0.5261574074074075 0.03515625 0.0625
1 0.4727864583333333 0.5837962962962963 0.032552083333333336 0.05
1 0.19244791666666666 0.34375 0.03177083333333333 0.05324074074074074
1 0.344921875 0.444212962962963 0.045572916666666664 0.09675925925925925
1 0.444140625 0.3280092592592593 0.032552083333333336 0.05324074074074074
1 0.5153645833333333 0.8268518518518518 0.044270833333333336 0.09444444444444444
1 0.7903645833333334 0.4476851851851852 0.046875 0.075
1 0.7865885416666667 0.624537037037037 0.03828125 0.07777777777777778
1 0.823046875 0.8493055555555555 0.05807291666666667 0.1125
1 0.398046875 0.09791666666666667 0.02109375 0.04398148148148148
1 0.4100260416666667 0.26666666666666666 0.02734375 0.0787037037037037
1 0.375 0.0724537037037037 0.018229166666666668 0.03657407407407407
