1 0.3494791666666667 0.48541666666666666 0.028645833333333332 0.04583333333333333
1 0.4811197916666667 0.29953703703703705 0.02109375 0.044444444444444446
1 0.38515625 0.42824074074074076 0.028125 0.04351851851851852
1 0.4348958333333333 0.3861111111111111 0.025 0.05092592592592592
1 0.6375 0.027777777777777776 0.024479166666666666 0.03611111111111111
1 0.6149739583333333 0.06875 0.02578125 0.0412037037037037
1 0.5611979166666666 0.25277777777777777 0.027083333333333334 0.04351851851851852
1 0.6626302083333333 0.2826388888888889 0.04348958333333333 0.07361111111111111
1 0.671484375 0.45740740740740743 0.03411458333333333 0.058333333333333334
1 0.6923177083333333 0.5185185185185185 0.04973958333333333 0.0712962962962963
1 0.687890625 0.6402777777777777 0.055989583333333336 0.09166666666666666
1 0.4688802083333333 0.7523148148148148 0.047135416666666666 0.09814814814814815
1 0.4239583333333333 0.7655092592592593 0.034895833333333334 0.09305555555555556
1 0.38177083333333334 0.743287037037037 0.03177083333333333 0.033796296296296297
1 0.34296875 0.8988425925925926 0.0375 0.08564814814814815
1 0.2765625 0.6391203703703704 0.026041666666666668 0.05787037037037037
1 0.25677083333333334 0.7185185185185186 0.021875 0.04722222222222222
1 0.21354166666666666 0.8171296296296297 0.0171875 0.046296296296296294
