3 0.340625 0.8782407407407408 0.03125 0.04722222222222222
1 0.3416666666666667 0.731712962962963 0.030729166666666665 0.06157407407407407
1 0.4454427083333333 0.9581018518518518 0.05182291666666667 0.0837962962962963
1 0.6377604166666667 0.6155092592592593 0.03333333333333333 0.06620370370370371
1 0.723046875 0.6129629629629629 0.027864583333333335 0.04259259259259259
1 0.812890625 0.5731481481481482 0.038802083333333334 0.05925925925925926
1 0.8696614583333333 0.3962962962962963 0.03828125 0.05185185185185185
1 0.9415364583333333 0.32569444444444445 0.04296875 0.07268518518518519
1 0.9845052083333333 0.3023148148148148 0.030989583333333334 0.06296296296296296
1 0.9654947916666666 0.4842592592592593 0.03619791666666667 0.06574074074074074
1 0.6225260416666667 0.3474537037037037 0.02578125 0.0412037037037037
1 0.6130208333333333 0.29814814814814816 0.024479166666666666 0.03981481481481482
1 0.666015625 0.21041666666666667 0.02734375 0.03657407407407407
1 0.691015625 0.17662037037037037 0.027864583333333335 0.0412037037037037
