1 0.282421875 0.6618055555555555 0.04296875 0.056018518518518516
3 0.26901041666666664 0.8252314814814815 0.07395833333333333 0.09768518518518518
3 0.3475260416666667 0.6837962962962963 0.04765625 0.05277777777777778
3 0.34869791666666666 0.7965277777777777 0.0640625 0.08009259259259259
3 0.3555989583333333 0.8969907407407407 0.061197916666666664 0.09398148148148149
1 0.101953125 0.5199074074074074 0.03515625 0.05277777777777778
1 0.282421875 0.49421296296296297 0.031510416666666666 0.05416666666666667
1 0.7247395833333333 0.531712962962963 0.035416666666666666 0.06620370370370371
1 0.766015625 0.4615740740740741 0.023177083333333334 0.046296296296296294
1 0.8165364583333333 0.5993055555555555 0.031510416666666666 0.04398148148148148
