2 0.40625 0.5180555555555556 0.03177083333333333 0.049074074074074076
2 0.32395833333333335 0.5467592592592593 0.026041666666666668 0.05092592592592592
3 0.269140625 0.5092592592592593 0.04869791666666667 0.04351851851851852
1 0.07877604166666667 0.17291666666666666 0.027864583333333335 0.038425925925925926
1 0.088671875 0.21041666666666667 0.03411458333333333 0.04583333333333333
1 0.14270833333333333 0.09675925925925925 0.0265625 0.04814814814814815
1 0.16822916666666668 0.07615740740740741 0.021875 0.0412037037037037
1 0.19309895833333332 0.08888888888888889 0.02109375 0.04722222222222222
1 0.27486979166666664 0.027777777777777776 0.02109375 0.03888888888888889
1 0.24518229166666666 0.05555555555555555 0.023177083333333334 0.04814814814814815
1 0.323828125 0.20671296296296296 0.029427083333333333 0.060648148148148145
1 0.36614583333333334 0.15300925925925926 0.029166666666666667 0.04953703703703704
1 0.3971354166666667 0.14699074074074073 0.026041666666666668 0.04953703703703704
1 0.38580729166666666 0.22939814814814816 0.03463541666666667 0.05694444444444444
1 0.2830729166666667 0.33449074074074076 0.030729166666666665 0.06435185185185185
1 0.44505208333333335 0.45 0.06197916666666667 0.06296296296296296
1 0.282421875 0.9599537037037037 0.07838541666666667 0.08009259259259259
