1 0.7634114583333333 0.07916666666666666 0.03671875 0.06666666666666667
1 0.8506510416666667 0.1439814814814815 0.032552083333333336 0.058333333333333334
1 0.7955729166666666 0.16527777777777777 0.035416666666666666 0.05925925925925926
1 0.9765625 0.4465277777777778 0.04479166666666667 0.07731481481481481
1 0.884375 0.5581018518518519 0.0375 0.05324074074074074
1 0.624609375 0.9513888888888888 0.061197916666666664 0.09722222222222222
1 0.5451822916666667 0.9666666666666667 0.06067708333333333 0.06666666666666667
1 0.28541666666666665 0.9641203703703703 0.0515625 0.07175925925925926
1 0.24453125 0.6439814814814815 0.057291666666666664 0.10185185185185185
1 0.18971354166666668 0.63125 0.047135416666666666 0.10787037037037037
1 0.4583333333333333 0.11666666666666667 0.04479166666666667 0.08333333333333333
1 0.11145833333333334 0.30995370370370373 0.059375 0.10416666666666667
3 0.29830729166666664 0.029861111111111113 0.04765625 0.0587962962962963
3 0.616796875 0.034027777777777775 0.04973958333333333 0.06712962962962964
3 0.7540364583333333 0.44351851851851853 0.029947916666666668 0.05185185185185185
3 0.6811197916666667 0.4375 0.04348958333333333 0.06944444444444445
3 0.5513020833333333 0.3662037037037037 0.0375 0.0712962962962963
