1 0.029036458333333334 0.6680555555555555 0.05286458333333333 0.0962962962962963
3 0.2838541666666667 0.5560185185185185 0.03854166666666667 0.05
1 0.314453125 0.5828703703703704 0.039322916666666666 0.0787037037037037
1 0.4231770833333333 0.5217592592592593 0.044270833333333336 0.07592592592592592
3 0.45091145833333335 0.5030092592592592 0.026822916666666665 0.04398148148148148
3 0.676171875 0.5435185185185185 0.029427083333333333 0.05277777777777778
3 0.6263020833333334 0.5136574074074074 0.052083333333333336 0.047685185185185185
3 0.6368489583333333 0.5706018518518519 0.05078125 0.06157407407407407
1 0.5938802083333333 0.8891203703703704 0.06484375 0.1125
3 0.7630208333333334 0.7335648148148148 0.04739583333333333 0.08009259259259259
3 0.36796875 0.444212962962963 0.040625 0.03657407407407407
