3 0.3346354166666667 0.7599537037037037 0.04010416666666667 0.052314814814814814
2 0.4725260416666667 0.73125 0.02734375 0.047685185185185185
2 0.39544270833333334 0.775 0.029427083333333333 0.05277777777777778
1 0.477734375 0.6525462962962963 0.05651041666666667 0.07268518518518519
1 0.2557291666666667 0.507175925925926 0.03333333333333333 0.04861111111111111
1 0.27317708333333335 0.36365740740740743 0.026041666666666668 0.059722222222222225
1 0.3358072916666667 0.2759259259259259 0.029947916666666668 0.06018518518518518
1 0.3078125 0.2965277777777778 0.035416666666666666 0.056018518518518516
1 0.013151041666666667 0.4303240740740741 0.02578125 0.05694444444444444
1 0.048828125 0.28125 0.027864583333333335 0.04490740740740741
1 0.07200520833333333 0.24444444444444444 0.025260416666666667 0.03425925925925926
1 0.10625 0.25578703703703703 0.028645833333333332 0.04490740740740741
1 0.15950520833333334 0.19652777777777777 0.02578125 0.0375
1 0.180859375 0.15833333333333333 0.029427083333333333 0.03888888888888889
