3 0.6686197916666666 0.4516203703703704 0.03671875 0.0412037037037037
3 0.6182291666666667 0.5597222222222222 0.05 0.04259259259259259
1 0.4203125 0.41782407407407407 0.030208333333333334 0.06157407407407407
1 0.7524739583333333 0.6717592592592593 0.061197916666666664 0.1037037037037037
1 0.194140625 0.5048611111111111 0.05755208333333333 0.0875
3 0.35494791666666664 0.868287037037037 0.05416666666666667 0.06620370370370371
3 0.03828125 0.5018518518518519 0.0515625 0.053703703703703705
1 0.17799479166666668 0.037731481481481484 0.029427083333333333 0.0412037037037037
1 0.28763020833333336 0.04375 0.030989583333333334 0.04398148148148148
1 0.22721354166666666 0.0375 0.02109375 0.024074074074074074
1 0.2891927083333333 0.0962962962962963 0.029427083333333333 0.046296296296296294
1 0.33346354166666664 0.1400462962962963 0.030989583333333334 0.0412037037037037
1 0.34153645833333335 0.18078703703703702 0.02890625 0.034722222222222224
1 0.42213541666666665 0.22314814814814815 0.018229166666666668 0.05
1 0.4510416666666667 0.1550925925925926 0.018229166666666668 0.04351851851851852
1 0.37083333333333335 0.05555555555555555 0.023958333333333335 0.032407407407407406
