1 0.9838541666666667 0.36550925925925926 0.03229166666666667 0.060648148148148145
1 0.9486979166666667 0.4375 0.026041666666666668 0.05
1 0.868359375 0.5097222222222222 0.020572916666666666 0.04351851851851852
1 0.9716145833333333 0.9393518518518519 0.05677083333333333 0.12129629629629629
1 0.9889322916666666 0.8583333333333333 0.022135416666666668 0.075
1 0.8220052083333333 0.7631944444444444 0.039322916666666666 0.06435185185185185
1 0.8959635416666667 0.8333333333333334 0.04973958333333333 0.0787037037037037
1 0.515625 0.8629629629629629 0.03125 0.05092592592592592
1 0.504296875 0.8238425925925926 0.027864583333333335 0.04490740740740741
1 0.4203125 0.9231481481481482 0.03125 0.05925925925925926
