1 0.20846354166666667 0.06157407407407407 0.039322916666666666 0.0824074074074074
3 0.5809895833333333 0.5585648148148148 0.017708333333333333 0.04490740740740741
2 0.9326822916666667 0.7553240740740741 0.06484375 0.08935185185185185
3 0.5795572916666667 0.6622685185185185 0.04765625 0.08472222222222223
1 0.555078125 0.8006944444444445 0.04348958333333333 0.08101851851851852
1 0.634765625 0.9351851851851852 0.04921875 0.0787037037037037
1 0.5993489583333333 0.8696759259259259 0.04244791666666667 0.09583333333333334
1 0.8529947916666667 0.29050925925925924 0.04973958333333333 0.09675925925925925
1 0.8740885416666667 0.6777777777777778 0.05234375 0.09166666666666666
1 0.5135416666666667 0.024305555555555556 0.04375 0.047685185185185185
1 0.4791666666666667 0.4201388888888889 0.041666666666666664 0.08472222222222223
1 0.5013020833333334 0.49745370370370373 0.03958333333333333 0.0699074074074074
1 0.3328125 0.49189814814814814 0.044270833333333336 0.08101851851851852
1 0.384765625 0.18935185185185185 0.04088541666666667 0.09074074074074075
1 0.24388020833333332 0.475 0.029947916666666668 0.05925925925925926
1 0.13216145833333334 0.4895833333333333 0.04348958333333333 0.07361111111111111
