1 0.031510416666666666 0.6048611111111111 0.05625 0.10231481481481482
3 0.30221354166666664 0.3997685185185185 0.04140625 0.047685185185185185
1 0.7169270833333333 0.9502314814814815 0.09583333333333334 0.09953703703703703
1 0.7264322916666667 0.6291666666666667 0.07526041666666666 0.13148148148148148
1 0.34270833333333334 0.39791666666666664 0.052083333333333336 0.08657407407407407
1 0.462890625 0.2747685185185185 0.05911458333333333 0.1050925925925926
3 0.7623697916666666 0.21828703703703703 0.03723958333333333 0.04490740740740741
3 0.7028645833333333 0.20208333333333334 0.06614583333333333 0.04490740740740741
3 0.728515625 0.23842592592592593 0.07526041666666666 0.05740740740740741
3 0.9045572916666667 0.3840277777777778 0.05546875 0.07361111111111111
1 0.9319010416666667 0.7206018518518519 0.07526041666666666 0.11898148148148148
