1 0.6377604166666667 0.2814814814814815 0.0203125 0.04351851851851852
1 0.5143229166666666 0.3034722222222222 0.018229166666666668 0.052314814814814814
1 0.11484375 0.4979166666666667 0.026041666666666668 0.03657407407407407
1 0.17591145833333333 0.5148148148148148 0.02109375 0.04259259259259259
1 0.17057291666666666 0.45092592592592595 0.0234375 0.03981481481481482
1 0.19270833333333334 0.4479166666666667 0.022395833333333334 0.029166666666666667
1 0.25494791666666666 0.5055555555555555 0.021875 0.03888888888888889
1 0.06848958333333334 0.5863425925925926 0.034375 0.03009259259259259
1 0.083984375 0.6111111111111112 0.038802083333333334 0.04259259259259259
1 0.041796875 0.8775462962962963 0.07526041666666666 0.09027777777777778
1 0.17799479166666668 0.600462962962963 0.025260416666666667 0.03611111111111111
1 0.2701822916666667 0.6060185185185185 0.025260416666666667 0.032407407407407406
1 0.28072916666666664 0.6388888888888888 0.033854166666666664 0.05
1 0.36484375 0.3648148148148148 0.021875 0.032407407407407406
1 0.39674479166666665 0.2796296296296296 0.02109375 0.02962962962962963
1 0.43125 0.2671296296296296 0.019791666666666666 0.025
1 0.3516927083333333 0.3053240740740741 0.02109375 0.02361111111111111
1 0.4915364583333333 0.8319444444444445 0.04140625 0.06111111111111111
1 0.395703125 0.8701388888888889 0.03723958333333333 0.07731481481481481
1 0.34479166666666666 0.7092592592592593 0.023958333333333335 0.05648148148148148
1 0.6557291666666667 0.9064814814814814 0.050520833333333334 0.07777777777777778
1 0.7145833333333333 0.48171296296296295 0.03177083333333333 0.06620370370370371
1 0.6983072916666667 0.6081018518518518 0.02890625 0.05138888888888889
1 0.5513020833333333 0.5979166666666667 0.026041666666666668 0.0412037037037037
1 0.7514322916666667 0.3541666666666667 0.030989583333333334 0.053703703703703705
1 0.80703125 0.48171296296296295 0.03229166666666667 0.056018518518518516
1 0.8985677083333333 0.6574074074074074 0.054947916666666666 0.0824074074074074
