1 0.7166666666666667 0.07569444444444444 0.025 0.03009259259259259
1 0.7045572916666667 0.11041666666666666 0.026302083333333334 0.04861111111111111
1 0.67109375 0.17777777777777778 0.025 0.05277777777777778
1 0.5966145833333333 0.24976851851851853 0.028125 0.043055555555555555
1 0.566015625 0.2988425925925926 0.026302083333333334 0.04398148148148148
1 0.4876302083333333 0.4599537037037037 0.023697916666666666 0.04027777777777778
1 0.47578125 0.5305555555555556 0.025520833333333333 0.04537037037037037
1 0.4278645833333333 0.6377314814814815 0.017708333333333333 0.03657407407407407
1 0.7600260416666667 0.5064814814814815 0.06484375 0.09444444444444444
1 0.70234375 0.5432870370370371 0.043229166666666666 0.09861111111111111
1 0.5919270833333333 0.9416666666666667 0.051041666666666666 0.11203703703703703
1 0.49765625 0.9712962962962963 0.04375 0.05740740740740741
1 0.6020833333333333 0.6854166666666667 0.04739583333333333 0.0912037037037037
