1 0.5227864583333334 0.950925925925926 0.10390625 0.09814814814814815
3 0.534765625 0.305787037037037 0.07421875 0.11435185185185186
3 0.5307291666666667 0.3962962962962963 0.03125 0.05277777777777778
3 0.5610677083333333 0.40185185185185185 0.02734375 0.058333333333333334
3 0.8966145833333333 0.25300925925925927 0.0546875 0.09490740740740741
1 0.19856770833333334 0.8946759259259259 0.13046875 0.21064814814814814
1 0.46197916666666666 0.2671296296296296 0.08072916666666667 0.13518518518518519
1 0.5138020833333333 0.13773148148148148 0.06875 0.1310185185185185
1 0.6044270833333333 0.32037037037037036 0.08697916666666666 0.1527777777777778
1 0.6044270833333333 0.06365740740740741 0.05416666666666667 0.10416666666666667
1 0.70859375 0.08888888888888889 0.051041666666666666 0.08796296296296297
