1 0.8430989583333334 0.9539351851851852 0.07890625 0.09212962962962963
3 0.85859375 0.8055555555555556 0.0734375 0.08888888888888889
1 0.40091145833333336 0.7643518518518518 0.03411458333333333 0.06296296296296296
1 0.7247395833333333 0.624537037037037 0.04791666666666667 0.0962962962962963
1 0.56875 0.6805555555555556 0.036458333333333336 0.06388888888888888
1 0.7313802083333333 0.3074074074074074 0.03203125 0.05555555555555555
1 0.7122395833333334 0.524074074074074 0.030729166666666665 0.0712962962962963
1 0.6270833333333333 0.43449074074074073 0.034375 0.052314814814814814
1 0.6908854166666667 0.34097222222222223 0.028125 0.06342592592592593
1 0.58046875 0.13032407407407406 0.021354166666666667 0.04861111111111111
1 0.559375 0.17430555555555555 0.025 0.033796296296296297
1 0.4727864583333333 0.23194444444444445 0.020052083333333335 0.03333333333333333
1 0.49778645833333335 0.24097222222222223 0.019010416666666665 0.03194444444444444
1 0.4510416666666667 0.262037037037037 0.025 0.03796296296296296
1 0.38919270833333336 0.38634259259259257 0.026822916666666665 0.04027777777777778
1 0.3938802083333333 0.4326388888888889 0.023697916666666666 0.04861111111111111
