3 0.25481770833333334 0.44513888888888886 0.054947916666666666 0.09490740740740741
1 0.45338541666666665 0.08402777777777778 0.04791666666666667 0.07824074074074074
1 0.49388020833333335 0.8902777777777777 0.03984375 0.06759259259259259
1 0.183984375 0.5041666666666667 0.04453125 0.07685185185185185
1 0.2625 0.5208333333333334 0.05416666666666667 0.0712962962962963
1 0.4315104166666667 0.20902777777777778 0.04583333333333333 0.0699074074074074
1 0.4890625 0.36365740740740743 0.051041666666666666 0.08101851851851852
1 0.2520833333333333 0.34097222222222223 0.049479166666666664 0.07731481481481481
1 0.11458333333333333 0.93125 0.06041666666666667 0.09398148148148149
1 0.059895833333333336 0.6414351851851852 0.044270833333333336 0.06805555555555555
1 0.09674479166666666 0.5236111111111111 0.04244791666666667 0.075
1 0.07994791666666666 0.4078703703703704 0.0421875 0.06574074074074074
