3 0.9680989583333334 0.5956018518518519 0.04921875 0.08842592592592592
1 0.24713541666666666 0.4615740740740741 0.03333333333333333 0.04351851851851852
1 0.23723958333333334 0.38981481481481484 0.0265625 0.03981481481481482
1 0.24635416666666668 0.788425925925926 0.029166666666666667 0.044444444444444446
1 0.4212239583333333 0.5166666666666667 0.03463541666666667 0.05
1 0.9752604166666666 0.9296296296296296 0.03697916666666667 0.07592592592592592
1 0.8950520833333333 0.8622685185185185 0.040625 0.08101851851851852
1 0.931640625 0.8166666666666667 0.03463541666666667 0.06388888888888888
1 0.7891927083333333 0.6958333333333333 0.03828125 0.06388888888888888
1 0.6270833333333333 0.5303240740740741 0.03177083333333333 0.05694444444444444
1 0.094921875 0.662962962962963 0.037760416666666664 0.05740740740740741
