1 0.40078125 0.4074074074074074 0.033854166666666664 0.0712962962962963
1 0.1375 0.6388888888888888 0.025520833333333333 0.040740740740740744
1 0.5096354166666667 0.638425925925926 0.04375 0.06851851851851852
1 0.509375 0.42800925925925926 0.046875 0.07361111111111111
1 0.581640625 0.47476851851851853 0.04921875 0.09305555555555556
1 0.601171875 0.3421296296296296 0.04453125 0.07037037037037037
1 0.5040364583333333 0.09212962962962963 0.03463541666666667 0.07037037037037037
1 0.30703125 0.39861111111111114 0.0390625 0.06481481481481481
1 0.36106770833333335 0.38310185185185186 0.03828125 0.07453703703703704
1 0.4278645833333333 0.3548611111111111 0.05677083333333333 0.07916666666666666
