1 0.6287760416666667 0.7131944444444445 0.037760416666666664 0.06435185185185185
3 0.36575520833333336 0.8363425925925926 0.06744791666666666 0.07453703703703704
3 0.220703125 0.8118055555555556 0.037760416666666664 0.056018518518518516
1 0.5596354166666667 0.42106481481481484 0.05 0.07916666666666666
1 0.6611979166666667 0.5972222222222222 0.04479166666666667 0.07222222222222222
1 0.7046875 0.9541666666666667 0.0796875 0.09166666666666666
1 0.9485677083333334 0.4534722222222222 0.07578125 0.10972222222222222
3 0.94609375 0.7844907407407408 0.07239583333333334 0.1050925925925926
1 0.335546875 0.6594907407407408 0.045572916666666664 0.06527777777777778
2 0.41640625 0.687962962962963 0.03697916666666667 0.03796296296296296
