1 0.46015625 0.95625 0.0515625 0.0875
1 0.8479166666666667 0.9069444444444444 0.0390625 0.06481481481481481
1 0.6084635416666667 0.6550925925925926 0.05286458333333333 0.09537037037037037
1 0.6333333333333333 0.5625 0.05416666666666667 0.08333333333333333
1 0.6158854166666666 0.46550925925925923 0.05416666666666667 0.08564814814814815
1 0.5192708333333333 0.4550925925925926 0.04375 0.07592592592592592
1 0.28489583333333335 0.3819444444444444 0.034895833333333334 0.06574074074074074
1 0.07174479166666667 0.8039351851851851 0.04348958333333333 0.06620370370370371
1 0.12643229166666667 0.4837962962962963 0.03515625 0.05925925925925926
3 0.5483072916666667 0.04513888888888889 0.023697916666666666 0.07361111111111111
3 0.8514322916666667 0.544212962962963 0.023177083333333334 0.0763888888888889
3 0.48411458333333335 0.5368055555555555 0.04114583333333333 0.0699074074074074
3 0.16822916666666668 0.580787037037037 0.0359375 0.055092592592592596
