2 0.6391927083333333 0.7055555555555556 0.02890625 0.06111111111111111
3 0.32473958333333336 0.7081018518518518 0.034375 0.0587962962962963
3 0.6213541666666667 0.9275462962962963 0.036458333333333336 0.07268518518518519
3 0.279296875 0.3263888888888889 0.04505208333333333 0.046296296296296294
1 0.353125 0.7129629629629629 0.03229166666666667 0.053703703703703705
1 0.2908854166666667 0.7006944444444444 0.04583333333333333 0.0587962962962963
1 0.6044270833333333 0.5636574074074074 0.03958333333333333 0.05787037037037037
1 0.5029947916666667 0.4449074074074074 0.030989583333333334 0.05740740740740741
1 0.38033854166666664 0.5173611111111112 0.03723958333333333 0.05787037037037037
1 0.331640625 0.53125 0.02890625 0.047685185185185185
1 0.27369791666666665 0.5460648148148148 0.03802083333333333 0.0625
1 0.292578125 0.49236111111111114 0.03515625 0.047685185185185185
1 0.16236979166666668 0.5342592592592592 0.03515625 0.05648148148148148
1 0.45794270833333334 0.06365740740740741 0.030989583333333334 0.0587962962962963
