3 0.22786458333333334 0.9701388888888889 0.04375 0.059722222222222225
3 0.20442708333333334 0.8451388888888889 0.05 0.055092592592592596
3 0.16328125 0.8712962962962963 0.040625 0.06296296296296296
3 0.17434895833333333 0.9481481481481482 0.03515625 0.046296296296296294
1 0.6403645833333333 0.5467592592592593 0.022395833333333334 0.041666666666666664
1 0.60234375 0.5875 0.028125 0.05277777777777778
1 0.5265625 0.5900462962962963 0.030208333333333334 0.055092592592592596
1 0.55 0.5048611111111111 0.026041666666666668 0.050462962962962966
1 0.48346354166666666 0.46041666666666664 0.02109375 0.04398148148148148
1 0.4654947916666667 0.5722222222222222 0.02734375 0.04259259259259259
1 0.430859375 0.5155092592592593 0.023177083333333334 0.0412037037037037
1 0.24309895833333334 0.6599537037037037 0.023177083333333334 0.04490740740740741
1 0.13190104166666666 0.6356481481481482 0.02734375 0.03611111111111111
1 0.15325520833333334 0.9793981481481482 0.03515625 0.0412037037037037
