1 0.18111979166666667 0.8763888888888889 0.06380208333333333 0.08796296296296297
1 0.8084635416666667 0.6731481481481482 0.053385416666666664 0.06388888888888888
1 0.48020833333333335 0.9752314814814815 0.041666666666666664 0.04953703703703704
1 0.9552083333333333 0.39351851851851855 0.04010416666666667 0.06018518518518518
1 0.8346354166666666 0.4986111111111111 0.0421875 0.07037037037037037
1 0.3977864583333333 0.29791666666666666 0.04296875 0.06620370370370371
1 0.7255208333333333 0.10902777777777778 0.033854166666666664 0.0587962962962963
1 0.6294270833333333 0.4671296296296296 0.04583333333333333 0.06759259259259259
3 0.123046875 0.17962962962962964 0.04244791666666667 0.07037037037037037
3 0.180078125 0.16203703703703703 0.03671875 0.06481481481481481
3 0.3260416666666667 0.45601851851851855 0.041666666666666664 0.07222222222222222
3 0.12096354166666666 0.96875 0.06484375 0.0625
1 0.07799479166666666 0.9351851851851852 0.053385416666666664 0.0824074074074074
1 0.31484375 0.8289351851851852 0.04583333333333333 0.08287037037037037
1 0.25390625 0.76875 0.052083333333333336 0.08009259259259259
1 0.2359375 0.6555555555555556 0.05 0.06388888888888888
1 0.07942708333333333 0.512962962962963 0.049479166666666664 0.07407407407407407
