1 0.955859375 0.8175925925925925 0.05130208333333333 0.075
1 0.78671875 0.7194444444444444 0.036458333333333336 0.06111111111111111
1 0.7546875 0.6199074074074075 0.0359375 0.07037037037037037
1 0.8247395833333333 0.4148148148148148 0.028125 0.05
1 0.7923177083333334 0.37546296296296294 0.025260416666666667 0.05648148148148148
1 0.7578125 0.33287037037037037 0.03958333333333333 0.03611111111111111
1 0.7796875 0.19722222222222222 0.0296875 0.05740740740740741
1 0.7736979166666667 0.06712962962962964 0.027604166666666666 0.06018518518518518
1 0.7177083333333333 0.0375 0.036458333333333336 0.07407407407407407
1 0.5395833333333333 0.02824074074074074 0.0421875 0.05555555555555555
1 0.475390625 0.45717592592592593 0.05703125 0.1125
1 0.26875 0.6956018518518519 0.09427083333333333 0.16620370370370371
1 0.038802083333333334 0.34282407407407406 0.07708333333333334 0.15138888888888888
