1 0.06315104166666667 0.8775462962962963 0.028385416666666666 0.055092592592592596
1 0.8052083333333333 0.9083333333333333 0.04010416666666667 0.053703703703703705
1 0.48190104166666664 0.9513888888888888 0.04505208333333333 0.08518518518518518
1 0.457421875 0.3071759259259259 0.04505208333333333 0.09027777777777778
1 0.5924479166666666 0.5909722222222222 0.04479166666666667 0.055092592592592596
1 0.5740885416666667 0.75 0.05078125 0.09537037037037037
1 0.47630208333333335 0.7087962962962963 0.052083333333333336 0.07037037037037037
1 0.36028645833333334 0.6298611111111111 0.04505208333333333 0.07268518518518519
1 0.2716145833333333 0.6805555555555556 0.03802083333333333 0.06851851851851852
1 0.19309895833333332 0.7074074074074074 0.03723958333333333 0.07777777777777778
