2 0.72890625 0.6497685185185185 0.03229166666666667 0.03935185185185185
1 0.5428385416666667 0.8965277777777778 0.07005208333333333 0.1125
1 0.26588541666666665 0.7189814814814814 0.04010416666666667 0.058333333333333334
1 0.6088541666666667 0.7129629629629629 0.04895833333333333 0.07685185185185185
1 0.5787760416666666 0.6222222222222222 0.03203125 0.05555555555555555
1 0.6057291666666667 0.5831018518518518 0.030208333333333334 0.04398148148148148
1 0.5981770833333333 0.5314814814814814 0.028645833333333332 0.05092592592592592
1 0.7552083333333334 0.55 0.04010416666666667 0.058333333333333334
1 0.7384114583333333 0.4527777777777778 0.03307291666666667 0.058333333333333334
3 0.7341145833333333 0.5282407407407408 0.04375 0.05092592592592592
3 0.4317708333333333 0.6699074074074074 0.051041666666666666 0.05092592592592592
