3 0.5384114583333334 0.38125 0.055989583333333336 0.06712962962962964
1 0.32200520833333335 0.25555555555555554 0.017447916666666667 0.03518518518518519
1 0.37578125 0.3236111111111111 0.025520833333333333 0.03518518518518519
1 0.291015625 0.31550925925925927 0.021614583333333333 0.034722222222222224
1 0.018880208333333332 0.9141203703703704 0.03723958333333333 0.07083333333333333
1 0.184375 0.9731481481481481 0.04739583333333333 0.053703703703703705
3 0.29856770833333335 0.4372685185185185 0.04973958333333333 0.03564814814814815
3 0.2532552083333333 0.4900462962962963 0.05546875 0.08472222222222223
1 0.21171875 0.5083333333333333 0.042708333333333334 0.05740740740740741
1 0.883984375 0.8708333333333333 0.06015625 0.08703703703703704
1 0.8592447916666667 0.5622685185185186 0.08828125 0.13194444444444445
1 0.67109375 0.3675925925925926 0.06875 0.07777777777777778
1 0.7369791666666666 0.35694444444444445 0.04791666666666667 0.08333333333333333
1 0.6005208333333333 0.38819444444444445 0.06510416666666667 0.0625
1 0.6985677083333334 0.4287037037037037 0.04088541666666667 0.05092592592592592
1 0.38138020833333336 0.462037037037037 0.03671875 0.04814814814814815
1 0.4529947916666667 0.44513888888888886 0.04869791666666667 0.0625
1 0.49388020833333335 0.5650462962962963 0.06796875 0.10694444444444444
1 0.5799479166666667 0.6194444444444445 0.084375 0.11851851851851852
