1 0.2994791666666667 0.9787037037037037 0.07395833333333333 0.04259259259259259
3 0.4147135416666667 0.9594907407407407 0.027864583333333335 0.059722222222222225
1 0.287109375 0.6203703703703703 0.03411458333333333 0.05185185185185185
1 0.375 0.7201388888888889 0.043229166666666666 0.08009259259259259
1 0.40208333333333335 0.6895833333333333 0.04010416666666667 0.07361111111111111
1 0.47018229166666664 0.5824074074074074 0.03515625 0.05925925925925926
1 0.40716145833333334 0.49212962962962964 0.03463541666666667 0.04537037037037037
1 0.6046875 0.7011574074074074 0.04895833333333333 0.0875
1 0.21302083333333333 0.9685185185185186 0.06145833333333333 0.06296296296296296
3 0.5119791666666667 0.4798611111111111 0.021875 0.03287037037037037
