1 0.2716145833333333 0.7425925925925926 0.05364583333333333 0.08333333333333333
1 0.9885416666666667 0.34120370370370373 0.022916666666666665 0.08796296296296297
1 0.8020833333333334 0.40185185185185185 0.0625 0.08333333333333333
1 0.7182291666666667 0.5509259259259259 0.058333333333333334 0.08888888888888889
1 0.6255208333333333 0.7828703703703703 0.059375 0.08981481481481482
1 0.6765625 0.6916666666666667 0.06041666666666667 0.07962962962962963
1 0.5182291666666666 0.5675925925925925 0.065625 0.11666666666666667
1 0.32786458333333335 0.7675925925925926 0.07760416666666667 0.11481481481481481
3 0.8700520833333333 0.46064814814814814 0.043229166666666666 0.058333333333333334
3 0.7963541666666667 0.5231481481481481 0.06875 0.10185185185185185
3 0.7302083333333333 0.39166666666666666 0.03958333333333333 0.09259259259259259
3 0.5377604166666666 0.9634259259259259 0.05677083333333333 0.07314814814814814
3 0.50625 0.6361111111111111 0.05625 0.07407407407407407
3 0.30234375 0.6828703703703703 0.0703125 0.08981481481481482
