1 0.48385416666666664 0.9694444444444444 0.0875 0.06111111111111111
1 0.7220052083333334 0.7400462962962963 0.05859375 0.08101851851851852
1 0.353125 0.7222222222222222 0.053125 0.09907407407407408
1 0.09466145833333334 0.7395833333333334 0.06640625 0.08842592592592592
1 0.12721354166666668 0.9331018518518519 0.09244791666666667 0.1337962962962963
1 0.20403645833333334 0.8784722222222222 0.07213541666666666 0.12453703703703704
1 0.37213541666666666 0.5541666666666667 0.035416666666666666 0.046296296296296294
1 0.42994791666666665 0.5511574074074074 0.030208333333333334 0.0412037037037037
1 0.432421875 0.5173611111111112 0.023177083333333334 0.04027777777777778
1 0.7466145833333333 0.3678240740740741 0.028645833333333332 0.04861111111111111
1 0.7872395833333333 0.3587962962962963 0.028645833333333332 0.041666666666666664
3 0.33489583333333334 0.5287037037037037 0.03333333333333333 0.03888888888888889
3 0.5865885416666666 0.5509259259259259 0.04088541666666667 0.05740740740740741
1 0.7651041666666667 0.5381944444444444 0.042708333333333334 0.04953703703703704
